4
0.00732013 90.0406 -90.0217 178.662 89.9696
0.0358273 96.1427 -96.3075 178.711 89.9384
0.121902 90.5089 -96.6865 147.537 90.0063
-0.112622 90.4756 -84.4224 127.487 90.138
-0.106711 90.5058 -84.3246 127.156 90.0093
-0.118514 90.5091 -84.3213 126.814 89.9755
-0.122243 90.5003 -84.3029 126.507 89.9602
-0.126204 90.4902 -84.2833 126.209 89.9492
-0.127304 90.478 -84.2634 125.941 89.9399
-0.123804 90.4653 -84.242 125.664 89.9359
-0.12326 90.4526 -84.2242 125.404 89.9374
-0.12474 90.4325 -84.1987 125.19 89.9444
-0.119175 90.4162 -84.1722 124.937 89.9403
-0.119582 90.4031 -84.1504 124.753 89.945
-0.119576 90.3879 -84.1239 124.554 89.9525
-0.115895 90.3732 -84.0978 124.378 89.9557
-0.112702 90.3552 -84.0757 124.18 89.9644
-0.109425 90.3455 -84.054 124 89.9682
-0.108014 90.3274 -84.0228 123.839 89.9644
-0.107306 90.3153 -84.0038 123.665 89.9656
-0.107771 90.3002 -83.9793 123.499 89.9739
-0.10427 90.2887 -83.9575 123.344 89.9674
-0.101905 90.2766 -83.9375 123.198 89.967
-0.0951264 90.266 -83.9167 123.055 89.9703
-0.0963041 90.2523 -83.8989 122.917 89.9778
-0.098258 90.237 -83.8715 122.779 89.9882
-0.0939495 90.2273 -83.8541 122.649 89.9951
-0.0910468 90.2142 -83.8325 122.526 89.9987
-0.0855205 90.2038 -83.8154 122.399 89.9986
-0.0838596 90.1988 -83.8024 122.28 90.0072
-0.0825959 90.1859 -83.7873 122.146 90.0106
-0.0798409 90.1766 -83.7659 122.028 90.005
-0.0774451 90.1692 -83.7498 121.925 90.006
-0.0743473 90.1638 -83.7341 121.809 90.011
-0.0734097 90.157 -83.7198 121.718 90.0121
-1.77647 88.9151 -86.1126 122.264 85.3556
4.93557 90.4274 -102.839 167.264 85.0447
-18.861 90.3042 -86.5365 155.155 108.783
-55.7546 90.8211 -67.7048 149.876 145.671
-53.3325 45.8211 -22.7048 154.487 143.388
-71.6251 89.9097 -67.7048 155.857 155.158
-68.3637 44.9097 -22.7048 110.857 160.625
-48.2578 -0.090253 22.2952 155.857 185.479
-15.5618 44.9097 -22.7048 200.857 140.479
9.68323 89.9097 -67.7048 194.457 95.479
-35.3168 44.9097 -68.1862 201.306 113.295
9.68323 -0.090253 -23.1862 156.306 68.2948
51.5371 -45.0903 21.8138 111.615 23.2948
69.2755 -85 66.8138 117.551 -21.7052
78.3383 -85 111.814 117.357 -66.7052
33.3383 -85 156.814 91.699 -21.7052
-11.6617 -40 111.814 76.3524 -59.9916
-56.6617 5 66.8138 87.0893 -14.9916
-101.662 50 21.8138 99.85 30.0084
-146.662 95 -23.1862 102.283 75.0084
-191.662 140 -68.1862 102.354 120.008
-215.302 179.476 -113.186 102.011 165.008
-215.283 179.492 -158.186 101.577 210.008
-215.274 179.52 -175 101.358 214.975
-215.273 179.543 -175 101.186 214.954
-215.269 179.558 -175 101.021 214.964
-215.259 179.581 -175 100.906 215.01
-215.252 179.608 -175 100.694 215.032
-215.244 179.632 -175 100.572 215.044
-215.236 179.654 -175 100.476 215.079
-215.23 179.67 -175 100.392 215.074
-215.229 179.679 -175 100.32 215.109
-215.225 179.692 -175 100.256 215.152
-215.23 179.717 -175 100.241 215.206
-215.231 179.752 -175 100.191 215.235
-215.226 179.777 -175 100.118 215.252
-215.219 179.798 -175 100.097 215.271
-215.22 179.816 -175 100.058 215.305
-215.222 179.834 -175 99.9955 215.326
-215.223 179.851 -175 99.9653 215.362
-215.223 179.867 -175 99.9393 215.377
-215.217 179.856 -175 99.9293 215.486
-215.212 179.872 -175 99.9125 215.519
-215.211 179.901 -175 99.8686 215.569
-214.991 179.365 -175 110.81 216.826
-213.354 177.27 -175 107.259 229.102
-213.829 179.167 -175 116.193 274.102
-210.043 176.027 -175 115.573 229.102
-191.714 131.027 -130 155.028 184.102
-185.522 86.0266 -85 114.989 146.423
-196.385 41.0266 -40 105.763 101.423
-187.307 -3.97343 5 114.297 56.4234
-180.595 -48.9734 50 115.941 35.3207
-181.247 -85 95 115.575 35.3603
-186.311 -85 140 103.781 67.4447
-178.067 -85 175 103.341 69.3795
-171.714 -85 166.068 104.771 66.8224
-173.441 -85 157.499 104.887 66.8683
-170.221 -85 138.856 112.247 38.8305
-175.111 -85 143.041 107.243 54.4704
-134.87 -85 108.489 122.565 26.0772
-131.946 -68.7662 100.04 102.229 71.0772
-127.604 -66.2799 96.4428 102.453 79.661
-101.316 -60.171 61.5239 105.846 50.6259
-56.3158 -85 106.524 150.846 5.62589
-101.316 -72.3908 95.905 126.191 30.0655
-138.827 -85 107.596 115.809 29.8549
-125.973 -85 91.885 111.511 35.9292
-125.522 -85 92.6628 112.502 35.3707
-125.506 -85 92.2238 112.2 35.3945
-125.525 -85 91.8253 111.928 35.3883
-125.536 -85 91.4655 111.689 35.3865
-125.541 -85 91.1264 111.438 35.393
-125.545 -85 90.8933 111.271 35.3997
-125.545 -85 90.6872 111.12 35.3793
-125.546 -85 90.5051 110.995 35.3826
-125.548 -85 90.3239 110.859 35.3752
-125.545 -85 90.1703 110.742 35.3621
-125.543 -85 90.0161 110.634 35.347
-125.539 -85 89.8865 110.547 35.3344
-125.543 -85 89.7679 110.454 35.3227
-125.54 -85 89.6516 110.366 35.3174
-125.544 -85 89.5528 110.299 35.3004
-125.547 -85 89.459 110.225 35.3
-125.541 -85 89.3515 110.145 35.2912
-125.538 -85 89.2595 110.079 35.2871
-125.534 -85 89.1724 110.017 35.2594
-125.533 -85 89.0994 109.961 35.258
-125.535 -85 89.0222 109.908 35.2459
-125.543 -85 88.9534 109.86 35.2432
-125.539 -85 88.8822 109.797 35.2565
-125.536 -85 88.812 109.756 35.2558
-125.534 -85 88.7544 109.719 35.2492
-125.538 -85 88.7052 109.676 35.2358
-125.531 -85 88.6614 109.641 35.2294
-125.53 -85 88.6051 109.599 35.2147
-125.529 -85 88.5476 109.549 35.2207
-125.523 -85 88.4869 109.515 35.1889
-125.519 -85 88.4332 109.474 35.1843
-125.521 -85 88.3879 109.44 35.1773
-125.522 -85 88.3509 109.411 35.1669
-125.521 -85 88.3076 109.386 35.1547
-125.518 -85 88.2631 109.353 35.1538
-125.516 -85 88.2167 109.32 35.1652
-125.513 -85 88.1762 109.301 35.1504
-125.514 -85 88.1271 109.277 35.1457
-125.508 -85 88.0836 109.25 35.159
-125.506 -85 88.0444 109.219 35.1591
-125.509 -85 88.0181 109.192 35.1584
-125.503 -85 87.9874 109.171 35.1568
-125.501 -85 87.965 109.151 35.1426
-125.499 -85 87.9343 109.127 35.1302
-125.5 -85 87.9041 109.108 35.1317
-125.493 -85 87.8781 109.083 35.1344
-125.495 -85 87.8492 109.065 35.149
-125.489 -85 87.8266 109.04 35.131
-125.486 -85 87.7999 109.026 35.1326
-125.483 -85 87.7749 109.012 35.1182
-125.483 -85 87.746 108.997 35.111
-125.492 -85 87.73 108.98 35.1066
-125.493 -85 87.7003 108.958 35.0941
-125.495 -85 87.6808 108.946 35.1061
-125.49 -85 87.6666 108.925 35.1115
-125.492 -85 87.6417 108.917 35.1062
-125.495 -85 87.6309 108.9 35.0956
-125.496 -85 87.6127 108.882 35.1131
-125.497 -85 87.589 108.872 35.1032
-125.501 -85 87.5709 108.861 35.1101
-125.496 -85 87.5475 108.846 35.1096
-125.492 -85 87.5261 108.833 35.1185
-125.492 -85 87.5134 108.823 35.127
-125.495 -85 87.4885 108.812 35.1137
-125.494 -85 87.4709 108.803 35.0902
-125.488 -85 87.4584 108.787 35.0953
-125.488 -85 87.4468 108.778 35.0971
-125.488 -85 87.4368 108.775 35.0773
-125.486 -85 87.4254 108.762 35.0667
-125.492 -85 87.4102 108.753 35.0868
-125.488 -85 87.4036 108.746 35.0791
-125.488 -85 87.3899 108.738 35.0551
-125.481 -85 87.3935 108.727 35.0463
-125.484 -85 87.3984 108.716 35.0425
-125.485 -85 87.4041 108.704 35.0363
-125.487 -85 87.3641 108.696 35.0034
-125.491 -85 87.3523 108.681 34.9892
-125.486 -85 87.3382 108.67 34.9874
-125.519 -85 87.5914 108.358 34.9874
-110.193 -85 120.358 75.4919 19.649
-110.023 -85 120.182 75.605 19.4835
-109.992 -85 120.122 75.6407 19.4527
-110.012 -85 120.079 75.6588 19.4855
-110.055 -85 120.036 75.6799 19.5021
-110.129 -85 119.986 75.6972 19.5714
-110.18 -85 119.954 75.7019 19.6204
-110.239 -85 119.911 75.7194 19.6821
-110.311 -85 119.863 75.7516 19.7349
-110.379 -85 119.815 75.7689 19.7967
-110.448 -85 119.771 75.7869 19.8548
-110.504 -85 119.734 75.8035 19.891
-110.562 -85 119.699 75.8194 19.928
-110.624 -85 119.655 75.8387 19.9827
-110.692 -85 119.607 75.8705 20.0514
-110.759 -85 119.567 75.8911 20.1065
-110.824 -85 119.517 75.9143 20.1564
-110.885 -85 119.48 75.9339 20.2176
-110.945 -85 119.443 75.9563 20.2965
-110.985 -85 119.421 75.9566 20.345
-111.028 -85 119.391 75.9655 20.3902
-111.09 -85 119.352 75.9874 20.4512
-111.149 -85 119.316 76.007 20.5114
-111.203 -85 119.283 76.0283 20.5476
-111.26 -85 119.253 76.0442 20.5953
-111.321 -85 119.213 76.0729 20.6488
-111.367 -85 119.18 76.0915 20.6973
-111.405 -85 119.161 76.1023 20.7034
-111.456 -85 119.13 76.1175 20.7683
-111.505 -85 119.101 76.1319 20.7949
-111.546 -85 119.074 76.1394 20.84
-111.587 -85 119.028 76.1519 20.9109
-111.638 -85 118.997 76.1714 20.9635
-111.689 -85 118.973 76.1854 20.9778
-111.721 -85 118.948 76.1894 21.0202
-111.762 -85 118.924 76.2041 21.064
-111.804 -85 118.889 76.21 21.1164
-111.834 -85 118.869 76.2244 21.1401
-111.87 -85 118.841 76.2354 21.1841
-111.909 -85 118.811 76.2438 21.2353
-111.945 -85 118.791 76.2624 21.265
-111.985 -85 118.762 76.2761 21.3119
-112.014 -85 118.734 76.2871 21.3618
-112.048 -85 118.701 76.3069 21.3976
-112.089 -85 118.68 76.3225 21.4472
-112.123 -85 118.663 76.3412 21.4775
-112.16 -85 118.643 84.53 66.4775
-112.191 -85 118.652 129.53 111.478
-112.22 -85 118.616 125.862 156.478
-112.247 -85 118.601 80.8618 135.427
-112.268 -85 118.588 111.028 102.029
-112.298 -85 118.57 156.028 112.773
-112.325 -85 118.548 161.186 71.9399
-112.35 -85 118.519 185.095 58.6291
-112.373 -85 118.501 184.967 63.1614
-112.402 -85 118.488 186.167 65.8422
-112.42 -85 118.468 188.719 81.9242
-112.453 -85 118.442 192.271 66.8987
-112.471 -85 118.422 180.271 66.1879
-112.497 -85 118.414 184.094 63.3991
-112.522 -85 118.389 186.447 64.9447
-112.55 -85 118.366 184.6 64.3438
-112.578 -85 118.34 184.769 64.4615
-112.6 -85 118.332 185.974 65.3248
-112.624 -85 118.315 187.168 65.7599
-112.642 -85 118.287 187.992 66.0173
-112.738 -85 118.218 199.27 79.984
-112.753 -85 118.204 170.612 124.984
-112.769 -85 118.188 125.612 162.317
-112.777 -85 118.183 117.503 163.139
-112.789 -85 118.186 119.723 158.089
-112.804 -85 118.161 118.296 158.187
-112.816 -85 118.149 118.296 158.103
-112.834 -85 118.137 118.302 158.148
-112.857 -85 118.132 118.301 158.184
-112.876 -85 118.123 118.323 158.218
-112.893 -85 118.109 118.347 158.25
-112.915 -85 118.097 118.479 158.238
-112.933 -85 118.087 118.652 158.311
-112.945 -85 118.074 118.508 158.343
-112.954 -85 118.069 118.786 158.195
-112.973 -85 118.063 119.737 157.89
-112.983 -85 118.048 118.815 158.098
-112.992 -85 118.028 120.893 158.959
-113.014 -85 118.006 120.654 159.181
-113.032 -85 117.998 120.69 159.231
-113.036 -85 118 120.868 159.242
-113.058 -85 117.984 122.109 159.092
-113.068 -85 117.959 120.955 159.447
-111.222 -85 114.49 124.442 157.644
-107.955 -85 69.49 169.442 154.399
-118.502 -85 36.5188 202.457 164.961
-73.5017 -85 62.3595 176.628 119.988
-64.1789 -85 42.5051 196.493 110.681
-33.3097 -85 61.1595 177.89 79.7574
-39.0404 -85 58.3831 180.715 85.6522
-40.8543 -85 59.1793 180.588 86.5247
-42.1035 -85 59.9952 180.395 87.1182
-41.4585 -85 59.4189 180.032 87.6342
-41.473 -85 59.4426 179.976 87.7226
-86.473 -85 96.6989 181.641 57.4679
-118.281 -85 141.699 181.572 88.0087
-163.281 -85 175 181.759 78.99
-175.232 -85 175 181.731 88.9156
-172.853 -85 175 181.75 89.0717
-173.557 -85 175 181.727 88.9999
-173.841 -85 175 181.77 88.9928
-173.88 -85 175 181.767 88.9997
-173.902 -85 175 181.762 89.0004
-173.918 -85 175 181.762 89.0027
-173.932 -85 175 181.759 89.0067
-173.942 -85 175 181.759 89.0051
-173.951 -85 175 181.757 89.0053
-173.959 -85 175 181.759 89.014
-173.961 -85 175 181.765 89.0153
-173.964 -85 175 181.771 89.0208
-173.963 -85 175 181.774 89.025
-173.967 -85 175 181.777 89.0277
-173.97 -85 175 181.778 89.0262
-173.948 -85 175 181.79 89.0098
-173.799 -85 175 181.796 88.9737
-173.486 -85 175 181.837 88.9208
-173.875 -85 175 181.834 88.9728
-173.881 -85 175 181.817 88.9731
-173.892 -85 175 181.81 88.9803
-173.893 -40 130 181.803 88.9827
-173.897 -35.4785 85 181.806 88.9838
-173.875 -47.0867 82.4386 181.796 88.9779
-173.872 -45.0464 80.4229 181.786 88.9699
-173.815 -45.0718 80.5451 181.764 88.9457
-173.788 -46.7703 82.3687 181.729 88.9228
-173.801 -49.1555 84.8214 181.702 88.92
-173.846 -48.0644 83.5622 181.745 88.942
-173.883 -47.4556 82.8246 181.778 88.9494
-173.854 -47.7012 83.1596 181.749 88.942
-173.872 -47.4275 82.8328 181.76 88.9493
-173.888 -47.282 82.6595 181.762 88.9519
-173.895 -47.2573 82.6411 181.756 88.961
-173.902 -47.2302 82.6151 181.759 88.9711
-173.9 -47.1988 82.5852 181.755 88.9766
-173.843 -47.3979 82.8629 181.733 88.9657
-173.87 -47.2901 82.7367 181.748 88.9775
-173.879 -47.2678 82.7189 181.746 88.9803
-173.88 -47.2378 82.6895 181.75 88.988
-173.88 -47.2127 82.6679 181.748 88.9962
-173.885 -47.1852 82.642 181.75 89.0027
-173.891 -47.1654 82.6263 181.745 89.008
-173.896 -47.1365 82.593 181.746 89.0074
-173.9 -47.1027 82.5597 181.746 89.0091
-173.898 -47.0735 82.5335 181.746 89.0057
-173.905 -47.0439 82.5022 181.743 89.0091
-173.908 -47.0307 82.4974 181.74 89.0128
-173.911 -47.0056 82.473 181.743 89.0112
-173.914 -46.9747 82.4377 181.747 89.0013
-173.919 -46.9523 82.4193 181.743 89.0025
-173.925 -46.9388 82.4058 181.747 89.0023
-173.924 -46.9158 82.3843 181.748 88.997
-173.926 -46.884 82.3527 181.749 88.9944
-173.929 -46.8585 82.3269 181.75 88.9938
-173.962 -46.6455 82.0356 181.761 88.9893
-173.96 -46.6265 82.026 181.763 88.9867
-173.957 -46.5951 81.9922 181.765 88.9802
-173.957 -46.5723 81.9666 181.766 88.984
-173.959 -46.545 81.9401 181.766 88.9838
-173.957 -46.5159 81.9051 181.77 88.9784
-173.96 -46.4983 81.8833 181.772 88.9802
-173.958 -46.4712 81.8541 181.775 88.98
-173.963 -46.4436 81.8259 181.771 88.9765
-173.966 -46.4138 81.7987 181.769 88.9749
-173.973 -46.3894 81.7753 181.765 88.9782
-173.975 -46.3644 81.7519 181.763 88.9729
-173.981 -46.3395 81.7254 181.759 88.9729
-173.986 -46.3125 81.6986 181.762 88.9729
-173.986 -46.283 81.6683 181.763 88.9726
-173.986 -46.256 81.6487 181.757 88.9681
-173.984 -46.2198 81.6132 181.751 88.9691
-173.988 -46.1961 81.5957 181.75 88.9709
-173.987 -46.1739 81.5794 181.748 88.9701
-173.99 -46.1524 81.5571 181.75 88.9641
-173.993 -46.1249 81.5319 181.751 88.9671
-173.989 -46.1012 81.5096 181.746 88.9608
-173.992 -46.0682 81.4767 181.745 88.9645
-173.994 -46.04 81.4438 181.748 88.9618
-174.001 -46.0158 81.4183 181.745 88.9618
-173.997 -45.9852 81.3809 181.752 88.959
-173.995 -45.9628 81.3629 181.748 88.9584
-173.996 -45.9359 81.3343 181.745 88.9596
-173.992 -45.9045 81.3063 181.737 88.9564
-173.996 -45.8793 81.2804 181.738 88.9636
-173.991 -45.8556 81.2568 181.739 88.9547
-173.987 -45.8265 81.2235 181.736 88.9495
-173.987 -45.7962 81.1926 181.735 88.948
-173.986 -45.7739 81.1733 181.733 88.9516
-173.986 -45.7466 81.1438 181.732 88.9444
-173.983 -45.7216 81.1208 181.729 88.9442
-173.98 -45.6949 81.0973 181.729 88.9472
-173.976 -45.6631 81.0667 181.727 88.9453
-173.978 -45.6394 81.0429 181.725 88.9433
-173.982 -45.61 81.0156 181.72 88.9435
-173.983 -45.5837 80.9912 181.716 88.9429
-173.983 -45.5593 80.9653 181.718 88.9465
-173.983 -45.5338 80.9404 181.719 88.9442
-173.983 -45.5141 80.9249 181.717 88.9401
-173.988 -45.492 80.9041 181.713 88.9379
-173.989 -45.4688 80.8845 181.712 88.9382
-173.988 -45.4402 80.8558 181.711 88.9337
-173.986 -45.4156 80.8273 181.711 88.9332
-173.985 -45.3904 80.8043 181.71 88.943
-173.985 -45.368 80.7828 181.711 88.9384
-173.984 -45.342 80.7512 181.715 88.9432
-173.985 -45.3144 80.7232 181.719 88.9456
-173.983 -45.2847 80.6894 181.72 88.9463
-173.984 -45.2585 80.6622 181.719 88.9468
-173.99 -45.2338 80.6403 181.714 88.9518
-173.989 -45.211 80.6207 181.712 88.957
-173.987 -45.1844 80.5952 181.713 88.9613
-173.984 -45.1593 80.5737 181.709 88.9653
-173.987 -45.1327 80.5485 181.705 88.9694
-173.984 -45.1053 80.5234 181.702 88.9701
-173.975 -45.0866 80.5015 181.706 88.9682
-173.969 -45.0571 80.4664 181.712 88.9628
-173.974 -45.03 80.4407 181.71 88.9644
-173.981 -45.0064 80.4199 181.707 88.9651
-173.984 -44.9757 80.3918 181.706 88.9751
-173.985 -44.9523 80.3626 181.712 88.9804
-173.984 -44.9308 80.3388 181.715 88.9805
-173.984 -44.9022 80.3101 181.714 88.9817
-173.989 -44.8782 80.2866 181.714 88.9816
-173.989 -44.8578 80.2629 181.714 88.9818
-173.989 -44.8413 80.244 181.716 88.9773
-173.987 -44.8132 80.2234 181.709 88.9732
-173.988 -44.7846 80.1939 181.71 88.9737
-173.991 -44.7675 80.1768 181.71 88.9749
-173.99 -44.7399 80.1505 181.708 88.979
-173.993 -44.7111 80.1211 181.704 88.9773
-173.992 -44.6755 80.0874 181.703 88.9828
-173.994 -44.6511 80.0632 181.7 88.9846
-173.999 -44.6267 80.0379 181.701 88.9894
-174.001 -44.5997 80.0126 181.698 88.9894
-174.004 -44.5775 79.9951 181.695 88.9938
-174.003 -44.5526 79.97 181.695 88.9963
-174.002 -44.5276 79.9414 181.696 88.998
-174.003 -44.5063 79.9211 181.694 88.993
-174.005 -44.4797 79.8958 181.691 88.9939
-174.003 -44.4523 79.8668 181.692 88.9916
-174 -44.421 79.8374 181.689 88.9842
-174.006 -44.4015 79.8187 181.686 88.9853
-173.999 -44.3731 79.795 181.681 88.9857
-173.997 -44.3439 79.768 181.678 88.9898
-173.993 -44.3169 79.7451 181.673 88.9852
-173.992 -44.2956 79.731 181.672 88.9832
-173.989 -44.2702 79.7009 181.677 88.9785
-173.984 -44.2393 79.6707 181.675 88.977
-173.978 -44.2089 79.6415 181.675 88.9803
-173.979 -44.1858 79.6231 181.669 88.9874
-173.98 -44.159 79.6015 181.668 88.9917
-173.98 -44.1317 79.5762 181.666 88.9865
-173.979 -44.1014 79.5465 181.664 88.9905
-173.979 -44.0757 79.518 181.665 88.9866
-173.979 -44.0514 79.4943 181.662 88.9899
-173.977 -44.0194 79.4606 181.663 88.9898
-173.969 -43.9956 79.4393 181.66 88.9901
-173.967 -43.9672 79.4123 181.657 88.99
-173.967 -43.9362 79.382 181.654 88.9883
-173.965 -43.9054 79.3481 181.657 88.9881
-173.971 -43.8828 79.3237 181.656 88.9901
-173.97 -43.8603 79.3005 181.656 88.991
-173.969 -43.8339 79.2799 181.654 88.9898
-173.975 -43.8065 79.2521 181.653 88.9969
-173.975 -43.7817 79.2279 181.653 88.9976
-173.974 -43.7619 79.2122 181.65 88.9984
-173.978 -43.7399 79.188 181.654 89.0075
-173.979 -43.7157 79.1713 181.651 89.01
-173.981 -43.696 79.1543 181.649 89.0126
-173.977 -43.6703 79.1319 181.649 89.0105
-173.976 -43.6459 79.1086 181.649 89.0146
-173.973 -43.626 79.0923 181.646 89.0152
-173.975 -43.6008 79.0659 181.651 89.0172
-173.981 -43.5811 79.0456 181.655 89.0241
-173.979 -43.5518 79.0187 181.653 89.0243
-173.979 -43.5291 78.9984 181.65 89.0297
-173.981 -43.5074 78.9786 181.648 89.0287
-173.981 -43.4795 78.9504 181.647 89.0309
-173.983 -43.4541 78.9275 181.646 89.0315
-173.983 -43.4268 78.9022 181.644 89.0313
-173.98 -43.4013 78.8804 181.643 89.0261
-173.98 -43.375 78.8536 181.642 89.0246
-173.981 -43.3535 78.8279 181.643 89.0266
-173.98 -43.3304 78.8058 181.639 89.0223
-173.982 -43.3025 78.7766 181.641 89.0279
-173.975 -43.2754 78.7478 181.642 89.0209
-173.973 -43.2549 78.7291 181.639 89.0221
-173.98 -43.2386 78.7161 181.636 89.0242
-173.979 -43.2078 78.682 181.639 89.024
-173.977 -43.1883 78.6662 181.634 89.0241
-173.97 -43.1664 78.6472 181.636 89.0204
-173.976 -43.14 78.617 181.637 89.0236
-173.973 -43.1093 78.5869 181.638 89.0261
-173.968 -43.0889 78.5642 181.636 89.0254
-173.964 -43.0698 78.5443 181.637 89.0242
-173.955 -43.0374 78.5128 181.641 89.0184
-173.957 -43.016 78.491 181.643 89.0177
-173.958 -42.9888 78.4631 181.641 89.0142
-173.96 -42.9738 78.4454 181.64 89.0171
-173.964 -42.9495 78.4194 181.643 89.0189
-173.972 -42.9255 78.3979 181.642 89.0296
-173.975 -42.9065 78.3766 181.642 89.0335
-173.972 -42.8874 78.3556 181.642 89.0319
-173.977 -42.8681 78.3375 181.64 89.0371
-173.982 -42.8382 78.3063 181.638 89.0426
-173.983 -42.8121 78.2834 181.639 89.0405
-173.978 -42.7885 78.2595 181.637 89.0389
-173.976 -42.7634 78.2318 181.637 89.0382
-173.983 -42.7339 78.2033 181.631 89.0414
-173.985 -42.7129 78.1821 181.631 89.0387
-173.988 -42.688 78.1561 181.631 89.0423
-173.991 -42.672 78.1442 181.628 89.0367
-173.987 -42.6428 78.1141 181.627 89.0292
-173.991 -42.615 78.088 181.626 89.0278
-173.995 -42.5905 78.0721 181.619 89.0316
-173.996 -42.5649 78.0473 181.619 89.0294
-174.002 -42.5429 78.0292 181.613 89.0321
-174.001 -42.5193 78.0021 181.621 89.0377
-173.998 -42.4934 77.9785 181.618 89.0393
-174.001 -42.4631 77.9432 181.616 89.0393
-174 -42.4396 77.9251 181.615 89.0346
-174.001 -42.413 77.898 181.612 89.0296
-174.001 -42.3867 77.8724 181.611 89.0259
-173.998 -42.3585 77.8449 181.609 89.0263
-173.994 -42.3344 77.8238 181.606 89.0235
-173.99 -42.308 77.8003 181.601 89.0296
-173.991 -42.2821 77.7731 181.604 89.0228
-173.99 -42.2642 77.7576 181.603 89.0183
-173.998 -42.2452 77.741 181.601 89.0187
-174.002 -42.2227 77.7198 181.602 89.0149
-174.002 -42.2002 77.6984 181.599 89.0094
-174 -42.1765 77.6718 181.598 89.0043
-173.998 -42.1543 77.6429 181.607 89.0005
-173.999 -42.1323 77.6229 181.605 89.0021
-174.002 -42.111 77.5976 181.605 89.0055
-174.003 -42.085 77.5673 181.611 89.0001
-174.006 -42.0638 77.546 181.608 88.9981
-174.005 -42.0383 77.5167 181.612 88.9963
-174.003 -42.0206 77.504 181.612 88.994
-173.998 -42.0028 77.4918 181.613 88.9883
-173.996 -41.9802 77.4696 181.613 88.9944
-174 -41.9583 77.4453 181.615 88.9938
-173.996 -41.9385 77.4217 181.618 88.9884
-174.005 -41.9192 77.403 181.621 88.9918
-174.012 -41.9013 77.3874 181.617 88.99
-174.017 -41.8806 77.3638 181.621 88.9987
-174.016 -41.8575 77.3321 181.625 88.9955
-174.014 -41.8358 77.3118 181.625 89.0007
-174.015 -41.8101 77.2842 181.625 89.0024
-174.019 -41.7969 77.2767 181.622 89.0057
-174.022 -41.7853 77.2685 181.622 89.0074
-174.025 -41.7555 77.2398 181.619 89.0081
-174.026 -41.7272 77.2091 181.62 89.0063
-174.026 -41.7039 77.1862 181.625 89.0058
-174.021 -41.6792 77.1662 181.618 89.0042
-174.021 -41.6505 77.1359 181.62 89.0032
-174.024 -41.6247 77.1079 181.618 89.0025
-174.021 -41.5963 77.072 181.62 89.0041
-174.02 -41.5799 77.0551 181.621 89.0074
-174.022 -41.5608 77.0385 181.623 89.0127
-174.025 -41.5309 77.0106 181.616 89.0126
-174.027 -41.5036 76.9875 181.612 89.0087
-174.026 -41.4791 76.9643 181.611 89.0128
-174.027 -41.4592 76.9541 181.607 89.0163
-174.029 -41.435 76.9297 181.607 89.0174
-174.031 -41.4138 76.9095 181.605 89.02
-174.037 -41.3873 76.8825 181.607 89.0224
-174.042 -41.3684 76.8655 181.609 89.0234
-174.04 -41.3436 76.8369 181.615 89.0176
-174.043 -41.3201 76.8141 181.613 89.0187
-174.045 -41.2934 76.789 181.616 89.0187
-174.045 -41.2638 76.7571 181.621 89.0139
-174.046 -41.2328 76.7259 181.619 89.0141
-174.049 -41.2069 76.7017 181.62 89.0134
-174.045 -41.1794 76.6772 181.619 89.0115
-174.043 -41.1524 76.6496 181.615 89.0103
-174.044 -41.1274 76.631 181.61 89.0142
-174.046 -41.0997 76.6064 181.606 89.0159
-174.042 -41.0743 76.5763 181.612 89.0142
-174.043 -41.0457 76.5485 181.613 89.0107
-174.045 -41.0173 76.5198 181.613 89.0055
-174.046 -40.9878 76.4867 181.613 89.0059
-174.042 -40.964 76.4618 181.614 88.9996
-174.046 -40.9397 76.4366 181.613 89.0032
-174.049 -40.9205 76.4195 181.609 89.001
-174.038 -40.8911 76.3871 181.612 88.9987
-174.035 -40.8681 76.3627 181.611 88.9959
-174.036 -40.8445 76.3396 181.605 88.9956
-174.034 -40.8177 76.3157 181.604 88.9962
-174.035 -40.7934 76.2892 181.605 88.9986
-174.039 -40.7771 76.2759 181.602 88.9989
-174.04 -40.7556 76.2517 181.607 89.0069
-174.04 -40.7392 76.2438 181.599 89.0087
-174.042 -40.7207 76.2241 181.598 89.003
-174.042 -40.6971 76.2047 181.595 88.9997
-174.048 -40.6757 76.1811 181.595 88.9996
-174.05 -40.6501 76.1582 181.59 88.9938
-174.05 -40.6176 76.1227 181.586 88.9865
-174.052 -40.6005 76.107 181.588 88.9953
-174.051 -40.5803 76.0838 181.591 88.9984
-174.054 -40.5594 76.0624 181.591 88.9964
-174.054 -40.5307 76.0328 181.589 88.9936
-174.047 -40.5103 76.0127 181.589 88.9914
-174.05 -40.4894 75.9933 181.584 88.9952
-174.05 -40.4724 75.9808 181.583 88.9913
-174.047 -40.4426 75.9516 181.581 88.9907
-174.046 -40.4252 75.9365 181.58 88.9857
-174.046 -40.401 75.9134 181.579 88.9864
-174.047 -40.3706 75.8821 181.58 88.9909
-174.048 -40.3497 75.8586 181.584 88.9909
-174.047 -40.3259 75.8318 181.586 88.9895
-174.042 -40.3073 75.8147 181.585 88.9822
-174.042 -40.2876 75.8005 181.581 88.9768
-174.04 -40.2639 75.7816 181.58 88.9757
-174.037 -40.2473 75.7648 181.575 88.9733
-174.041 -40.228 75.748 181.577 88.9684
-174.046 -40.2035 75.7276 181.576 88.9652
-174.04 -40.176 75.7012 181.576 88.9591
-174.042 -40.1526 75.6822 181.578 88.9618
-174.041 -40.1298 75.6622 181.578 88.9577
-174.039 -40.1031 75.6344 181.578 88.9569
-174.038 -40.0749 75.608 181.577 88.9565
-174.041 -40.0517 75.5875 181.574 88.9548
-174.034 -40.0272 75.5642 181.571 88.9491
-174.036 -39.9986 75.5349 181.572 88.9453
-174.035 -39.9757 75.515 181.571 88.9392
-174.038 -39.9519 75.489 181.573 88.9438
-174.036 -39.9264 75.4654 181.57 88.9418
-174.037 -39.8959 75.4363 181.569 88.939
-174.037 -39.8685 75.41 181.566 88.9391
-174.034 -39.8424 75.3805 181.568 88.9324
-174.034 -39.8176 75.3577 181.567 88.931
-174.031 -39.7907 75.3309 181.569 88.9294
-174.027 -39.7627 75.3021 181.567 88.9254
-174.022 -39.7339 75.2761 181.563 88.9157
-174.021 -39.7071 75.2471 181.563 88.9135
-174.024 -39.6789 75.2157 181.56 88.913
-174.021 -39.6517 75.1821 181.557 88.9169
-174.02 -39.6315 75.1584 181.559 88.9199
-174.021 -39.6049 75.1305 181.562 88.9216
-174.024 -39.5869 75.1113 181.563 88.919
-174.025 -39.5619 75.0849 181.567 88.9201
-174.025 -39.543 75.0647 181.568 88.9147
-174.03 -39.5227 75.0486 181.565 88.9146
-174.034 -39.4983 75.024 181.561 88.9142
-174.039 -39.4731 75.0027 181.56 88.9167
-174.038 -39.444 74.98 181.558 88.9155
-174.039 -39.4173 74.9535 181.556 88.9143
-174.041 -39.3982 74.9362 181.555 88.9142
-174.042 -39.3764 74.9138 181.555 88.9106
-174.048 -39.3578 74.8974 181.551 88.9057
-174.049 -39.334 74.8734 181.55 88.8998
-174.052 -39.3111 74.8498 181.548 88.9006
-174.049 -39.2904 74.8298 181.549 88.8939
-174.05 -39.2756 74.8181 181.547 88.8967
-174.052 -39.2577 74.8017 181.544 88.9008
-174.053 -39.2333 74.7737 181.549 88.8996
-174.053 -39.2081 74.7489 181.544 88.8989
-174.049 -39.1851 74.7243 181.543 88.8995
-174.051 -39.1675 74.7106 181.54 88.8988
-174.051 -39.1479 74.6949 181.536 88.89
-174.049 -39.1298 74.6773 181.538 88.8828
-174.055 -39.1099 74.6571 181.542 88.881
-174.055 -39.0934 74.6361 181.546 88.8766
-174.058 -39.0695 74.6116 181.544 88.8736
-174.055 -39.0497 74.592 181.542 88.8717
-174.057 -39.0308 74.5715 181.543 88.8686
-174.058 -39.009 74.5476 181.546 88.8693
-174.055 -38.9846 74.5217 181.546 88.8606
-174.053 -38.9566 74.4913 181.547 88.8649
-174.056 -38.9368 74.4733 181.546 88.8634
-174.058 -38.9148 74.4524 181.544 88.8626
-174.063 -38.8942 74.4343 181.548 88.8632
-174.065 -38.8722 74.4119 181.549 88.8632
-174.061 -38.8487 74.392 181.549 88.8572
-174.058 -38.83 74.3753 181.548 88.856
-174.054 -38.8049 74.3504 181.551 88.8594
-174.057 -38.7834 74.3248 181.555 88.8653
-174.054 -38.7615 74.3033 181.557 88.8625
-174.058 -38.7404 74.2808 181.557 88.8659
-174.058 -38.7188 74.2597 181.561 88.8615
-174.054 -38.6917 74.2342 181.563 88.8589
-174.051 -38.6731 74.2174 181.564 88.8611
-174.049 -38.6486 74.1889 181.571 88.857
-174.047 -38.6283 74.1722 181.572 88.8582
-174.049 -38.6053 74.145 181.576 88.8622
-174.053 -38.584 74.1244 181.577 88.8597
-174.054 -38.5615 74.0999 181.58 88.8595
-174.062 -38.5422 74.0828 181.581 88.8556
-174.064 -38.5236 74.0673 181.579 88.8643
-174.068 -38.4969 74.0384 181.585 88.8667
-174.063 -38.4755 74.0166 181.587 88.8666
-174.065 -38.4537 73.997 181.583 88.8682
-174.064 -38.431 73.974 181.586 88.8692
-174.068 -38.4045 73.9454 181.584 88.8748
-174.068 -38.3852 73.9242 181.585 88.8735
-174.07 -38.3608 73.8944 181.588 88.8719
-174.075 -38.3386 73.8751 181.583 88.8712
-174.077 -38.3131 73.8501 181.583 88.8687
-174.073 -38.2866 73.8244 181.583 88.8731
-174.074 -38.267 73.8066 181.584 88.8741
-174.073 -38.2429 73.7834 181.583 88.8739
-174.076 -38.2208 73.7604 181.58 88.8814
-174.071 -38.1932 73.7319 181.581 88.874
-174.071 -38.1741 73.7136 181.575 88.8757
-174.073 -38.152 73.6937 181.576 88.8773
-174.078 -38.1334 73.6813 181.572 88.8756
-174.078 -38.1128 73.6578 181.572 88.8803
-174.08 -38.0893 73.6413 181.567 88.8789
-174.085 -38.0654 73.6213 181.562 88.8791
-174.088 -38.0472 73.6032 181.564 88.8829
-174.09 -38.0247 73.5794 181.566 88.8896
-174.092 -38.0026 73.5604 181.563 88.8837
-174.094 -37.9818 73.5396 181.56 88.8867
-174.096 -37.9541 73.5123 181.558 88.8838
-174.094 -37.931 73.4877 181.558 88.881
-174.093 -37.9122 73.466 181.564 88.8808
-174.095 -37.8903 73.446 181.568 88.8861
-174.096 -37.87 73.4214 181.575 88.8871
-174.1 -37.853 73.4064 181.577 88.8952
-174.103 -37.8394 73.3903 181.582 88.8975
-174.098 -37.8175 73.3678 181.584 88.8964
-174.096 -37.7908 73.3441 181.586 88.9
-174.096 -37.7714 73.3219 181.586 88.904
-174.096 -37.7517 73.3003 181.587 88.9084
-174.095 -37.7283 73.2784 181.589 88.9057
-174.09 -37.7066 73.2583 181.593 88.9065
-174.087 -37.6812 73.2329 181.591 88.9113
-174.086 -37.6638 73.217 181.594 88.9113
-174.087 -37.6411 73.1934 181.594 88.9198
-174.087 -37.6171 73.1686 181.596 88.9222
-174.089 -37.5982 73.1511 181.591 88.9252
-174.085 -37.5781 73.1337 181.593 88.9278
