4
-0.0246674 89.8465 -89.867 180 90
-0.0845269 89.9565 90.048 0.00104701 -90.0174
0.0219972 89.9115 -89.9275 180 90
-0.0749836 89.9139 90.0938 0.000325324 -90.0538
0.037402 89.9591 -89.9755 180 90
-0.0726881 89.9196 90.0875 0.00295835 -90.0864
-0.0201389 89.9105 -89.9242 180 90
-0.0777303 89.9182 90.0892 0.00436291 -90.0928
0.0483504 89.9522 -89.9621 180 90
-0.0813816 89.8939 90.1091 0.00569993 -90.0976
0.00571397 89.856 -89.8638 180 90
-0.0484206 89.9277 90.0738 0.00592701 -90.1472
0.057382 89.9076 -89.9149 180 90
-0.0621993 89.9535 90.0508 0.0048988 -90.1527
0.0767414 89.9255 -89.9304 180 90
-0.075032 89.9656 90.0369 0.00549264 -90.1303
0.0971316 89.9344 -89.933 180 90
-0.0774818 89.9417 90.0616 0.00114218 -90.0954
0.190442 90.0579 -90.0547 180 90
-0.0816488 89.923 90.0813 -0.00283338 -90.094
0.131884 89.9895 -89.9933 180 90
-0.0378907 89.9404 90.0644 -0.00149212 -90.1798
0.15673 90.0203 -90.0274 180 90
-0.0216408 89.9626 90.0415 -0.00212022 -90.2279
0.0495649 89.9671 -89.9755 180 90
-0.0242666 89.9752 90.0263 0.000750293 -90.2338
0.123581 90.0208 -90.1867 180 90
-0.00948124 90.0214 89.9605 0.0338567 -90.2104
0.263789 89.971 -89.986 180 90
-0.279573 89.8669 90.4483 0.0801156 -90.17
0.51767 89.897 -89.9431 180 90
-0.793838 89.4627 90.9535 0.141937 -90.165
0.72013 89.8253 -89.8807 180 90
-1.18509 89.1341 91.3 0.272615 -90.1961
0.841875 89.777 -89.7394 180 90
-1.50383 88.8635 91.6208 0.312746 -90.2306
1.039 89.6556 -89.6278 180 90
-2.037 88.3361 92.243 0.38876 -90.313
1.1542 89.6303 -89.4654 180 90
-2.2452 88.129 92.5647 0.39341 -90.3514
0.864494 89.9853 -89.829 180 90
-1.22231 89.186 92.5152 0.847977 -90.1222
0.562513 90.1408 -90.0047 180 90
-0.623491 89.6268 93.2216 1.06922 -90.1153
0.369258 90.1411 -90.2083 180 90
-0.286557 89.6204 93.6241 1.04097 -90.3147
0.0450578 89.7378 -89.8862 180 90
-0.66992 88.5045 94.7112 0.954242 -90.9505
-0.0367355 89.4238 -89.6452 180 90
-1.19679 87.5943 95.2121 0.728317 -91.3218
0.104368 89.7019 -90.0692 180 90
-0.786128 88.3005 94.063 0.740498 -91.0066
0.551527 90.3061 -90.5957 180 90
0.0570508 89.9547 91.5373 0.365535 -90.2323
0.869991 90.4168 -90.6814 180 90
-0.049535 90.2026 90.1705 0.0863026 -89.972
0.971801 90.4666 -90.6057 180 90
-0.0436067 90.2181 90.3385 0.0797535 -89.9607
1.00048 90.4874 -90.6473 180 90
-0.0387304 90.2036 89.8804 -0.0700284 -89.9423
0.996838 90.4451 -90.5908 180 90
-0.0428041 90.1463 89.8975 -0.064269 -89.9096
0.950796 90.4991 -90.6165 180 90
-0.0316568 90.0737 89.9587 -0.0582568 -89.8829
0.935211 90.7354 -90.8369 180 90
0.0102321 90.08 89.9451 -0.0435205 -89.8486
0.967371 90.8708 -90.9552 180 90
0.0301883 90.084 89.937 -0.0373345 -89.8354
0.845994 90.7382 -90.8109 180 90
0.0274598 90.038 89.9746 -0.0333766 -89.8056
0.806729 90.6529 -90.722 180 90
0.124086 90.0996 89.9016 -0.0261434 -89.7877
0.732614 90.5572 -90.6173 180 90
0.263796 90.2119 89.7797 -0.0202666 -89.7448
0.615278 90.4181 -90.4725 180 90
0.291558 90.1286 89.8604 -0.0228868 -89.7271
0.665469 90.449 -90.504 180 90
0.323213 90.0998 89.892 -0.0267503 -89.7168
0.633181 90.3954 -90.4461 180 90
0.342851 90.1179 89.8669 -0.024578 -89.6667
0.677901 90.4783 -90.5229 180 90
0.295159 90.0497 89.9334 -0.0240137 -89.6344
0.619706 90.4538 -90.4956 180 90
0.330699 90.0306 89.9522 -0.0253237 -89.6606
0.623656 90.4227 -90.4625 180 90
0.34377 90.0453 89.9356 -0.024047 -89.6297
0.642532 90.4709 -90.5089 180 90
0.338289 90.0098 89.9671 -0.0168178 -89.6675
0.647498 90.4601 -90.4961 180 90
0.310306 90.0057 89.9706 -0.017381 -89.615
0.53869 90.3428 -90.3713 180 90
0.414455 90.1377 89.8363 -0.0186313 -89.556
0.589935 90.3309 -90.3553 180 90
0.409863 90.0824 89.8935 -0.0159694 -89.5804
0.583501 90.2693 -90.2921 180 90
0.380287 90.0569 89.9159 -0.012985 -89.5813
0.582975 90.3334 -90.3529 180 90
0.35274 90.0457 89.9232 -0.0119371 -89.5628
0.620243 90.3588 -90.3749 180 90
0.32873 90.0406 89.9312 -0.01646 -89.5485
0.554151 90.2803 -90.2907 180 90
0.288701 90.0221 89.9493 -0.0154243 -89.5697
0.60631 90.3245 -90.3363 180 90
0.273633 90.0168 89.9535 -0.013318 -89.5661
0.627633 90.347 -90.3616 180 90
0.258719 89.9905 89.9776 -0.0107896 -89.5497
0.630608 90.3385 -90.349 180 90
0.251816 89.9657 89.998 -0.00789194 -89.5382
0.637535 90.4016 -90.4043 180 90
0.271273 89.9728 89.9876 -0.00974843 -89.5283
0.647968 90.4289 -90.429 180 90
0.270418 89.9785 89.9837 -0.0118346 -89.4896
0.692262 90.4532 -90.4534 180 90
0.261648 89.9792 89.9811 -0.0083838 -89.4785
0.698765 90.424 -90.4228 180 90
0.278331 90.0004 89.9569 -0.00477659 -89.4695
0.720095 90.4339 -90.4381 180 90
0.26734 90.0197 89.9361 -0.00681314 -89.4424
0.677389 90.3883 -90.3909 180 90
0.248207 90.0308 89.9249 -0.00911321 -89.4383
0.707703 90.4122 -90.4153 180 90
0.251946 90.026 89.9295 -0.0105849 -89.4221
0.703234 90.4439 -90.4486 180 90
0.265712 90.0106 89.9459 -0.0119314 -89.3971
0.636646 90.3897 -90.3903 180 90
0.24939 90.0215 89.9393 -0.0105549 -89.4262
0.712175 90.4718 -90.4707 180 90
0.187493 90.0101 89.9485 -0.010246 -89.3596
0.722141 90.4912 -90.4913 180 90
0.205055 90.0192 89.941 -0.012159 -89.3319
0.723107 90.4713 -90.4672 180 90
0.18836 90.0335 89.9276 -0.014806 -89.3087
0.768358 90.4789 -90.4765 180 90
0.154778 90.0319 89.9253 -0.0178005 -89.2769
0.7997 90.4764 -90.4738 180 90
0.130298 90.0218 89.9363 -0.0177827 -89.2636
0.80217 90.4824 -90.4762 180 90
0.109188 90.0106 89.9422 -0.0167174 -89.2432
0.820106 90.4949 -90.488 180 90
0.11721 90.0048 89.9496 -0.0185641 -89.2556
0.825089 90.4726 -90.4648 180 90
0.149625 90.0006 89.9478 -0.0132904 -89.2654
0.908103 90.5123 -90.5029 180 90
0.180735 90.0277 89.9229 -0.0159623 -89.2675
0.918548 90.4761 -90.4678 180 90
0.153528 90.0378 89.9083 -0.0139716 -89.2386
0.971231 90.5144 -90.5033 180 90
0.123414 90.0153 89.9313 -0.0148269 -89.2107
0.94989 90.4717 -90.4595 180 90
0.0936962 89.9802 89.9644 -0.0157077 -89.2048
0.985713 90.5873 -90.5696 180 90
0.09551 89.9849 89.9532 -0.0147931 -89.2008
1.02551 90.6212 -90.6013 180 90
0.109037 89.99 89.947 -0.0138697 -89.2122
1.08067 90.6346 -90.6133 180 90
0.113002 89.9954 89.9422 -0.0137412 -89.2464
1.1249 90.6605 -90.6467 180 90
0.126703 90.0213 89.9187 -0.0164782 -89.2476
1.13681 90.6789 -90.6711 180 90
0.150193 90.0394 89.9003 -0.0142341 -89.2664
1.19646 90.7426 -90.7386 180 90
0.13942 90.0662 89.875 -0.0133813 -89.2615
1.21586 90.7526 -90.7465 180 90
0.128075 90.082 89.8603 -0.0141369 -89.259
1.12038 90.6239 -90.6134 180 90
0.119256 90.097 89.843 -0.0112029 -89.2617
1.16316 90.6369 -90.6265 180 90
0.108767 90.1124 89.8273 -0.0101821 -89.2527
1.19499 90.6618 -90.6525 180 90
0.117433 90.118 89.8244 -0.0119329 -89.2553
1.20393 90.6817 -90.6756 180 90
0.0966614 90.1252 89.8162 -0.0108275 -89.2159
1.22584 90.713 -90.7069 180 90
0.0767834 90.1266 89.8168 -0.00976242 -89.2
1.24127 90.7235 -90.7179 180 90
0.0962196 90.1402 89.8037 -0.0061459 -89.2158
1.26611 90.7563 -90.7528 180 90
0.0964147 90.1346 89.8046 -0.00479042 -89.2146
1.28499 90.7459 -90.7463 180 90
0.0822912 90.131 89.8088 -0.0037424 -89.2041
1.34517 90.7852 -90.7893 180 90
0.0542743 90.1353 89.8063 -0.00504774 -89.1728
1.38496 90.8106 -90.8147 180 90
0.047951 90.1513 89.7906 -0.00682648 -89.156
1.41429 90.8409 -90.8486 180 90
0.0631345 90.1868 89.7557 -0.00798963 -89.153
1.41975 90.8359 -90.8479 180 90
0.0766164 90.1874 89.752 -0.00808559 -89.167
1.4247 90.831 -90.8406 180 90
0.0932844 90.1976 89.7411 -0.00956995 -89.1721
1.43811 90.8197 -90.8259 180 90
0.120951 90.2172 89.7235 -0.0139861 -89.1623
1.42817 90.786 -90.7883 180 90
0.113852 90.2147 89.7232 -0.0134583 -89.1524
1.46296 90.8049 -90.8053 180 90
0.0945402 90.2187 89.7236 -0.016998 -89.1386
1.47392 90.8486 -90.8496 180 90
0.054195 90.2121 89.7337 -0.0183287 -89.1058
1.49632 90.8586 -90.8642 180 90
0.0326975 90.2031 89.7432 -0.0195297 -89.1033
1.5286 90.8621 -90.8641 180 90
0.0252701 90.2259 89.7203 -0.0183254 -89.0983
1.5102 90.8408 -90.841 180 90
0.0263025 90.2269 89.7219 -0.0177856 -89.1205
1.43609 90.8068 -90.8076 180 90
0.0219709 90.2418 89.7106 -0.022739 -89.1052
1.3799 90.7332 -90.7362 180 90
0.0150625 90.2582 89.6907 -0.0234256 -89.0685
1.35756 90.7565 -90.7563 180 90
0.0105663 90.2581 89.6915 -0.0244556 -89.064
1.23174 90.7763 -90.774 180 90
0.0027313 90.2656 89.6838 -0.0240196 -89.0561
1.26751 90.8295 -90.822 180 90
-0.00304043 90.2896 89.661 -0.0258128 -89.0338
1.32173 90.8553 -90.8487 180 90
-0.00229601 90.2878 89.6656 -0.0262994 -89.02
1.34712 90.8569 -90.8496 180 90
-0.000398236 90.2838 89.6703 -0.0306861 -89.0319
1.31232 90.836 -90.8342 180 90
-0.00680478 90.2859 89.6743 -0.0295194 -89.0339
1.29743 90.7853 -90.7817 180 90
0.0203126 90.3129 89.6469 -0.0304602 -89.0206
1.32327 90.8068 -90.8031 180 90
0.0104338 90.3163 89.6421 -0.0345703 -88.9964
1.31925 90.8093 -90.8035 180 90
0.0039384 90.3078 89.6524 -0.0344666 -88.9968
1.31133 90.7771 -90.7696 180 90
0.0140211 90.3267 89.6319 -0.0353729 -88.9979
1.32325 90.7796 -90.7729 180 90
0.0189047 90.2875 89.6687 -0.0358828 -88.9935
1.3302 90.7826 -90.7795 180 90
0.0267194 90.2849 89.673 -0.0359732 -88.9934
1.3277 90.7811 -90.7768 180 90
0.0290396 90.279 89.6735 -0.0331051 -89.0073
1.32869 90.7438 -90.7382 180 90
0.0303796 90.2579 89.6988 -0.0316463 -89.0146
1.32121 90.7393 -90.7287 180 90
0.0860253 90.2967 89.6591 -0.0295388 -89.034
1.27144 90.7179 -90.7063 180 90
0.0813276 90.284 89.6753 -0.0307943 -89.0455
1.32469 90.7756 -90.7695 180 90
0.064439 90.289 89.6694 -0.0296435 -89.045
1.39134 90.8149 -90.8071 180 90
0.05547 90.2727 89.689 -0.0291601 -89.0465
1.44057 90.8627 -90.8544 180 90
0.0628955 90.2736 89.6853 -0.0262626 -89.0589
1.49239 90.9099 -90.8994 180 90
0.073415 90.2886 89.6687 -0.0255126 -89.0713
1.5282 90.9442 -90.9296 180 90
0.0644514 90.2911 89.6623 -0.0201784 -89.0533
1.55559 90.9746 -90.9564 180 90
0.0653534 90.2985 89.6502 -0.0173103 -89.0468
1.56403 90.9752 -90.9526 180 90
0.0640602 90.2986 89.6524 -0.01964 -89.0265
1.62124 90.9773 -90.9565 180 90
0.068687 90.3141 89.6396 -0.0190713 -89.0374
1.61182 90.9658 -90.9438 180 90
0.0572793 90.3176 89.6382 -0.0201128 -89.026
1.6556 90.9759 -90.9502 180 90
0.0499535 90.3181 89.6434 -0.0226622 -89.0122
1.75307 91.0261 -90.9994 180 90
0.0530522 90.329 89.6356 -0.0258916 -89.0287
1.77446 91.041 -91.0091 180 90
0.0432072 90.3364 89.6285 -0.0299567 -89.0205
1.77397 91.0515 -91.0182 180 90
0.0358141 90.334 89.6309 -0.0270698 -89.0264
1.79294 91.0744 -91.0414 180 90
0.0560932 90.3565 89.6112 -0.0282768 -89.0042
1.80833 91.0889 -91.05 180 90
0.0610729 90.3539 89.6157 -0.0314277 -89.0054
1.85705 91.1217 -91.0836 180 90
0.0740346 90.3635 89.6068 -0.0346203 -89.0085
1.89688 91.1566 -91.1178 180 90
0.0649289 90.36 89.609 -0.0305581 -89.0003
1.8914 91.1535 -91.1132 180 90
0.0565275 90.362 89.6102 -0.0352544 -88.9974
1.89336 91.1421 -91.0975 180 90
0.0582657 90.3639 89.6059 -0.0306381 -88.9941
1.90975 91.1471 -91.1041 180 90
0.0687866 90.3665 89.607 -0.0285856 -89.0094
1.91979 91.1898 -91.1457 180 90
0.0588184 90.367 89.607 -0.0324474 -88.9977
1.96152 91.2048 -91.1632 180 90
0.0387976 90.3662 89.6075 -0.0314372 -88.9931
1.99087 91.2033 -91.1615 180 90
0.0418567 90.3826 89.5909 -0.0311213 -88.9925
2.00778 91.1899 -91.1479 180 90
0.0208301 90.384 89.5847 -0.0303689 -88.979
2.03111 91.2317 -91.185 180 90
0.0173137 90.3816 89.5875 -0.0315734 -88.9537
2.03712 91.2456 -91.1936 180 90
0.0237807 90.3845 89.5886 -0.0310726 -88.9512
2.03313 91.2491 -91.1971 180 90
0.0322471 90.3756 89.5969 -0.030997 -88.9696
2.00432 91.2467 -91.1921 180 90
0.00821294 90.3575 89.6204 -0.0305214 -88.9612
2.02172 91.2457 -91.1898 180 90
0.00876204 90.3704 89.6136 -0.0307687 -88.9648
2.04914 91.2969 -91.2476 180 90
0.0221856 90.3808 89.6019 -0.0319163 -88.9623
2.05364 91.3015 -91.2516 180 90
0.00362362 90.3647 89.618 -0.0329962 -88.9658
2.09591 91.3318 -91.2819 180 90
0.0097263 90.3687 89.6132 -0.0341031 -88.9659
2.11135 91.3527 -91.3044 180 90
0.0072161 90.3731 89.6084 -0.0347537 -88.9615
2.1268 91.3736 -91.324 180 90
0.000149761 90.374 89.6064 -0.0324943 -88.9634
2.14772 91.3757 -91.3256 180 90
0.00608247 90.3844 89.5945 -0.0311571 -88.9634
2.16659 91.4001 -91.3535 180 90
0.00121601 90.3868 89.5961 -0.0301795 -88.9613
2.16116 91.3902 -91.3426 180 90
0.00610373 90.3888 89.5968 -0.0254509 -88.988
2.19297 91.3936 -91.3459 180 90
0.0151713 90.4018 89.5865 -0.0285291 -88.9875
2.14465 91.3359 -91.282 180 90
0.0360607 90.3999 89.59 -0.0245913 -88.9915
2.11477 91.3161 -91.2563 180 90
0.0435396 90.4082 89.5788 -0.0256833 -88.9989
2.12624 91.323 -91.2609 180 90
0.0201312 90.4225 89.5647 -0.0258489 -88.9631
2.175 91.3538 -91.2871 180 90
0.0175608 90.4141 89.5755 -0.0255162 -88.9699
2.20488 91.3475 -91.2719 180 90
0.0193759 90.41 89.5796 -0.0204059 -88.9871
2.20687 91.3743 -91.2951 180 90
0.0366547 90.4329 89.5567 -0.0262409 -88.9874
2.23028 91.3773 -91.2968 180 90
0.0593468 90.4404 89.5447 -0.0235506 -89.0164
2.25666 91.4166 -91.3319 180 90
0.0495596 90.4459 89.543 -0.0288362 -89.0022
2.20537 91.3957 -91.3034 180 90
0.0350923 90.4344 89.5539 -0.0304888 -88.9874
2.24219 91.4177 -91.3204 180 90
0.0286683 90.4519 89.533 -0.0249981 -88.9812
2.27749 91.4297 -91.326 180 90
0.0392055 90.4505 89.5344 -0.0293937 -88.9635
2.283 91.4401 -91.338 180 90
0.0396192 90.4508 89.5333 -0.0318039 -88.9731
2.29795 91.468 -91.3629 180 90
0.0624618 90.4522 89.5296 -0.028033 -88.9963
2.3213 91.473 -91.3664 180 90
0.0712823 90.4536 89.5268 -0.0240904 -88.9953
2.36415 91.5331 -91.425 180 90
0.0556593 90.4259 89.5552 -0.0250078 -89.0072
2.39602 91.5436 -91.4374 180 90
0.0530084 90.4222 89.5627 -0.023281 -89.0105
2.37561 91.5113 -91.4043 180 90
0.046164 90.4301 89.5569 -0.0217456 -89.0244
2.36516 91.5252 -91.4216 180 90
0.043701 90.431 89.5558 -0.0229673 -89.0304
2.33722 91.4853 -91.3794 180 90
0.0186127 90.4287 89.5554 -0.0220349 -89.0005
2.32976 91.5086 -91.3973 180 90
0.0174467 90.426 89.5573 -0.0235153 -89.0075
2.37605 91.527 -91.4143 180 90
-0.000901808 90.3995 89.5858 -0.0254458 -89.0002
2.43569 91.5246 -91.4136 180 90
0.00223654 90.4135 89.5723 -0.0273946 -88.9948
2.41235 91.5355 -91.4212 180 90
-0.0104399 90.3864 89.5993 -0.0249752 -89.0051
2.43478 91.5301 -91.4156 180 90
-0.0458426 90.3663 89.6193 -0.028373 -89.018
2.43875 91.4929 -91.3796 180 90
-0.0841587 90.3209 89.6664 -0.0338072 -89.0096
2.36011 91.4059 -91.2856 180 90
-0.0783184 90.3193 89.6659 -0.03317 -89.0091
2.37404 91.3826 -91.2663 180 90
-0.0933092 90.3068 89.6782 -0.0301702 -89.0318
2.34274 91.3732 -91.2567 180 90
-0.0561853 90.3428 89.6385 -0.0283437 -89.0333
2.21779 91.2239 -91.1035 180 90
-0.0561924 90.3189 89.6599 -0.0291349 -89.0493
2.22032 91.2547 -91.137 180 90
-0.052297 90.3118 89.6644 -0.0272369 -89.0469
2.17903 91.2015 -91.0812 180 90
-0.0570672 90.2986 89.6835 -0.0301951 -89.0303
2.19938 91.2075 -91.0863 180 90
-0.0908332 90.2786 89.7043 -0.0283041 -89.004
2.17748 91.1946 -91.0745 180 90
-0.0410879 90.2702 89.7127 -0.0264524 -89.0448
2.11284 91.1513 -91.0282 180 90
-0.0450242 90.283 89.699 -0.0272595 -89.026
2.15214 91.1687 -91.0392 180 90
-0.0537334 90.2912 89.6911 -0.0267868 -89.0027
2.14617 91.1752 -91.0398 180 90
-0.0502286 90.2961 89.6838 -0.0286992 -89.0087
2.16359 91.1926 -91.0561 180 90
-0.042107 90.2934 89.6856 -0.0256206 -89.0181
2.22426 91.2131 -91.0782 180 90
-0.0578866 90.2983 89.6833 -0.0273831 -88.9974
2.23666 91.2494 -91.1129 180 90
-0.042915 90.3053 89.6745 -0.0286754 -89.0004
2.25109 91.2504 -91.1115 180 90
-0.0363208 90.3222 89.6595 -0.0287987 -89.002
2.29688 91.2783 -91.1425 180 90
-0.0382346 90.3207 89.6652 -0.0321951 -88.9935
2.31826 91.2907 -91.1543 180 90
-0.0441475 90.3243 89.6602 -0.0302363 -88.9994
2.33818 91.2988 -91.1704 180 90
-0.0461096 90.3323 89.6512 -0.0269237 -88.9889
2.35559 91.337 -91.2099 180 90
-0.0367006 90.3334 89.6491 -0.0288134 -88.979
2.39486 91.344 -91.2154 180 90
-0.0416936 90.3263 89.6546 -0.0265474 -88.9964
2.4287 91.3853 -91.2541 180 90
-0.0880668 90.3131 89.6675 -0.0278675 -88.998
2.39933 91.3753 -91.2457 180 90
-0.108775 90.299 89.6794 -0.025898 -89.0042
2.44659 91.4016 -91.2685 180 90
-0.0881258 90.305 89.672 -0.0263999 -89.0108
2.46699 91.4131 -91.2778 180 90
-0.102254 90.3007 89.6741 -0.026699 -89.0019
2.44111 91.4071 -91.2737 180 90
-0.104616 90.2845 89.6947 -0.0285886 -88.9925
2.45305 91.4056 -91.2732 180 90
-0.0652744 90.297 89.6808 -0.028066 -89.0218
2.35905 91.3463 -91.2134 180 90
-0.070834 90.2915 89.685 -0.0273057 -89.0163
2.37995 91.3488 -91.2121 180 90
-0.0633813 90.2827 89.6942 -0.0250457 -89.0425
2.37348 91.3364 -91.2 180 90
-0.0372908 90.2974 89.6825 -0.0283755 -89.0455
2.39781 91.3334 -91.2003 180 90
-0.0294497 90.2866 89.6894 -0.0289588 -89.0505
2.38687 91.2986 -91.1721 180 90
-0.043437 90.2741 89.7035 -0.028612 -89.0366
2.4212 91.3328 -91.213 180 90
-0.047385 90.2785 89.7015 -0.0290884 -89.0375
2.38393 91.3268 -91.2145 180 90
-0.00535486 90.2963 89.6795 -0.0285162 -89.0429
2.37745 91.3232 -91.2151 180 90
0.028046 90.306 89.6612 -0.0232771 -89.0569
2.39283 91.3173 -91.2132 180 90
0.0340382 90.3184 89.6486 -0.0251613 -89.0619
2.3625 91.3078 -91.2065 180 90
0.0434643 90.3604 89.6052 -0.0289263 -89.0471
2.33956 91.3022 -91.1974 180 90
0.0333857 90.3439 89.6223 -0.0263379 -89.0515
2.3266 91.2863 -91.1854 180 90
0.0332882 90.3387 89.6283 -0.0284423 -89.0567
2.31469 91.2927 -91.195 180 90
0.046305 90.314 89.6566 -0.0302991 -89.0602
2.25545 91.232 -91.1397 180 90
0.00835833 90.3168 89.656 -0.0340265 -89.0214
2.23798 91.2294 -91.137 180 90
0.0193038 90.302 89.6718 -0.0368209 -89.0407
2.22504 91.2572 -91.1657 180 90
0.050242 90.2986 89.6743 -0.0372988 -89.0661
2.22353 91.2417 -91.1557 180 90
0.0279305 90.306 89.6667 -0.0379225 -89.0269
2.25042 91.2538 -91.171 180 90
0.0200647 90.3085 89.6643 -0.0405523 -89.0101
2.26386 91.2737 -91.1942 180 90
0.00768356 90.2831 89.692 -0.0436315 -89.0017
2.29021 91.2876 -91.2093 180 90
-0.00637554 90.288 89.6855 -0.0407554 -88.9852
2.31109 91.2787 -91.2044 180 90
-0.000327209 90.3149 89.6592 -0.043477 -88.9817
2.34293 91.2962 -91.2188 180 90
0.00357104 90.3113 89.6575 -0.040879 -88.9916
2.32855 91.3051 -91.2245 180 90
0.0060943 90.3053 89.6683 -0.0437845 -88.9877
2.32508 91.336 -91.2528 180 90
0.0239363 90.3068 89.6601 -0.0390946 -89.0075
2.27382 91.2892 -91.2044 180 90
0.0276883 90.2864 89.6775 -0.0381121 -89.0139
2.28276 91.312 -91.2283 180 90
-0.00611533 90.2689 89.6984 -0.0429565 -88.9951
2.29269 91.3439 -91.2561 180 90
-0.00855259 90.2693 89.7001 -0.0430891 -88.9738
2.27136 91.3424 -91.2567 180 90
-0.0115833 90.2677 89.7006 -0.0408979 -88.9877
2.28781 91.3613 -91.2723 180 90
-0.0259178 90.2559 89.7128 -0.0429147 -88.9704
2.28285 91.3554 -91.2656 180 90
-0.025792 90.2729 89.6965 -0.042662 -88.9501
2.28038 91.3642 -91.272 180 90
-0.0138639 90.2749 89.6986 -0.0436072 -88.951
2.29327 91.3414 -91.2469 180 90
-0.030993 90.2543 89.7174 -0.0431021 -88.9476
2.27889 91.3454 -91.2475 180 90
-0.0195577 90.2522 89.7206 -0.0408321 -88.971
2.30227 91.3653 -91.2711 180 90
-0.0481069 90.2461 89.7295 -0.0420926 -88.958
2.31869 91.3752 -91.2804 180 90
-0.0371929 90.2395 89.7366 -0.0414108 -88.979
2.35305 91.4572 -91.3631 180 90
-0.0360883 90.2551 89.7225 -0.0395303 -88.9809
2.37494 91.4791 -91.386 180 90
-0.0461273 90.2692 89.7073 -0.0379882 -88.9794
2.39139 91.499 -91.4081 180 90
-0.0381884 90.2847 89.693 -0.0381739 -88.9773
2.41677 91.5244 -91.4398 180 90
-0.0193077 90.2808 89.6955 -0.0395196 -88.9799
2.4198 91.5532 -91.4719 180 90
-0.00325085 90.2987 89.6785 -0.0448273 -88.9804
2.44121 91.6123 -91.5347 180 90
-0.0101592 90.3095 89.6689 -0.0472176 -88.9706
2.46757 91.6526 -91.5679 180 90
0.00333149 90.3166 89.6625 -0.0454224 -88.9761
2.46906 91.6511 -91.5648 180 90
0.00823002 90.3122 89.6635 -0.0424649 -88.9789
2.48107 91.6716 -91.5847 180 90
-0.00619288 90.3185 89.657 -0.0422166 -88.964
2.48655 91.6851 -91.6 180 90
-0.00716582 90.3175 89.6568 -0.0410528 -88.9649
2.43781 91.6467 -91.5687 180 90
0.00973359 90.3122 89.6651 -0.041953 -88.9788
2.40895 91.6363 -91.562 180 90
0.00548701 90.304 89.6725 -0.0407846 -89.0026
2.40852 91.6343 -91.5657 180 90
-0.00250405 90.291 89.6854 -0.0392019 -89.0045
2.42547 91.6651 -91.5948 180 90
-0.00357153 90.2914 89.6838 -0.0403813 -89.0154
2.33387 91.5512 -91.4853 180 90
-0.00999876 90.2904 89.6885 -0.0421831 -89.007
2.32343 91.5636 -91.499 180 90
-0.0159514 90.2621 89.7226 -0.0430238 -89.011
2.31942 91.571 -91.5082 180 90
-0.0275216 90.2525 89.7325 -0.0415808 -89.0219
2.33978 91.5764 -91.5149 180 90
-0.0370499 90.2434 89.7428 -0.043567 -89.0229
2.38404 91.5919 -91.5368 180 90
-0.0160346 90.2516 89.7344 -0.0454104 -89.0146
2.36418 91.5715 -91.5236 180 90
0.0222048 90.2843 89.7018 -0.047588 -89.0133
2.40595 91.5974 -91.5521 180 90
0.00422493 90.2683 89.7206 -0.0451989 -89.0043
2.42231 91.594 -91.552 180 90
-0.00727866 90.2787 89.7056 -0.0451563 -88.9755
2.43333 91.6341 -91.5983 180 90
-0.00589005 90.2658 89.7214 -0.0433765 -88.9819
2.34018 91.5127 -91.4799 180 90
-0.0104633 90.2399 89.7459 -0.0416189 -88.9769
2.37947 91.5102 -91.4838 180 90
-0.0415877 90.198 89.7897 -0.0413309 -88.9868
2.34514 91.4887 -91.4678 180 90
-0.0446679 90.1855 89.8013 -0.0398332 -88.9809
2.36249 91.4986 -91.4788 180 90
-0.0477889 90.1854 89.8003 -0.0404334 -88.9809
2.36699 91.4897 -91.4775 180 90
-0.0472824 90.1904 89.7939 -0.039144 -88.9784
2.30274 91.3951 -91.382 180 90
-0.0452096 90.1923 89.793 -0.0416098 -88.9711
2.31071 91.3961 -91.383 180 90
-0.0377872 90.1894 89.798 -0.0393203 -88.9784
2.30818 91.4085 -91.3957 180 90
-0.0484014 90.1867 89.7997 -0.0400162 -88.9774
2.39973 91.4678 -91.4551 180 90
-0.0485122 90.1816 89.8026 -0.0373034 -88.9971
2.38279 91.4525 -91.4385 180 90
-0.0556186 90.175 89.8117 -0.0347192 -89.0075
2.37282 91.443 -91.4339 180 90
-0.0461179 90.1665 89.8213 -0.0345761 -89.0274
2.34445 91.4146 -91.4076 180 90
-0.0436658 90.1685 89.8203 -0.0335767 -89.0284
2.30608 91.3812 -91.374 180 90
-0.0528344 90.1698 89.8191 -0.0334425 -89.0293
2.33945 91.4383 -91.4352 180 90
-0.0693007 90.1653 89.8232 -0.0315983 -89.0188
2.33947 91.4557 -91.4507 180 90
-0.095593 90.1588 89.8315 -0.0337259 -88.9917
2.32254 91.4582 -91.4551 180 90
-0.0518101 90.212 89.7778 -0.0306153 -88.9921
2.30963 91.4309 -91.4306 180 90
-0.0439535 90.2029 89.7849 -0.0316416 -89.0041
2.3136 91.4339 -91.4336 180 90
-0.0300159 90.2094 89.7794 -0.032281 -88.9948
2.34547 91.4588 -91.4657 180 90
-0.0389597 90.1994 89.7924 -0.0335037 -88.9893
2.22457 91.3374 -91.3436 180 90
-0.0306591 90.1814 89.8107 -0.0312134 -89.0116
2.1624 91.3096 -91.3199 180 90
-0.0451386 90.164 89.8298 -0.0278316 -89.0109
2.0301 91.1976 -91.2061 180 90
-0.0282262 90.1768 89.8179 -0.0273872 -89.0363
2.05449 91.2215 -91.2313 180 90
-0.028925 90.1691 89.8242 -0.0254077 -89.0511
2.06192 91.2379 -91.2432 180 90
-0.0169107 90.186 89.8047 -0.0242057 -89.058
2.07837 91.2574 -91.2613 180 90
-0.0277156 90.1812 89.8145 -0.0239717 -89.0325
2.05055 91.2439 -91.2502 180 90
-0.018811 90.1991 89.7992 -0.0271062 -89.0265
2.06699 91.2538 -91.2626 180 90
-0.0359732 90.193 89.802 -0.02575 -89.0303
2.09582 91.2776 -91.2844 180 90
-0.0389523 90.1915 89.8044 -0.028583 -89.0304
2.11919 91.2955 -91.3028 180 90
-0.0442144 90.1725 89.8227 -0.0300943 -89.0219
2.13116 91.2971 -91.2954 180 90
-0.0502441 90.1819 89.8115 -0.0244536 -89.0085
2.14658 91.3095 -91.3036 180 90
-0.0192802 90.2093 89.7801 -0.0258228 -89.0367
2.17396 91.3146 -91.3094 180 90
-0.00811156 90.2149 89.7756 -0.0254937 -89.0344
2.19529 91.3136 -91.3115 180 90
-0.0350281 90.2152 89.7756 -0.0248269 -89.02
2.20675 91.3122 -91.3104 180 90
-0.0420842 90.2044 89.7855 -0.02218 -89.0274
2.23371 91.3445 -91.3441 180 90
-0.0411457 90.1914 89.7974 -0.0192994 -89.0273
2.27549 91.3609 -91.3638 180 90
-0.017143 90.2214 89.7666 -0.0206336 -89.0392
2.29782 91.3739 -91.3728 180 90
0.000969812 90.2455 89.7448 -0.0186953 -89.0525
2.30526 91.3903 -91.3898 180 90
0.00432297 90.2465 89.7384 -0.0203077 -89.0371
2.31978 91.4137 -91.411 180 90
-0.053562 90.2233 89.7615 -0.0191821 -89.0018
2.32276 91.4197 -91.4132 180 90
-0.0648789 90.2253 89.7592 -0.020779 -88.9837
2.32325 91.4088 -91.4008 180 90
-0.0499554 90.2367 89.7494 -0.0195679 -88.999
2.36251 91.4346 -91.4289 180 90
-0.032321 90.2554 89.7341 -0.0208188 -89.0164
2.38488 91.4496 -91.4446 180 90
-0.0218839 90.2553 89.733 -0.0185631 -89.0298
2.38547 91.4581 -91.4549 180 90
-0.0317977 90.2458 89.7431 -0.0209516 -89.02
2.35161 91.4331 -91.4298 180 90
-0.0107994 90.2478 89.7452 -0.0225756 -89.0408
2.39138 91.462 -91.4614 180 90
-0.0106377 90.2708 89.7242 -0.0230918 -89.0493
2.41176 91.4615 -91.4584 180 90
0.0288934 90.3043 89.6876 -0.0165617 -89.0749
2.39284 91.4277 -91.4237 180 90
0.00423793 90.2951 89.6943 -0.0149518 -89.0684
2.34007 91.3719 -91.365 180 90
0.0317406 90.3311 89.6572 -0.012297 -89.0718
2.36244 91.3844 -91.3737 180 90
0.0558851 90.3358 89.652 -0.0147214 -89.0764
2.37385 91.3978 -91.3886 180 90
0.0413988 90.3247 89.667 -0.0163666 -89.072
2.32702 91.351 -91.3456 180 90
0.0510894 90.3326 89.6575 -0.0136978 -89.0901
2.26587 91.3182 -91.312 180 90
0.0429524 90.3131 89.6745 -0.0161344 -89.0857
2.19867 91.2768 -91.2739 180 90
0.0275003 90.3342 89.6546 -0.0161128 -89.064
2.16435 91.2242 -91.2215 180 90
-0.0133184 90.3216 89.6704 -0.0191188 -89.0254
2.1529 91.2431 -91.2437 180 90
-0.050811 90.3016 89.6925 -0.0191805 -88.9886
2.18275 91.2729 -91.2748 180 90
-0.0575271 90.2786 89.708 -0.0144808 -89.0053
2.23195 91.2968 -91.2952 180 90
-0.047645 90.2686 89.7199 -0.0183939 -89.0193
2.27577 91.3182 -91.3176 180 90
-0.0543373 90.2446 89.7406 -0.0169358 -89.0128
2.28971 91.3361 -91.3307 180 90
-0.0599738 90.2375 89.7455 -0.0128171 -89.0152
2.30068 91.351 -91.3428 180 90
-0.0780491 90.2241 89.7665 -0.0176876 -88.9822
2.29975 91.3431 -91.3322 180 90
-0.0840031 90.2175 89.7743 -0.0147403 -88.9713
2.30523 91.3381 -91.3265 180 90
-0.0906923 90.1877 89.8038 -0.00968607 -88.9934
2.28585 91.3272 -91.32 180 90
-0.094251 90.1963 89.7971 -0.0120678 -88.9847
2.23609 91.271 -91.2657 180 90
-0.0962571 90.1938 89.8007 -0.0110144 -88.9941
2.22709 91.2725 -91.2679 180 90
-0.107312 90.1832 89.811 -0.00780469 -88.9926
2.24103 91.2561 -91.2516 180 90
-0.0985099 90.1607 89.8325 -0.0089087 -89.0138
2.27283 91.3117 -91.3071 180 90
-0.114232 90.1412 89.8524 -0.0100343 -89.0048
2.30616 91.3554 -91.3505 180 90
-0.120221 90.1465 89.8481 -0.013071 -89.0015
2.3435 91.3719 -91.3687 180 90
-0.120215 90.1441 89.8506 -0.0126301 -89.0061
2.32161 91.336 -91.3359 180 90
-0.100736 90.1387 89.8571 -0.0136328 -89.0216
2.34149 91.3415 -91.3413 180 90
-0.106683 90.1342 89.8615 -0.0124877 -89.037
2.22058 91.2285 -91.2256 180 90
-0.100341 90.1283 89.8673 -0.0115004 -89.0528
2.20318 91.2731 -91.2706 180 90
-0.116317 90.1074 89.8892 -0.013378 -89.0574
2.17927 91.279 -91.2762 180 90
-0.107638 90.116 89.8811 -0.0134232 -89.0575
2.21808 91.295 -91.2904 180 90
-0.0833368 90.0867 89.9115 -0.013507 -89.0847
2.23049 91.3064 -91.3034 180 90
-0.0808737 90.0749 89.9238 -0.0136939 -89.0778
2.23895 91.3229 -91.3194 180 90
-0.0617486 90.0944 89.9034 -0.012533 -89.0689
2.28027 91.3835 -91.3827 180 90
-0.0558322 90.106 89.8907 -0.00796448 -89.0653
2.28673 91.3855 -91.3872 180 90
-0.0736968 90.1258 89.8718 -0.00847394 -89.0317
2.31908 91.4288 -91.433 180 90
-0.0829194 90.12 89.8797 -0.01132 -89.012
2.34142 91.4254 -91.4286 180 90
-0.091515 90.1109 89.8888 -0.0117094 -89.0011
2.38221 91.4627 -91.4731 180 90
-0.0884993 90.111 89.8888 -0.00908996 -89.0074
2.41056 91.4652 -91.4807 180 90
-0.0815795 90.1052 89.8966 -0.0100125 -89.0178
2.46627 91.4836 -91.5003 180 90
-0.0824417 90.1056 89.8975 -0.012068 -89.0363
2.41804 91.4289 -91.4432 180 90
-0.0775257 90.1017 89.8993 -0.0103465 -89.0421
2.43351 91.4325 -91.4487 180 90
-0.0619651 90.1327 89.8686 -0.0121715 -89.0262
2.44344 91.441 -91.4502 180 90
-0.0694274 90.1278 89.8787 -0.0130334 -89.0291
2.49175 91.4813 -91.4953 180 90
-0.0519491 90.1376 89.8704 -0.0154271 -89.0486
2.49174 91.4799 -91.4949 180 90
-0.0420526 90.1398 89.8672 -0.0141453 -89.055
2.51763 91.5027 -91.514 180 90
-0.0405934 90.1502 89.8598 -0.014249 -89.0565
2.52901 91.4903 -91.5 180 90
-0.0425006 90.1562 89.8549 -0.0160481 -89.0481
2.53646 91.4839 -91.4891 180 90
-0.0440298 90.1482 89.8624 -0.0148194 -89.0566
2.54298 91.4904 -91.4955 180 90
-0.0449103 90.1513 89.8594 -0.0168801 -89.0547
2.52409 91.4749 -91.4838 180 90
-0.0409879 90.1469 89.864 -0.0172888 -89.053
2.56987 91.4989 -91.511 180 90
-0.0306558 90.148 89.8628 -0.0181015 -89.056
2.56788 91.5028 -91.5166 180 90
-0.032788 90.1455 89.8663 -0.0193442 -89.053
2.60316 91.5312 -91.5404 180 90
-0.0423702 90.1414 89.8669 -0.0180391 -89.0375
2.63204 91.5481 -91.5603 180 90
-0.0413944 90.1356 89.8719 -0.018866 -89.0206
2.61411 91.5317 -91.5478 180 90
-0.0351666 90.1632 89.8397 -0.018684 -88.9938
2.68477 91.5736 -91.5888 180 90
-0.0378775 90.1526 89.8471 -0.0187741 -88.9993
2.71061 91.597 -91.619 180 90
-0.0405378 90.1506 89.8451 -0.0172322 -88.9942
2.73102 91.594 -91.6138 180 90
-0.0490648 90.148 89.8486 -0.0196389 -88.9855
2.69711 91.5701 -91.5961 180 90
-0.0559646 90.1426 89.8496 -0.0152115 -88.978
2.74091 91.6045 -91.6305 180 90
-0.0768639 90.1279 89.8618 -0.0131877 -88.9682
2.7822 91.6417 -91.6653 180 90
-0.0993007 90.1158 89.8762 -0.0168892 -88.9672
2.81853 91.6726 -91.6977 180 90
-0.0882601 90.1194 89.8732 -0.0175426 -88.9558
2.75432 91.5994 -91.6227 180 90
-0.0596585 90.1418 89.8499 -0.0202909 -88.9629
2.75134 91.6198 -91.6382 180 90
-0.0566846 90.1389 89.852 -0.0218931 -88.9698
2.75682 91.6472 -91.667 180 90
-0.0518252 90.1243 89.8685 -0.0252007 -88.9969
2.74242 91.6144 -91.6359 180 90
-0.0435061 90.1252 89.8657 -0.0219041 -89.0165
2.75839 91.623 -91.6416 180 90
-0.0465127 90.1178 89.8697 -0.0205655 -89.022
2.77681 91.6235 -91.6449 180 90
-0.0461855 90.1192 89.8657 -0.0196987 -89.0224
2.74587 91.5753 -91.598 180 90
-0.0641582 90.1266 89.8588 -0.0210409 -89.0084
2.77375 91.5763 -91.5971 180 90
-0.0711315 90.1335 89.8541 -0.0205373 -89.0109
2.75836 91.5813 -91.6056 180 90
-0.0615824 90.1446 89.8431 -0.0259374 -89.0045
2.76932 91.5947 -91.6189 180 90
-0.0596719 90.1316 89.8531 -0.0282047 -88.9936
2.79322 91.6027 -91.6291 180 90
-0.0537701 90.1252 89.8554 -0.0276219 -88.9782
2.78379 91.6122 -91.6352 180 90
-0.0721788 90.1222 89.8577 -0.0286567 -88.9559
2.74003 91.5923 -91.6117 180 90
-0.101812 90.0944 89.8812 -0.0253565 -88.9432
2.71518 91.6002 -91.6225 180 90
-0.0981283 90.1008 89.8754 -0.0257664 -88.9576
2.70926 91.6221 -91.6487 180 90
-0.100169 90.1018 89.8707 -0.0250072 -88.965
2.74259 91.6395 -91.6614 180 90
-0.111517 90.0869 89.8877 -0.0312062 -88.9747
2.74408 91.6466 -91.6659 180 90
-0.122134 90.0828 89.8917 -0.0298455 -88.979
2.72715 91.6351 -91.6564 180 90
-0.110569 90.0803 89.8983 -0.0324744 -88.9891
2.75548 91.65 -91.6686 180 90
-0.115672 90.0653 89.9105 -0.0252664 -88.9909
2.78434 91.6639 -91.6835 180 90
-0.11818 90.0588 89.9176 -0.0263859 -88.9993
2.79782 91.7002 -91.7214 180 90
-0.147907 90.0557 89.9226 -0.0267126 -88.9826
2.79982 91.7221 -91.746 180 90
-0.136716 90.0669 89.9138 -0.0291746 -88.9688
2.79532 91.6983 -91.7196 180 90
-0.124859 90.0743 89.9058 -0.0263646 -88.9892
2.80877 91.7012 -91.7234 180 90
-0.131695 90.079 89.9038 -0.0297612 -88.9664
2.78786 91.6847 -91.7078 180 90
-0.139261 90.0726 89.9123 -0.0276307 -88.9658
2.80281 91.6977 -91.7209 180 90
-0.142901 90.0709 89.9141 -0.0317059 -88.9674
2.79585 91.6917 -91.7128 180 90
-0.109956 90.0911 89.8926 -0.0309936 -88.9677
2.82915 91.7231 -91.7447 180 90
-0.109551 90.0887 89.8981 -0.0315017 -88.9697
2.82619 91.741 -91.7617 180 90
-0.102261 90.084 89.9018 -0.0344241 -88.9748
2.78244 91.7131 -91.7358 180 90
-0.09966 90.0834 89.9037 -0.0356309 -88.9804
2.69479 91.6027 -91.625 180 90
-0.0585402 90.1172 89.8711 -0.0375023 -88.9854
2.68635 91.5913 -91.615 180 90
-0.0510613 90.1262 89.8613 -0.0379304 -88.9929
2.70175 91.6468 -91.6699 180 90
-0.039609 90.1238 89.8638 -0.0365067 -89.0009
2.64499 91.5936 -91.6165 180 90
-0.0322412 90.1268 89.8632 -0.0366984 -89.0247
2.66439 91.6165 -91.637 180 90
-0.0498326 90.0932 89.8992 -0.0370846 -89.0329
2.66885 91.6061 -91.6221 180 90
-0.0385384 90.1035 89.8856 -0.0328546 -89.0521
2.6524 91.5996 -91.616 180 90
-0.0498721 90.0986 89.8948 -0.0358032 -89.0408
2.64841 91.61 -91.6223 180 90
-0.0492637 90.0997 89.8952 -0.0354314 -89.0487
2.62999 91.607 -91.6157 180 90
-0.0426717 90.0953 89.9005 -0.0368149 -89.0498
2.65833 91.5986 -91.6071 180 90
-0.0493079 90.0934 89.9028 -0.0347857 -89.058
2.65834 91.5972 -91.606 180 90
-0.0387182 90.0801 89.9213 -0.0355564 -89.0681
2.69227 91.6454 -91.6556 180 90
-0.0516615 90.0772 89.9262 -0.035835 -89.0574
2.68632 91.6627 -91.6771 180 90
-0.0372051 90.0717 89.9306 -0.0344658 -89.0655
2.72668 91.6832 -91.6976 180 90
-0.039142 90.0707 89.9321 -0.0326939 -89.071
2.67742 91.6284 -91.6374 180 90
-0.0387804 90.0777 89.9223 -0.0306755 -89.0659
2.63062 91.5792 -91.584 180 90
-0.0357188 90.0749 89.928 -0.033824 -89.071
2.6346 91.5907 -91.5932 180 90
-0.0545644 90.0734 89.93 -0.0352158 -89.0555
2.66149 91.6131 -91.6168 180 90
-0.0584897 90.0735 89.9312 -0.0358861 -89.0442
2.67544 91.634 -91.6415 180 90
-0.0539497 90.0756 89.9294 -0.0324709 -89.0342
2.69732 91.6524 -91.6641 180 90
-0.059246 90.0781 89.929 -0.0346114 -89.0393
2.69982 91.6732 -91.6875 180 90
-0.0433453 90.0841 89.9212 -0.0322878 -89.0596
2.70087 91.7308 -91.7483 180 90
-0.0382523 90.0911 89.9128 -0.0339725 -89.0607
2.70536 91.7552 -91.775 180 90
-0.0312691 90.0941 89.9089 -0.034397 -89.0546
2.70687 91.787 -91.8095 180 90
-0.0302825 90.1064 89.8933 -0.033298 -89.0586
2.69098 91.787 -91.8114 180 90
-0.0227162 90.0955 89.9074 -0.0311343 -89.0716
2.69843 91.7845 -91.8095 180 90
-0.0238776 90.0875 89.9099 -0.0339081 -89.0713
2.70791 91.7876 -91.811 180 90
-0.0273582 90.0914 89.9018 -0.0317304 -89.0792
2.73731 91.8046 -91.8363 180 90
-0.0155707 90.083 89.9078 -0.0297498 -89.0901
2.72737 91.7892 -91.8288 180 90
-0.00715817 90.0766 89.9112 -0.0289538 -89.0826
2.73689 91.7838 -91.8313 180 90
-0.000463884 90.078 89.9074 -0.0258213 -89.1012
2.70802 91.7475 -91.799 180 90
0.00645002 90.0931 89.8891 -0.0242347 -89.0962
2.71844 91.7565 -91.8131 180 90
0.00350872 90.0946 89.8905 -0.0285316 -89.0977
2.71799 91.7619 -91.8203 180 90
0.0129416 90.1067 89.8775 -0.024904 -89.0976
2.7165 91.76 -91.8169 180 90
4.0807e-05 90.109 89.8742 -0.0274658 -89.0975
2.73285 91.7262 -91.7734 180 90
0.0163698 90.1144 89.8705 -0.0295258 -89.1105
2.73525 91.7053 -91.7389 180 90
0.0379172 90.1255 89.8573 -0.0275929 -89.1295
2.71929 91.7018 -91.7214 180 90
0.0195056 90.1155 89.8668 -0.0266319 -89.1097
2.76706 91.7396 -91.7455 180 90
-0.00771056 90.1264 89.8604 -0.0266777 -89.0734
2.78343 91.7615 -91.7559 180 90
-0.00756116 90.117 89.8688 -0.0277384 -89.0612
2.83415 91.7993 -91.7852 180 90
-0.0136497 90.1054 89.8811 -0.0282413 -89.0647
2.84709 91.8187 -91.792 180 90
-0.0151465 90.1064 89.8789 -0.0297317 -89.0628
2.86094 91.8539 -91.8157 180 90
-0.0145671 90.1138 89.8713 -0.0300483 -89.063
2.88585 91.854 -91.8104 180 90
-0.0250197 90.1122 89.8725 -0.0302759 -89.0531
2.89329 91.8808 -91.827 180 90
-0.0280109 90.1137 89.8695 -0.0270386 -89.0595
2.9002 91.8768 -91.8121 180 90
-0.0303653 90.1222 89.8613 -0.0308322 -89.0625
2.89523 91.8733 -91.805 180 90
-0.0480579 90.109 89.8737 -0.0307116 -89.0506
2.91109 91.8614 -91.7868 180 90
-0.0485387 90.1021 89.8795 -0.0308996 -89.0401
2.93151 91.8854 -91.8035 180 90
-0.0684768 90.0921 89.8909 -0.032348 -89.0357
2.93997 91.8854 -91.794 180 90
-0.064421 90.1007 89.8819 -0.0320955 -89.0312
2.97974 91.9144 -91.8168 180 90
-0.0752467 90.0824 89.9065 -0.0355791 -89.0174
3.00511 91.9288 -91.8247 180 90
-0.0598603 90.0779 89.9103 -0.0360962 -89.0239
3.02847 91.9194 -91.8041 180 90
-0.0567868 90.0915 89.8979 -0.0397362 -89.016
3.05334 91.9275 -91.8061 180 90
-0.0782505 90.0893 89.9008 -0.0413681 -89.0012
3.03683 91.904 -91.778 180 90
-0.114886 90.0853 89.9045 -0.0394576 -88.9659
3.06618 91.9602 -91.8237 180 90
-0.116022 90.0703 89.9185 -0.0397332 -88.9684
3.09007 91.9826 -91.8354 180 90
-0.0986532 90.0827 89.9047 -0.0381903 -88.9737
3.11842 91.9971 -91.8485 180 90
-0.106575 90.0822 89.9059 -0.0365126 -88.9564
3.14385 92.0195 -91.8597 180 90
-0.140015 90.0703 89.9136 -0.0373479 -88.9296
3.11049 91.9996 -91.8365 180 90
-0.147842 90.0634 89.9239 -0.0397982 -88.9327
3.15081 92.0439 -91.8684 180 90
-0.152896 90.0623 89.9204 -0.0403702 -88.9178
3.16424 92.0539 -91.8739 180 90
-0.140352 90.0823 89.9002 -0.0381171 -88.9172
3.1508 92.0345 -91.847 180 90
-0.142899 90.0644 89.9236 -0.0398557 -88.9158
3.16228 92.032 -91.8383 180 90
-0.149446 90.0732 89.9149 -0.0384899 -88.9133
3.1911 92.0485 -91.8525 180 90
-0.151857 90.0629 89.9264 -0.0389981 -88.9157
3.15523 91.9779 -91.7758 180 90
-0.173411 90.0693 89.9181 -0.0344286 -88.9143
3.17061 91.9754 -91.7709 180 90
-0.172426 90.0784 89.9097 -0.0341923 -88.9211
3.19644 91.9929 -91.7843 180 90
-0.179655 90.0818 89.9095 -0.0372704 -88.9159
3.15809 91.9381 -91.7274 180 90
-0.167069 90.1127 89.8743 -0.035888 -88.909
3.16804 91.9521 -91.7375 180 90
-0.171072 90.1282 89.8581 -0.0352749 -88.9023
3.16504 91.9322 -91.7128 180 90
-0.176491 90.1253 89.8624 -0.037129 -88.892
3.18397 91.9467 -91.7402 180 90
-0.160017 90.1277 89.8587 -0.0383043 -88.907
3.17304 91.9437 -91.746 180 90
-0.172046 90.1185 89.8686 -0.038329 -88.904
3.1915 91.9592 -91.768 180 90
-0.173222 90.1125 89.8723 -0.0357054 -88.9034
3.2 91.9776 -91.793 180 90
-0.1782 90.1129 89.8731 -0.0371044 -88.8925
3.20155 91.9756 -91.7962 180 90
-0.171531 90.1204 89.8573 -0.0329984 -88.8948
3.21902 92.0144 -91.8406 180 90
-0.181454 90.1332 89.8457 -0.032264 -88.8715
3.231 92.024 -91.8573 180 90
-0.183973 90.1361 89.8418 -0.0329518 -88.8636
3.22353 91.9737 -91.8194 180 90
-0.182586 90.1296 89.8475 -0.0324138 -88.8755
3.24997 92.0091 -91.8613 180 90
-0.201431 90.1271 89.8518 -0.0326477 -88.8602
3.24251 92.0235 -91.8782 180 90
-0.201996 90.1273 89.854 -0.0335232 -88.8567
3.24797 92.0176 -91.8765 180 90
-0.190158 90.1529 89.8311 -0.0354714 -88.8424
3.23251 91.9882 -91.8516 180 90
-0.18855 90.15 89.8369 -0.0371183 -88.8376
3.23905 91.9893 -91.8564 180 90
-0.199895 90.1356 89.8527 -0.0379524 -88.8207
3.24156 92.0175 -91.8881 180 90
-0.208069 90.1233 89.8648 -0.0328997 -88.8389
3.24952 92.0552 -91.9318 180 90
-0.207658 90.1198 89.868 -0.029984 -88.8452
3.20571 92.0199 -91.9044 180 90
-0.203615 90.1193 89.8706 -0.0293271 -88.844
3.18332 92.008 -91.8967 180 90
-0.211684 90.1062 89.8847 -0.0306437 -88.8509
3.20221 92.0176 -91.9022 180 90
-0.193757 90.1058 89.8824 -0.0282095 -88.8618
3.13495 91.9359 -91.8247 180 90
-0.203352 90.0888 89.8999 -0.0277064 -88.8692
3.114 91.9185 -91.8101 180 90
-0.219389 90.0845 89.9053 -0.0270036 -88.8614
3.13192 91.9051 -91.8005 180 90
-0.214011 90.076 89.9167 -0.02747 -88.8852
3.15383 91.9195 -91.8161 180 90
-0.223113 90.0733 89.9167 -0.0280043 -88.8862
3.18318 91.929 -91.8298 180 90
-0.222558 90.0778 89.914 -0.0292787 -88.8748
3.18374 91.938 -91.8474 180 90
-0.232333 90.0748 89.9194 -0.0319278 -88.8598
3.19769 91.9579 -91.8723 180 90
-0.234799 90.0722 89.9211 -0.0318805 -88.8523
3.20469 91.9679 -91.8959 180 90
-0.253538 90.0812 89.9114 -0.0313079 -88.8319
3.19126 91.9475 -91.8837 180 90
-0.238506 90.0732 89.9225 -0.0319229 -88.836
3.14356 91.9167 -91.8629 180 90
-0.230735 90.0792 89.9132 -0.0292141 -88.8473
3.1142 91.9112 -91.8668 180 90
-0.254942 90.0827 89.9131 -0.0308797 -88.8191
3.07386 91.916 -91.8795 180 90
-0.250825 90.0832 89.9134 -0.0269814 -88.8239
3.07437 91.9035 -91.8734 180 90
-0.279765 90.0558 89.9446 -0.0289842 -88.8136
3.06639 91.8712 -91.8468 180 90
-0.309223 90.0427 89.9551 -0.0312156 -88.7922
3.07835 91.8628 -91.8482 180 90
-0.289554 90.0458 89.9583 -0.0312219 -88.8106
3.06731 91.8309 -91.8179 180 90
-0.288679 90.0404 89.9593 -0.0250324 -88.8023
3.10566 91.8613 -91.853 180 90
-0.2858 90.0334 89.9642 -0.0238924 -88.8237
3.13556 91.8634 -91.8572 180 90
-0.284257 90.0351 89.9616 -0.0240674 -88.827
3.11664 91.851 -91.8487 180 90
-0.30434 90.029 89.9683 -0.0226029 -88.81
3.12512 91.8664 -91.8687 180 90
-0.288215 90.0314 89.9661 -0.0213606 -88.8315
3.11461 91.8638 -91.8701 180 90
-0.282312 90.0162 89.9814 -0.0193306 -88.8383
3.10417 91.8444 -91.8519 180 90
-0.278136 90.0221 89.9756 -0.0219068 -88.8296
3.07633 91.8319 -91.8469 180 90
-0.282613 90.0271 89.9694 -0.0186125 -88.8311
3.03302 91.8328 -91.8527 180 90
-0.269754 90.036 89.954 -0.0181166 -88.8409
3.05941 91.8467 -91.8702 180 90
-0.275264 90.0316 89.9603 -0.0191607 -88.8315
3.0599 91.8303 -91.8622 180 90
-0.27117 90.0257 89.9725 -0.02085 -88.8376
3.07385 91.8552 -91.886 180 90
-0.277016 90.0322 89.9672 -0.0217618 -88.8252
3.046 91.8278 -91.8657 180 90
-0.253478 90.0544 89.945 -0.0206403 -88.8291
3.00414 91.7883 -91.8308 180 90
-0.209812 90.0664 89.9307 -0.0172463 -88.8815
2.98827 91.7997 -91.8482 180 90
-0.197783 90.0829 89.9169 -0.0161893 -88.8959
2.91012 91.7508 -91.8077 180 90
-0.196129 90.0989 89.9046 -0.0185694 -88.8984
2.90116 91.7359 -91.8022 180 90
-0.219631 90.0768 89.9258 -0.0171732 -88.8979
2.87081 91.7284 -91.7961 180 90
-0.232482 90.0345 89.9671 -0.0142652 -88.9111
2.87832 91.7319 -91.8054 180 90
-0.249966 90.0184 89.9849 -0.016026 -88.9151
2.85295 91.6891 -91.7583 180 90
-0.280838 90.0143 89.9912 -0.0191323 -88.8967
2.87983 91.712 -91.7832 180 90
-0.266884 90.0253 89.9823 -0.0237221 -88.9102
2.85592 91.7099 -91.7863 180 90
-0.280383 90.0079 90.0006 -0.0233107 -88.917
2.90815 91.7502 -91.8267 180 90
-0.291479 90.0077 90.0017 -0.0229239 -88.907
2.89872 91.7582 -91.8354 180 90
-0.300831 90.0083 89.9991 -0.0254351 -88.8963
2.91713 91.7761 -91.8518 180 90
-0.297908 90.0109 89.9954 -0.0256484 -88.8947
2.9191 91.7731 -91.8506 180 90
-0.32067 89.9976 90.0067 -0.0246543 -88.891
2.82401 91.6845 -91.7622 180 90
-0.297062 90.0122 89.9923 -0.0225118 -88.8785
2.79764 91.671 -91.7504 180 90
-0.304517 89.9959 90.01 -0.0217403 -88.8622
2.81756 91.7088 -91.7853 180 90
-0.313271 89.9893 90.0157 -0.0199643 -88.8704
2.81813 91.7138 -91.789 180 90
-0.304722 89.9973 90.0085 -0.0217127 -88.8828
2.83059 91.7079 -91.7847 180 90
-0.309746 89.9913 90.0134 -0.0181931 -88.8868
2.82054 91.697 -91.7783 180 90
-0.308306 90.0087 89.994 -0.0197188 -88.8844
2.85438 91.7026 -91.7861 180 90
-0.306669 90.0148 89.9907 -0.0212873 -88.8968
2.86734 91.6962 -91.7788 180 90
-0.307759 90.0168 89.9851 -0.0185959 -88.8987
2.8699 91.7057 -91.7891 180 90
-0.29483 90.0263 89.9736 -0.0190201 -88.9161
2.90179 91.7445 -91.8243 180 90
-0.266638 90.0459 89.9529 -0.0208438 -88.9312
2.93662 91.7718 -91.8557 180 90
-0.277664 90.0448 89.9563 -0.0221699 -88.9352
2.94709 91.7654 -91.8517 180 90
-0.285309 90.0357 89.9654 -0.0206946 -88.9337
2.94257 91.7435 -91.8282 180 90
-0.283391 90.0282 89.974 -0.0214434 -88.9296
2.96842 91.7346 -91.8152 180 90
-0.289362 90.0391 89.9629 -0.0203095 -88.9206
3.00819 91.7456 -91.8231 180 90
-0.307526 90.0284 89.9733 -0.0204103 -88.9115
3.03312 91.7586 -91.8344 180 90
-0.315889 90.0378 89.9663 -0.0231694 -88.9061
3.02715 91.7348 -91.8095 180 90
-0.310446 90.0384 89.9647 -0.020449 -88.9084
3.06392 91.7533 -91.8247 180 90
-0.306401 90.0415 89.9653 -0.0234285 -88.9035
3.07288 91.7513 -91.8188 180 90
-0.316669 90.0366 89.9731 -0.0256713 -88.8885
3.10029 91.7901 -91.8563 180 90
-0.324713 90.0315 89.9766 -0.0277567 -88.8826
3.11622 91.8105 -91.8718 180 90
-0.327235 90.0355 89.9704 -0.0241972 -88.8802
3.11869 91.812 -91.8728 180 90
-0.332443 90.0296 89.9734 -0.0305014 -88.8752
3.05996 91.7622 -91.8237 180 90
-0.328371 90.0316 89.9724 -0.0292407 -88.8717
3.07091 91.7975 -91.8591 180 90
-0.341186 90.0257 89.9787 -0.0301071 -88.8416
3.07092 91.8159 -91.8744 180 90
-0.328196 90.0233 89.9799 -0.0257781 -88.8481
3.06701 91.808 -91.864 180 90
-0.34411 90.0024 90.0017 -0.0252595 -88.8411
3.08443 91.827 -91.8843 180 90
-0.345615 90.0124 89.9909 -0.0234687 -88.832
3.05607 91.8125 -91.8743 180 90
-0.351127 90.0074 89.9928 -0.0171149 -88.8325
2.98737 91.7587 -91.8123 180 90
-0.320115 90.0365 89.9597 -0.0159466 -88.8344
3.01432 91.7776 -91.8268 180 90
-0.262171 90.0801 89.9114 -0.0149345 -88.8521
3.01924 91.8034 -91.8502 180 90
-0.250756 90.086 89.9036 -0.0135232 -88.8735
3.04113 91.8139 -91.8604 180 90
-0.246792 90.0905 89.8989 -0.0145755 -88.8819
2.96146 91.7387 -91.7841 180 90
-0.252889 90.0805 89.9102 -0.0129691 -88.8843
2.94901 91.7684 -91.8144 180 90
-0.270478 90.0635 89.9295 -0.0124241 -88.8867
2.94552 91.7853 -91.8277 180 90
-0.286007 90.0554 89.9388 -0.0142289 -88.8843
2.89076 91.7091 -91.7455 180 90
-0.288533 90.0509 89.9426 -0.0142394 -88.8859
2.90766 91.734 -91.7722 180 90
-0.29367 90.0583 89.9322 -0.0106617 -88.8966
2.93306 91.7704 -91.8089 180 90
-0.293113 90.0584 89.931 -0.0145924 -88.8813
2.92664 91.7684 -91.8065 180 90
-0.317375 90.0315 89.9576 -0.0135576 -88.8803
2.90624 91.7639 -91.7996 180 90
-0.323228 90.0365 89.953 -0.0159237 -88.8715
2.93162 91.7808 -91.8131 180 90
-0.324757 90.0285 89.9596 -0.017296 -88.873
2.94456 91.8016 -91.8368 180 90
-0.317326 90.0264 89.9598 -0.0197685 -88.8695
2.93413 91.8052 -91.8429 180 90
-0.318181 90.0157 89.9744 -0.0217354 -88.8562
2.92726 91.8415 -91.8796 180 90
-0.319679 90.0061 89.9826 -0.0194429 -88.8407
2.95462 91.8718 -91.9131 180 90
-0.33559 89.9992 89.9923 -0.0177597 -88.8264
2.96164 91.8829 -91.9175 180 90
-0.328908 90.0071 89.9871 -0.0203703 -88.8351
2.97514 91.8974 -91.932 180 90
-0.30902 90.0225 89.9697 -0.0150513 -88.8603
3.01448 91.9332 -91.9683 180 90
-0.288086 90.0325 89.9573 -0.0143181 -88.8901
3.03551 91.9431 -91.9731 180 90
-0.273326 90.0268 89.957 -0.0121075 -88.8925
3.06893 91.9878 -92.0205 180 90
-0.25583 90.0267 89.9606 -0.0134827 -88.9086
