4
-0.0179003 90.0047 -90.0038 180.014 89.9858
-0.0163053 90.0067 -90.0048 180.015 89.9845
-0.0186599 90.0081 -90.0122 180.014 89.9813
-0.0254785 90.01 -90.0061 180.013 89.9816
-0.0236516 90.0122 -90.007 180.009 89.9724
-0.0254881 90.0122 -90.0081 180.01 89.9683
-0.0252189 90.0108 -90.0066 180.007 89.9678
-0.0310862 90.0053 -90.0035 180.005 89.9701
-0.0315709 90.0069 -90.0011 180.006 89.9697
-0.0382165 90.0023 -89.9935 180.009 89.9698
-0.0437897 90.0061 -89.991 180.006 89.9781
-0.0467049 90.0041 -89.9889 180.006 89.9735
-0.0498879 90.0006 -89.9891 180.011 89.969
-0.0561261 89.9963 -89.983 180.008 89.9703
-0.0513764 90.0017 -89.9889 180.008 89.9685
-0.050485 90.0029 -89.9916 180.004 89.967
-0.0487097 90.0108 -90.0009 180.008 89.9648
-0.0497255 90.0094 -90.0011 180.005 89.9601
-0.115304 89.9805 -88.8312 179.365 89.9484
-0.134409 89.9634 -88.6789 179.325 89.9341
0.0127276 90.1078 -89.2161 179.555 89.8807
-0.239178 89.802 -87.9728 178.981 90.0812
-0.0305598 90.0615 -89.5672 179.716 89.8341
-0.0487497 90.0647 -89.7225 179.786 89.8318
-0.0631641 90.0822 -89.7375 179.79 89.8229
-0.0834061 90.0997 -89.7592 179.811 89.8108
-0.10407 90.1221 -89.7771 179.821 89.8046
-0.122956 90.147 -89.8049 179.828 89.7949
-0.14122 90.172 -89.8259 179.833 89.7813
-0.15887 90.1955 -89.8476 179.838 89.7687
-0.180548 90.2218 -89.8732 179.843 89.7613
-0.198123 90.2441 -89.8942 179.843 89.7481
-0.213866 90.2735 -89.9207 179.851 89.7354
-0.233081 90.3035 -89.9482 179.858 89.7209
-0.254318 90.3357 -89.9749 179.859 89.7088
-0.263613 90.3743 -89.9898 179.862 89.6949
-0.304518 90.4037 -89.2207 179.364 89.6814
-0.315384 90.4827 -89.3038 179.257 89.6626
-0.743723 89.8799 -88.8056 179.358 90.0572
-1.6517 88.6991 -87.1516 179.046 90.7073
-2.09626 88.1645 -86.7161 179.161 90.9676
-3.16439 86.7397 -84.7376 178.859 91.7028
-4.77244 84.6853 -81.8478 178.394 92.7645
-6.40815 82.6403 -80.5618 178.97 93.8427
-6.8833 82.0548 -80.4617 179.31 94.1631
-7.6488 81.0763 -79.4071 179.256 94.6951
-6.04767 83.1719 -82.4968 179.953 93.5654
-2.31585 87.9087 -90.7372 182.274 90.9155
-1.47423 89.0236 -91.2013 182.022 90.1866
-6.16212 83.1536 -85.7565 182.528 93.419
-9.55635 78.7651 -81.0656 182.042 95.9548
-6.00597 83.3065 -85.6636 182.851 93.1902
-1.98893 88.4143 -89.6392 181.493 90.4107
-7.9517 80.882 -83.546 182.451 94.7405
-0.911694 89.7075 -90.9432 181.449 89.6012
-7.01583 82.1429 -83.6021 181.708 94.0691
-1.71604 88.7063 -90.0642 181.536 90.058
-6.67628 82.555 -84.8505 182.567 93.7314
-1.75978 88.6667 -91.1674 182.858 89.9997
-4.62817 85.1636 -87.3894 182.573 92.0794
-1.42841 89.0236 -91.1688 182.389 89.8125
-7.00536 82.0714 -85.1638 183.203 94.023
-10.4726 77.6468 -78.0601 181.079 96.9989
-10.7729 77.2349 -76.6071 180.279 97.228
-10.4378 77.6615 -77.7291 180.771 96.9048
-3.38937 86.5423 -87.2195 181.276 91.3655
-6.70253 82.3899 -83.4292 181.706 93.908
-8.87495 79.6445 -80.0216 181.073 95.5936
-6.80486 82.2556 -82.6068 181.011 93.9105
-0.230884 90.4813 -89.8487 180.324 88.8602
-0.0558202 90.7574 -89.2298 179.801 88.6933
-2.87239 87.0405 -89.4692 182.901 91.2293
-0.0350977 90.7771 -89.5025 180.01 88.683
-2.12568 88.0356 -89.7607 182.417 90.4654
-0.130613 90.6567 -89.9059 180.447 88.7045
-2.87016 87.1058 -88.6969 182.36 90.9981
-0.238012 90.5343 -88.8845 179.751 88.6874
-0.297612 90.4857 -88.048 179.146 88.6153
-0.281352 90.4874 -87.9782 179.116 88.5718
-0.217604 90.5272 -88.7247 179.046 88.5577
-0.209802 90.5377 -88.9915 178.983 88.5518
-0.232979 90.5165 -88.9664 178.974 88.5393
-0.247529 90.4965 -88.9441 178.968 88.5298
-0.267961 90.4807 -88.9277 178.977 88.519
-0.285629 90.4591 -88.9059 178.976 88.5036
-0.308316 90.4403 -88.8931 178.982 88.4941
-0.324869 90.4194 -88.8667 178.977 88.4823
-0.344496 90.4022 -88.8451 178.976 88.4728
-0.362982 90.3828 -88.8199 178.974 88.4614
-0.396654 90.3158 -88.781 178.991 88.4873
-0.444871 90.303 -88.9609 179.188 88.411
-0.364668 90.3703 -89.5163 179.595 88.3793
-0.498617 90.1782 -88.4597 178.732 88.5102
-0.833742 89.7416 -87.0681 177.945 88.8007
-0.71524 89.8681 -87.8928 178.657 88.6798
-0.960307 89.5306 -87.7557 178.816 88.9055
-1.13426 89.2804 -87.5842 178.865 89.0561
-1.68016 88.5526 -86.8241 178.828 89.5793
-1.94731 88.2081 -86.7291 179.056 89.8212
-2.11597 87.978 -86.5777 179.119 89.9511
-1.98949 88.1414 -86.7735 179.146 89.7957
-2.01432 88.1177 -86.7016 179.086 89.7951
-2.05974 88.0497 -86.6044 179.078 89.8107
-2.09316 88.0021 -86.5392 179.092 89.8346
-2.29854 87.7675 -86.3712 179.165 89.9956
-0.80891 89.6846 -89.5632 180.452 88.5207
-1.03669 89.365 -89.6927 180.693 88.6828
-3.73646 85.8958 -87.667 182.213 91.3447
-2.26626 87.7828 -89.0195 181.791 89.8891
-0.808378 89.7606 -88.0304 178.904 88.4145
-1.40607 89.1538 -85.4018 176.936 88.9806
-1.5251 88.7775 -88.3567 180.225 89.1039
-2.08765 88.0274 -88.7718 181.392 89.636
-1.93725 88.249 -89.0513 181.329 89.4635
-1.88737 88.3175 -89.115 181.35 89.4335
-1.82724 88.386 -89.1143 181.333 89.3947
-1.83146 88.3872 -89.1286 181.355 89.3879
-0.531921 90.0839 -88.7849 179.366 87.9644
-0.636857 89.9997 -88.4357 179.094 88.0274
-0.590642 90.0086 -88.6771 179.295 87.9778
-2.91586 86.9589 -89.049 182.744 90.471
-4.74933 84.6436 -87.3283 183.381 92.3778
-3.99891 85.5926 -88.5943 183.682 91.5648
-0.694865 89.9318 -88.2661 178.886 88.0186
-2.82646 87.0849 -89.0446 182.667 90.2975
-1.47345 88.8416 -90.1828 182.019 88.8129
-0.776915 89.8371 -87.6986 178.388 88.0269
-3.34291 86.4282 -88.8866 183.209 90.7737
-0.741349 89.86 -87.8494 178.522 87.9423
-2.88921 87.018 -89.4606 183.252 90.2338
-0.905305 89.5846 -88.9321 179.988 88.0651
-1.27155 89.1289 -90.0466 181.613 88.4203
-2.87872 87.0583 -89.2932 183.088 90.1529
-0.802433 89.7567 -89.0063 179.825 87.8596
-0.82391 89.78 -88.424 179.159 87.851
-0.812453 89.7463 -89.3163 180.203 87.8126
-0.869009 89.6607 -89.6205 180.588 87.8375
-0.90038 89.6199 -89.3067 180.328 87.836
-0.845885 89.755 -88.6846 179.51 87.7372
-0.86164 89.7397 -88.2081 178.983 87.723
-0.932839 89.6636 -87.992 178.987 87.7496
-0.944499 89.6432 -88.014 178.877 87.7499
-0.959148 89.627 -88.0097 178.873 87.7395
-0.977481 89.6079 -87.9933 178.871 87.7294
-0.996439 89.5898 -87.9663 178.866 87.7223
-1.01457 89.5694 -87.9441 178.869 87.707
-1.03301 89.5531 -87.9304 178.871 87.6969
-1.05006 89.533 -87.9086 178.867 87.6815
-1.06982 89.5111 -87.8922 178.87 87.667
-1.08795 89.4939 -87.8754 178.873 87.6561
-1.10297 89.4722 -87.8504 178.872 87.6486
-1.12363 89.4476 -87.8314 178.875 87.6381
-1.13605 89.4311 -87.8086 178.877 87.6246
-1.15746 89.4088 -87.7834 178.875 87.6107
-1.17114 89.3906 -87.765 178.882 87.5946
-1.18994 89.3718 -87.7543 178.884 87.5808
-1.20999 89.3536 -87.7324 178.884 87.5766
-1.22533 89.3372 -87.715 178.884 87.5629
-1.24227 89.3164 -87.6959 178.887 87.5478
-1.2601 89.2978 -87.6723 178.889 87.5353
-1.29039 89.2738 -87.6436 178.891 87.5364
-1.3445 89.1856 -87.5592 178.617 87.5848
-1.64342 88.8261 -88.7451 180.871 87.6884
-1.48004 89.0441 -88.2444 179.752 87.7157
-1.32948 89.204 -88.4099 179.705 87.2282
0.467797 91.0183 -89.9708 179.629 87.2274
0.977107 91.5004 -91.0591 180.153 87.2367
0.946742 91.4743 -91.0078 180.03 87.2255
0.926396 91.4604 -90.9091 179.927 87.2136
0.908066 91.4464 -90.8652 179.892 87.2011
0.891762 91.4322 -90.8351 179.868 87.1852
0.867196 91.4098 -90.7909 179.855 87.1666
0.852981 91.3968 -90.7638 179.845 87.1528
0.837477 91.3783 -90.7346 179.835 87.1377
0.816833 91.3601 -90.7068 179.83 87.1264
0.80201 91.3466 -90.6877 179.831 87.1163
0.783124 91.3295 -90.6651 179.828 87.1075
0.763387 91.3119 -90.6397 179.826 87.0966
0.742169 91.2947 -90.6176 179.827 87.0852
0.719241 91.2713 -90.5884 179.828 87.0723
0.693899 91.2518 -90.568 179.828 87.0647
0.674793 91.2331 -90.5408 179.824 87.0537
