4
-0.0275823 90.0067 -90.0121 180.003 89.9936
-0.0113476 89.9911 90.0087 -0.0034472 -90.0418
-0.0543403 90.0085 -89.991 179.98 90.0071
-0.0191537 89.9705 90.0202 -0.00304912 -90.0568
-0.0946114 89.9863 -90.0371 180.043 90.029
-0.0258838 89.9616 90.0308 -0.00240116 -90.0942
-0.128772 89.989 -90.0996 180.111 90.0639
-0.0156573 89.9662 90.039 0.00257617 -90.1113
-0.109227 90.0066 -90.1706 180.17 90.0642
-0.0275377 89.9554 90.0543 0.00849274 -90.1012
-0.10041 90.0284 -90.1515 180.13 90.0574
-0.0294341 89.9569 90.0393 0.0214167 -90.1312
-0.122751 90.013 -90.0885 180.092 90.0513
-0.041411 89.9525 90.0287 0.024438 -90.1453
-0.126797 90.0215 -90.0665 180.062 90.0452
-0.0543981 89.9285 90.0592 0.0174975 -90.1573
-0.202167 89.9264 -90.3072 179.393 90.2267
-0.489572 89.4792 91.2903 0.00160517 -90.1208
-0.226873 90.0485 -90.0597 179.991 90.0298
-0.0528244 89.8965 90.0598 0.0525134 -90.2471
-0.16876 90.0617 -90.1484 179.954 90.02
-0.108742 89.8655 90.3004 0.0110783 -90.1424
-0.396761 90.0322 -90.1171 179.675 90.1058
-0.0587612 89.8256 90.4612 0.0871432 -90.2768
-0.174789 90.084 -90.1945 180.105 90.0295
-0.138276 89.8018 90.1974 0.0528547 -90.1185
-0.173626 90.0748 -90.7483 178.55 90.2972
-0.204001 89.5496 91.5008 0.0866445 -90.0759
-0.202739 89.9313 -91.077 177.629 90.591
-0.4262 89.0248 92.9115 0.168573 -90.0966
-0.261116 89.8358 -91.1182 177.33 90.76
-0.413477 88.744 93.3964 0.212852 -90.2025
-0.498386 90.0802 -90.9525 178.272 90.3581
-0.312539 89.2811 92.0501 0.265584 -90.1961
-0.212282 90.2289 -90.3471 180.174 89.8876
-0.233566 89.566 90.3996 0.15734 -89.9727
0.281374 90.2956 -90.4835 180.18 89.6632
-0.294331 89.5059 90.511 0.0813908 -89.707
0.550854 90.3253 -90.5408 180.176 89.5222
-0.336056 89.4489 90.5841 0.0463027 -89.5553
0.750177 90.3707 -90.6235 180.21 89.4546
-0.374296 89.3987 90.6572 0.0310767 -89.4699
0.872055 90.442 -90.7168 180.222 89.4258
-0.407018 89.3567 90.6945 0.024671 -89.3505
0.965467 90.4263 -90.7301 180.248 89.4
-0.455208 89.3138 90.7456 0.0232008 -89.2774
1.09743 90.4543 -90.7253 180.205 89.317
-0.497716 89.2975 90.7553 0.0263331 -89.2215
1.16217 90.4628 -90.6345 180.119 89.2907
-0.52843 89.2624 90.7894 0.0210656 -89.2218
1.19324 90.4812 -90.6032 180.06 89.295
-0.531442 89.2385 90.8129 0.0162941 -89.2485
1.23311 90.5058 -90.5933 180.024 89.2896
-0.536643 89.2253 90.8251 0.00881124 -89.2457
1.17967 90.5003 -90.6525 180.087 89.3412
-0.546759 89.2108 90.8388 0.00394671 -89.2551
