4
-0.0115409 89.9764 -89.9206 180.196 89.9887
-0.0132871 89.9758 -89.9108 180.215 89.9906
-0.0113091 89.9763 -89.9099 180.236 89.9898
-0.00860452 89.9793 -89.9093 180.261 89.991
-0.0142382 89.9821 -89.9016 180.284 89.9966
-0.0155616 89.9885 -89.9002 180.301 89.9953
-0.0111152 89.9952 -89.897 180.322 89.9956
-0.0143549 89.9884 -89.8832 180.344 89.9977
-0.0175047 89.9852 -89.873 180.368 89.9962
-0.0162148 89.9814 -89.8628 180.386 89.9945
0.0637154 89.677 -89.5388 180.392 89.9219
0.0983281 89.5117 -89.4127 181.357 89.893
0.046986 89.6489 -89.544 181.38 89.9384
0.0607645 89.6484 -89.5392 181.404 89.9288
0.0423561 89.7652 -89.6479 181.422 89.9327
0.0485331 89.7129 -89.5898 181.443 89.9192
0.0198622 89.8041 -89.6706 181.459 89.944
0.00683735 89.5656 -89.4232 181.362 89.9946
0.0120727 95.3139 -95.1654 182.371 90.0541
0.0124712 97.319 -97.1656 182.391 90.0545
0.0104062 95.3797 -95.2192 182.411 90.049
0.010278 95.6811 -95.5128 182.429 90.0466
0.00722132 96.7012 -96.5258 182.446 90.0478
0.00763486 96.6702 -96.4871 182.465 90.0436
0.00648921 95.933 -95.7401 182.479 90.0461
0.00537811 96.7528 -96.5493 182.498 90.0528
0.00352086 94.5185 -94.3079 182.519 90.0513
0.00414026 96.0269 -95.8064 182.538 90.0455
0.000438942 94.9242 -94.6945 182.554 90.0459
0.00302147 105.19 -104.957 182.576 90.0413
0.00589961 93.9552 -93.7163 182.594 90.0378
0.00709011 94.8117 -94.5672 182.613 90.0409
0.00673001 96.409 -96.156 182.63 90.0418
0.00482604 96.0033 -95.7411 182.646 90.045
0.00715105 75.6825 -75.4161 182.668 90.0388
0.0346227 75.2674 -75.0298 170.523 89.9859
0.0749584 90.2869 -89.9111 170.601 90.0064
12.2682 90.3395 -89.7745 170.443 77.8197
11.3999 90.2791 -95.4419 176.196 78.7025
13.7422 90.2755 -92.0639 172.846 76.357
7.07624 90.2742 -97.6104 178.418 83.0276
8.92038 90.274 -101.812 182.645 81.1862
7.37499 90.2693 -100.995 181.857 82.7231
2.74692 90.2671 -103.57 184.468 87.3505
6.20088 90.2674 -103.099 184.021 83.8955
4.20767 90.2699 -100.358 181.302 85.8924
1.43624 90.2681 -101.375 182.352 88.6562
0.880346 90.2691 -101.744 182.743 89.2082
1.0793 90.2705 -101.505 182.528 89.0095
1.49604 90.2723 -102.77 183.815 88.591
1.59909 90.2724 -102.773 183.841 88.4883
1.93807 90.279 -102.397 183.484 88.146
1.39079 90.2711 -99.244 180.361 88.6842
-1.93656 90.2725 -71.2146 152.354 92.011
-0.861168 90.2722 -71.2475 152.409 90.9316
1.57105 90.2648 -110.661 191.851 88.4992
3.34821 90.2649 -125.848 207.056 86.7209
0.213012 90.2738 -106.181 187.406 89.8635
-6.1513 90.2718 -61.1806 142.406 96.2185
-3.34438 90.317 -62.6479 143.882 93.4513
0.352069 90.3126 -105.07 186.335 89.7496
1.60049 90.308 -118.85 200.142 88.4978
0.461196 90.3059 -100.616 181.933 89.6369
0.540019 90.3 -101.754 183.1 89.5538
0.212549 90.2964 -95.769 177.147 89.8767
-0.668995 90.3009 -67.1331 148.535 90.7536
-1.68466 90.3034 -55.1324 136.562 91.74
-1.73903 90.3044 -43.6735 125.13 91.7947
-1.77832 90.3027 -54.4391 135.919 91.831
-1.71433 90.2997 -91.2451 172.752 91.7687
-0.703093 90.2926 -112.637 194.18 90.7576
0.513645 90.2958 -118.916 200.48 89.5372
-0.564188 90.292 -97.6043 179.199 90.6154
-0.801478 90.2822 -67.4591 149.094 90.855
-0.672196 90.2778 -66.2781 147.944 90.7239
-1.29466 90.2726 -106.281 187.971 91.3454
0.551691 90.263 -120.493 202.221 89.4911
-0.877643 90.266 -97.4049 179.154 90.9178
-0.0217101 90.2602 -93.2604 175.045 90.057
-1.20628 90.2655 -95.547 177.354 91.2415
-14.7517 91.5779 -95.623 176.143 104.664
-0.431213 89.9523 -102.158 184.366 90.3941
-0.445006 90.0153 -102.209 184.383 90.4341
-0.443254 90.0426 -102.229 184.4 90.4355
-0.455435 90.0606 -102.234 184.416 90.4476
-0.446294 90.0834 -102.25 184.439 90.4422
-0.441314 90.096 -102.252 184.454 90.4386
-0.43679 90.1083 -102.253 184.469 90.434
-0.426965 90.1424 -102.281 184.489 90.427
-0.406823 89.9678 -102.102 184.505 90.3821
-0.383174 93.1003 -105.213 183.853 90.3753
-0.411846 90.2213 -102.287 183.811 90.3724
-0.40645 90.2248 -102.283 183.825 90.3756
-0.417953 86.6552 -98.7012 183.838 90.3936
-0.420002 94.3835 -106.416 183.849 90.4002
-0.415447 95.1292 -107.151 183.868 90.4041
-0.403415 93.9017 -105.917 183.887 90.4004
-0.398523 95.5043 -107.508 183.9 90.4029
-0.395981 93.7118 -105.706 183.916 90.4109
-0.388454 92.3879 -104.373 183.932 90.4108
-0.380314 97.1992 -109.174 183.944 90.4059
-0.377556 99.1609 -111.125 183.958 90.411
-0.375547 98.0962 -110.049 183.971 90.4148
-0.374238 98.6417 -110.585 183.983 90.4203
-0.372437 96.2773 -108.212 183.993 90.4196
-0.368625 96.7059 -108.631 184.006 90.4178
-0.366707 99.2161 -111.132 184.018 90.421
-0.368798 99.0154 -110.922 184.034 90.4256
-0.365705 87.2173 -99.1149 184.048 90.4224
-0.361701 99.7385 -111.621 184.055 90.4282
-0.366817 100.112 -111.983 184.065 90.4352
-0.368792 99.911 -111.773 184.08 90.4393
-0.36216 96.7385 -108.59 184.092 90.4383
-0.361549 98.4552 -110.295 184.105 90.4355
-0.363724 98.8 -110.632 184.119 90.4348
-0.358079 100.005 -111.826 184.132 90.4324
-0.356011 101.64 -113.451 184.146 90.4286
-0.351383 103.185 -114.99 184.162 90.4262
-0.345026 102.754 -114.546 184.177 90.423
-0.345716 102.274 -114.051 184.188 90.4257
-0.344857 100.61 -112.381 184.205 90.4232
-0.345225 88.748 -100.511 184.216 90.4235
-0.34301 97.2774 -109.028 184.231 90.4214
-0.343642 111.051 -122.792 184.244 90.426
-0.342104 124.415 -136.144 184.255 90.4307
-0.343927 107.417 -119.134 184.267 90.4336
-0.344941 104.863 -116.567 184.283 90.4362
-0.346833 103.317 -115.009 184.297 90.4325
-0.345749 104.353 -116.035 184.313 90.4308
-0.346202 108.134 -119.802 184.324 90.4327
-0.342106 109.061 -120.724 184.347 90.4284
-0.33821 107.898 -119.547 184.36 90.4216
-0.34113 114.523 -126.159 184.375 90.4218
-0.340398 110.543 -122.174 184.391 90.4233
-0.339268 108.217 -119.836 184.404 90.4182
-0.335624 121.99 -133.604 184.422 90.4139
-0.337798 158.596 -170.2 184.436 90.4165
-0.339649 124.342 -135.934 184.45 90.4121
-0.342871 114.742 -126.327 184.465 90.4126
-0.342111 107.927 -119.501 184.477 90.4083
-0.341392 101.026 -112.585 184.49 90.4055
-0.339748 91.4706 -103.024 184.505 90.4032
-0.334261 94.5212 -106.063 184.519 90.3933
-0.335925 93.309 -104.836 184.532 90.3965
-0.340004 101.216 -112.728 184.551 90.4006
-0.345428 93.8629 -105.364 184.564 90.4088
-0.346384 90.4264 -101.914 184.574 90.4027
-0.394553 90.0642 -101.518 184.607 90.4125
-0.402797 90.1214 -101.554 208.472 90.643
-0.325006 90.0919 -97.9498 205.073 90.5561
8.38847 90.1538 -89.1398 196.228 81.8893
13.089 90.1829 -44.1398 151.228 77.156
12.0797 90.1877 -64.2776 171.38 78.1451
4.1047 90.2121 -101.145 208.246 86.1141
7.08174 90.2096 -62.4207 169.556 83.1311
4.53281 90.2063 -47.8945 155.054 85.6729
5.69583 90.1718 -92.8945 200.054 84.4857
4.31189 90.1544 -75.5702 182.83 85.8573
1.10509 90.2238 -83.5216 190.736 89.0234
-0.34079 90.0775 -85.3824 192.767 90.4416
-0.492956 90.0925 -85.3893 192.782 90.6046
-0.527647 90.0995 -85.3874 192.797 90.6361
-0.529459 90.1094 -85.3873 192.811 90.6411
-0.618857 90.2185 -84.7725 192.121 90.5604
-2.64792 90.0139 -85.2019 192.776 92.6129
-5.67411 90.0274 -83.7743 191.358 95.6588
-2.43878 90.0406 -117.804 225.399 92.4388
-2.84714 90.0512 -106.924 214.533 92.855
1.35183 90.0578 -73.8714 181.494 88.6638
-0.202858 90.0675 -84.9772 192.614 90.2253
-6.68965 90.0693 -119.946 227.608 96.7137
-3.55237 90.0696 -89.2659 196.952 93.5836
-1.20281 90.0739 -73.0783 180.781 91.2365
-6.8016 90.0786 -94.3472 202.067 96.8389
-3.91341 90.0815 -72.4504 180.193 93.9543
-5.97495 90.0908 -80.757 188.512 96.0235
-9.46984 90.0928 -98.5966 206.374 99.5213
-4.01064 90.0851 -66.5973 174.412 94.0498
-10.3524 90.1006 -91.0749 198.895 100.395
-3.92691 90.1041 -69.2174 177.063 93.9733
-10.5471 90.1089 -85.2998 193.167 100.603
-8.62953 90.1085 -84.365 192.257 98.687
-8.01579 90.1005 -77.3419 185.266 98.0734
-11.971 90.1026 -99.3129 207.259 102.029
-10.5176 90.1111 -93.5344 201.496 100.581
-6.12322 90.1114 -72.6059 180.596 96.1885
-11.9229 90.1175 -94.9896 202.998 101.992
-13.6804 90.1246 -85.9833 194.007 103.748
-15.2841 90.1239 -84.2039 192.254 105.348
-15.9434 90.1242 -87.7994 195.876 106.007
-16.1552 90.1329 -89.1827 197.277 106.224
-17.5397 90.1383 -90.9188 199.03 107.615
-18.8103 90.1346 -107.738 215.878 108.882
-5.92113 90.1367 -71.9768 180.133 95.9967
-16.7925 90.1373 -92.9777 201.155 106.875
-18.1919 90.1372 -96.6741 204.868 108.278
-16.8862 90.1374 -93.8842 202.104 106.969
-18.5448 90.1388 -95.2767 203.518 108.635
-19.1962 90.1423 -95.5012 203.762 109.286
-6.20223 90.1456 -74.0839 182.371 96.2922
-11.4411 90.1526 -79.487 187.788 101.532
-17.5616 90.1517 -71.769 180.098 107.652
-11.3328 90.1554 -73.9951 182.345 101.423
-0.284298 90.1881 -73.991 182.335 90.4538
-0.322353 90.183 -73.9754 182.345 90.4741
-0.348631 85.1765 -68.9552 182.356 90.4833
-0.374345 76.876 -60.6407 182.365 90.4979
-0.391476 69.751 -53.4988 182.374 90.5166
-0.402361 78.184 -61.9207 182.384 90.5223
-0.401251 74.2253 -57.9445 182.394 90.5126
-0.407385 68.2355 -51.9393 182.404 90.5147
-0.409702 65.5255 -49.2152 182.413 90.5216
-0.413131 72.7154 -56.3891 182.425 90.5241
-0.417455 76.7417 -60.3992 182.432 90.5245
-0.41303 67.7041 -51.3454 182.441 90.5206
-0.411982 62.1559 -45.7838 182.451 90.5184
-0.408591 70.5057 -54.1181 182.463 90.5169
-0.411788 66.545 -50.1385 182.473 90.5192
-0.411823 71.3995 -54.9761 182.482 90.5206
-0.416401 73.9177 -57.4797 182.492 90.5263
-0.418048 71.1535 -54.6972 182.503 90.5278
-0.424063 77.2585 -60.7876 182.506 90.531
-0.424756 69.712 -53.2193 182.512 90.5275
-0.425636 74.2217 -57.71 182.521 90.5251
-0.427669 73.6905 -57.1606 182.532 90.524
-0.430717 68.5207 -51.9732 182.545 90.5244
-0.432897 73.2639 -56.7038 182.556 90.5275
-0.433945 67.5097 -50.9341 182.567 90.5307
-0.434545 74.8223 -58.2298 182.575 90.5333
-0.432466 65.9822 -49.3735 182.586 90.5389
-0.432757 63.9987 -47.3739 182.6 90.5345
-0.436758 60.0646 -43.4235 182.612 90.5388
-0.439415 58.8433 -42.186 182.623 90.5418
-0.436864 58.1559 -41.4852 182.638 90.5342
-0.43134 46.3534 -29.6699 182.648 90.5323
-0.432788 26.1541 -9.45877 182.664 90.5321
-0.431599 -18.8459 35.5412 182.673 90.5269
-0.433149 -53.6953 70.4209 182.685 90.5273
-0.435093 -80.7083 97.4492 182.697 90.5261
-0.435817 -81.7333 98.4882 182.708 90.5272
-0.435503 -83.5527 100.322 182.721 90.527
-0.437814 -83.7167 100.502 182.731 90.5256
-0.447156 -74.4093 91.2153 182.742 90.5345
-0.439742 -49.6859 66.5095 182.75 90.5328
-0.438073 -4.6859 21.5095 182.754 90.5319
-0.436615 40.3141 -23.4905 182.764 90.5349
-0.436777 71.3126 -54.4385 182.774 90.5376
-0.440097 79.4097 -62.5195 182.78 90.5375
-0.437995 91.4244 -74.5167 182.788 90.5391
-0.437273 74.578 -57.6477 182.797 90.5383
-0.440685 79.6626 -62.7184 182.805 90.5413
-0.4474 92.9989 -76.038 182.815 90.543
-0.443959 92.7665 -75.7873 182.823 90.5391
-0.444388 89.3933 -72.3953 182.833 90.5405
-0.443143 86.564 -69.55 182.843 90.5385
-0.440107 81.7922 -64.7605 182.854 90.5353
-0.439874 55.8574 -38.813 182.867 90.534
-0.438617 26.8841 -9.82432 182.876 90.5369
-0.435359 37.7499 -20.6781 182.888 90.5327
-0.442185 53.2003 -36.116 182.9 90.5362
-0.444797 41.8679 -24.7661 182.909 90.5405
-0.446005 15.7529 1.36512 182.917 90.5464
-0.445782 -20.536 37.6723 182.926 90.5441
-0.448044 -62.2825 79.4336 182.941 90.5416
-0.449922 -63.0756 80.2442 182.954 90.5409
-0.454248 -63.3551 80.5462 182.962 90.5446
-0.450524 -63.7147 80.9219 182.968 90.5471
-0.448637 -63.2003 80.4257 182.976 90.5447
-0.444728 -70.4167 87.659 182.984 90.5433
-0.444501 -65.5381 82.7979 182.989 90.5466
-0.450754 -66.4485 83.7299 183 90.5484
-0.455942 -64.2431 81.5428 183.012 90.5568
-0.463806 -63.9781 81.2987 183.018 90.5556
-0.46444 -64.8436 82.1789 183.025 90.5545
-0.462184 -63.9082 81.2574 183.036 90.5551
-0.463294 -64.1559 81.5206 183.05 90.5541
-0.46803 -63.2369 80.6178 183.059 90.5609
-0.466859 -62.954 80.3495 183.068 90.5565
-0.466132 -64.8003 82.2119 183.078 90.5585
-0.458607 -62.4174 79.8445 183.089 90.5516
-0.459532 -64.1978 81.6396 183.097 90.5433
-0.454849 -60.0402 77.4995 183.104 90.5406
-0.449324 -61.0672 78.5434 183.11 90.5424
-0.444702 -61.8772 79.3653 183.123 90.5371
-0.446882 -56.3933 73.8982 183.131 90.5387
-0.442365 -53.6231 71.1385 183.139 90.5347
-0.445307 -8.62305 26.1385 183.148 90.5393
-0.443775 36.3769 -18.8615 183.16 90.5352
-0.443361 45.26 -27.6982 183.165 90.5348
-0.439761 46.8661 -29.2875 183.174 90.5388
-0.442249 40.8036 -23.2103 183.187 90.535
-0.439226 41.1324 -23.5216 183.192 90.5319
-0.434686 41.0036 -23.3752 183.203 90.5308
-0.434124 37.5724 -19.923 183.206 90.5283
-0.438565 39.2891 -21.6264 183.213 90.5277
-0.447425 40.4004 -22.7217 183.225 90.5343
-0.453997 32.943 -15.249 183.236 90.5382
-0.460905 41.6858 -23.9722 183.241 90.5411
-0.468466 43.0897 -25.3579 183.246 90.5391
-0.466838 45.5519 -27.8011 183.253 90.5328
-0.468317 44.4692 -26.6989 183.264 90.5345
-0.464841 45.0027 -27.2162 183.272 90.5339
-0.463025 45.0883 -27.2823 183.282 90.5352
-0.464552 45.8828 -28.0591 183.295 90.5348
-0.463085 46.0503 -28.2091 183.301 90.5353
-0.459519 47.5089 -29.6565 183.316 90.533
-0.457375 48.1538 -30.2868 183.326 90.5358
-0.456404 47.6252 -29.7406 183.337 90.5359
-0.45678 47.2975 -29.3989 183.351 90.5361
-0.454 47.1534 -29.2415 183.363 90.5402
-0.453547 47.0879 -29.1591 183.372 90.5414
-0.454637 46.7561 -28.812 183.382 90.5404
-0.459624 46.5163 -28.5609 183.396 90.5449
-0.46385 45.9152 -27.9465 183.406 90.5493
-0.461397 47.3529 -29.3667 183.415 90.5479
-0.452738 63.8591 -45.8636 183.426 90.5451
-0.449537 81.125 -63.1084 183.436 90.5415
-0.462412 83.9126 -65.8867 183.433 90.5455
-0.46941 81.4478 -63.409 183.448 90.54
-0.471089 83.2142 -65.163 183.448 90.5394
-0.47355 83.0156 -64.9485 183.469 90.5429
-0.464372 81.1676 -63.0929 183.487 90.537
-0.460462 80.3068 -62.2168 183.497 90.5337
-0.461646 80.9282 -62.8242 183.51 90.5345
-0.459191 88.6796 -70.5651 183.524 90.5361
-0.458736 90.7793 -72.6507 183.531 90.5382
-0.460741 91.3935 -73.2473 183.54 90.5399
-0.459193 88.8332 -70.6714 183.546 90.5424
-0.459385 78.068 -59.8937 183.558 90.5421
-0.457363 45.979 -27.7899 183.567 90.5461
-0.454605 33.1234 -14.9174 183.579 90.5436
-0.466665 78.1234 -59.9174 183.59 90.5436
-0.434094 91.4501 -73.2151 183.591 90.5147
-0.433603 91.1824 -72.9397 183.6 90.5126
-0.439132 91.0621 -72.8039 183.605 90.5177
-0.437519 91.006 -72.7296 183.615 90.5195
-0.439346 90.9469 -72.653 183.617 90.5241
-0.436972 90.8089 -72.5018 183.627 90.5272
-0.441501 90.5222 -72.1969 183.634 90.5314
-0.441955 90.3513 -72.0086 183.641 90.5338
-0.443843 90.2649 -71.9076 183.652 90.5468
-0.443549 90.2113 -71.8407 183.661 90.5452
-0.445461 90.2331 -71.8513 183.673 90.5507
-0.450333 90.3571 -71.9554 183.676 90.5552
-0.452415 90.5693 -72.1501 183.679 90.5567
-0.451337 91.7245 -73.2899 183.683 90.5597
-0.450001 90.5144 -72.0659 183.691 90.5624
-0.451294 90.3029 -71.8361 183.697 90.5577
-0.449373 90.3899 -71.907 183.704 90.5593
-0.451556 90.5193 -72.0252 183.716 90.5621
-0.451485 91.2686 -72.7569 183.725 90.5562
-0.452772 91.3226 -72.7934 183.731 90.557
-0.467659 90.3962 -71.8515 183.739 90.5711
-0.478041 90.6479 -72.0921 183.747 90.5784
-0.475958 90.4597 -71.8858 183.752 90.5718
-0.474739 91.0481 -72.4588 183.761 90.5757
-0.481709 90.5146 -71.9149 183.765 90.5737
-0.475337 90.7207 -72.1027 183.774 90.5735
-0.479214 90.7523 -72.1218 183.782 90.5774
-0.483209 90.6719 -72.0282 183.792 90.5793
-0.483706 90.7066 -72.0495 183.798 90.5815
-0.478452 90.6491 -71.9745 183.803 90.5785
-0.482881 90.8916 -72.2059 183.812 90.5791
-0.480105 88.4732 -69.7713 183.823 90.5779
-0.483252 43.4732 -24.7713 183.829 90.5795
-0.479674 -1.52676 20.2287 183.833 90.5712
-0.480575 43.4732 -24.7713 183.842 90.5691
-0.486438 88.4732 -69.7713 183.847 90.5728
-0.487579 90.5301 -71.7554 183.861 90.5704
-0.492237 90.352 -71.5577 183.868 90.5754
-0.491997 90.3895 -71.5798 183.875 90.5769
-0.494434 90.6394 -71.8163 183.886 90.5749
-0.488983 91.3652 -72.5267 183.893 90.5717
-0.485074 95.9798 -77.1286 183.906 90.5699
-0.481727 92.8558 -73.9912 183.92 90.5728
-0.477147 90.8032 -71.9246 183.93 90.5698
-0.483052 90.4827 -71.5839 183.933 90.5733
-0.483405 90.4092 -71.498 183.942 90.5783
-0.489942 90.3666 -71.4361 183.946 90.5773
-0.493708 90.3126 -71.3674 183.955 90.5834
-0.489351 90.2216 -71.2601 183.965 90.5811
-0.486183 90.1414 -71.168 183.976 90.5767
-0.484106 90.5474 -71.5654 183.988 90.5755
-0.480341 45.5474 -26.5654 183.997 90.5713
-0.476538 0.547364 18.4346 184.005 90.5688
-0.478084 -44.4526 63.4346 184.017 90.5687
-0.478449 -85 108.435 184.025 90.569
-0.474239 -85 108.494 184.035 90.5706
-0.474802 -85 108.463 184.041 90.5738
-0.474243 -85 108.456 184.053 90.5725
-0.466446 -85 108.445 184.063 90.5685
-0.465195 -85 108.451 184.076 90.5674
-0.461488 -85 108.447 184.087 90.5614
-0.458132 -85 108.436 184.102 90.5621
-0.468549 -85 108.451 184.116 90.5694
-0.489312 -85 108.459 184.128 90.5869
-0.490929 -85 108.467 184.141 90.5871
-0.49104 -85 108.481 184.149 90.5865
-0.490567 -85 108.487 184.159 90.5825
-0.488222 -85 108.491 184.167 90.5868
-0.49121 -41.9814 63.4913 184.179 90.5879
-0.487943 -19.2885 38.5003 184.187 90.5808
-0.479433 -42.9069 62.1315 184.196 90.5819
-0.467937 2.0931 17.1315 184.21 90.5702
-0.458358 2.21554 17.0365 184.224 90.5672
-0.454659 47.2155 -27.9635 184.238 90.5582
-1.85907 74.372 -56.3236 184.154 91.0152
-9.01089 104.177 -66.797 184.272 89.8065
3.98289 96.058 -47.4467 184.181 91.4846
-1.78954 89.3213 -41.2068 184.264 90.8153
-1.96866 89.7414 -41.2996 184.282 90.7635
-1.95199 89.7875 -41.3323 184.294 90.7607
-1.94284 89.8169 -41.3439 184.302 90.7562
-1.9376 89.8276 -41.345 184.308 90.7652
-1.93595 89.8323 -41.3323 184.314 90.7672
-1.93967 89.8311 -41.3151 184.319 90.7666
-1.9373 89.8312 -41.3019 184.331 90.7539
-1.94118 89.8275 -41.2807 184.338 90.7553
-1.94258 89.8241 -41.2627 184.347 90.76
-1.93903 89.8217 -41.2497 184.357 90.7603
-1.93731 89.8211 -41.2316 184.364 90.7568
-1.94323 91.0115 -42.4081 184.372 90.7631
-1.94673 90.0854 -41.4673 184.381 90.7751
-1.9537 45.0854 3.53273 184.388 90.7748
-1.95751 0.0854032 48.5327 184.398 90.7706
-1.96183 -44.9146 93.5327 184.409 90.7687
-1.97118 -85 138.533 184.417 90.7734
-1.9787 -85 139.195 184.425 90.7734
-1.98208 -40 94.1946 184.431 90.7806
-1.98838 5 49.1946 184.441 90.7735
-1.98263 50 4.19463 184.452 90.7775
-1.98606 89.6691 -40.8054 184.466 90.7695
-1.98804 78.9863 -30.2455 184.476 90.7675
-1.98866 58.448 -9.69531 184.484 90.7654
-1.99033 61.6963 -12.9274 184.492 90.7607
-1.99923 89.6759 -40.8889 184.494 90.7605
-2.00173 77.2374 -28.4344 184.499 90.758
-2.00647 48.4474 0.365412 184.512 90.7534
-2.00793 41.2575 7.57008 184.518 90.7629
-2.01537 58.3694 -9.52933 184.53 90.7734
-2.0147 101.177 -52.3208 184.538 90.772
-2.02018 101.666 -52.7977 184.547 90.7741
-2.02009 73.4253 -24.5473 184.56 90.7655
-2.02393 87.6554 -38.7614 184.569 90.7632
-2.02912 90.2846 -41.3793 184.582 90.7683
-2.03359 89.812 -40.8927 184.592 90.769
-2.03594 89.8233 -40.8899 184.6 90.7731
-2.04467 96.5943 -47.647 184.606 90.7698
-2.04999 131.657 -82.6919 184.61 90.7641
-2.05403 130.191 -81.2106 184.617 90.7721
-2.05184 94.2124 -45.214 184.619 90.7723
-2.05141 89.9558 -40.9468 184.631 90.7671
-2.05497 89.9126 -40.8938 184.637 90.7679
-2.06197 89.8828 -40.848 184.645 90.7451
-2.0871 89.8632 -40.8162 184.656 90.7882
-2.08615 89.8432 -40.7827 184.662 90.7884
-2.08519 89.8319 -40.7609 184.671 90.7858
-2.08653 89.8199 -40.7375 184.683 90.7794
-2.08215 89.8075 -40.7131 184.693 90.7701
-2.08507 89.7957 -40.6887 184.703 90.7652
-2.08992 89.7847 -40.6665 184.713 90.761
-2.08241 89.7775 -40.6478 184.727 90.7532
-2.07532 89.7718 -40.6335 184.739 90.7471
-2.07606 89.7689 -40.6186 184.753 90.7496
-2.07708 89.7567 -40.5909 184.762 90.7456
-2.08805 89.7517 -40.577 184.776 90.744
-2.08547 89.7413 -40.5616 184.787 90.7399
-2.08243 89.7357 -40.5405 184.791 90.7452
-2.08696 89.7358 -40.5253 184.799 90.7465
-2.08143 89.7353 -40.5176 184.812 90.7478
-2.08215 89.6838 -40.4529 184.817 90.7516
-2.09118 89.4704 -40.227 184.828 90.7613
-2.09098 89.2584 -40.0002 184.836 90.7628
-2.09087 89.1988 -39.9314 184.841 90.7644
-2.09551 88.05 -38.7659 184.845 90.7692
-2.09627 43.05 6.23413 184.847 90.7734
-2.10495 -1.94998 51.2341 184.856 90.7802
-2.10129 -46.95 96.2341 184.864 90.7788
-2.09784 -85 137.996 184.87 90.7812
-2.10212 -85 137.847 184.877 90.7816
-2.11197 -85 137.863 184.886 90.7853
-2.12157 -85 135.874 184.893 90.7656
-2.17156 -40 90.8744 184.9 90.7735
-2.16139 5 45.8744 184.906 90.7748
-2.17202 50 0.87436 184.915 90.7838
-2.17392 90.1918 -40.7598 184.922 90.7964
-2.1744 90.416 -40.9706 184.93 90.8017
-2.17757 90.6411 -41.1775 184.933 90.8075
-2.17907 90.2688 -40.7877 184.939 90.8116
-2.1707 90.0956 -40.6023 184.949 90.8125
-2.16639 90.001 -40.4935 184.955 90.8106
-2.16014 89.9216 -40.3999 184.962 90.8096
-2.15384 89.8615 -40.327 184.969 90.8062
-2.16298 89.8198 -40.2721 184.979 90.8106
-2.16451 89.7892 -40.2261 184.984 90.8185
-2.17063 89.7569 -40.1827 184.994 90.8229
-2.1697 89.7314 -40.1423 185 90.8218
-2.17521 89.6916 -40.0901 185.009 90.8248
-2.17043 89.7053 -40.0888 185.012 90.8224
-2.17348 89.7154 -40.0905 185.023 90.8231
-2.17791 89.7161 -40.0759 185.028 90.8249
-2.17737 89.7191 -40.0682 185.036 90.8209
-2.18118 89.7208 -40.0572 185.042 90.828
-2.18236 89.7223 -40.044 185.047 90.8221
-2.18068 89.7224 -40.0279 185.052 90.8198
-2.1767 89.711 -40.001 185.06 90.8121
-2.18056 89.7057 -39.9803 185.067 90.8141
-2.18779 89.694 -39.9568 185.076 90.8107
-2.19074 89.6913 -39.9429 185.082 90.8092
-2.18716 89.6892 -39.9323 185.092 90.8047
-2.1804 89.688 -39.9205 185.105 90.806
-2.1765 89.6772 -39.8955 185.106 90.8036
-2.17808 89.6652 -39.8717 185.112 90.8043
-2.17994 89.6649 -39.853 185.115 90.8046
-2.1817 89.6528 -39.8289 185.123 90.8066
-2.18272 89.6522 -39.8109 185.128 90.8085
-2.17642 89.6458 -39.7931 185.133 90.8028
-2.17643 89.6432 -39.7751 185.141 90.8085
-2.17573 89.6344 -39.7542 185.146 90.8062
-2.17813 89.6364 -39.738 185.15 90.8081
-2.17955 89.6334 -39.7279 185.164 90.8124
-2.17827 89.6258 -39.709 185.176 90.8012
-2.18527 89.6265 -39.6909 185.182 90.7984
-2.20541 89.6235 -39.6742 185.188 90.7904
-2.22347 89.6171 -39.6555 185.193 90.8027
-2.23379 89.6023 -39.6281 185.201 90.8096
-2.23843 89.5965 -39.6118 185.209 90.8112
-2.23813 89.5935 -39.5946 185.215 90.8197
-2.24427 89.5892 -39.5728 185.219 90.8215
-2.24075 89.5873 -39.5603 185.225 90.8208
-2.23632 89.585 -39.5403 185.226 90.8211
-2.23852 89.5894 -39.5327 185.231 90.8231
-2.24069 89.581 -39.5097 185.234 90.8308
-2.24231 89.574 -39.4901 185.241 90.8339
-2.23536 89.5718 -39.4722 185.245 90.8276
-2.23253 89.5625 -39.4551 185.259 90.8207
-2.21924 89.5645 -39.4422 185.259 90.8195
-2.22055 89.5642 -39.4307 185.264 90.8205
-2.21593 89.5677 -39.4229 185.27 90.8284
-2.21381 89.5724 -39.4128 185.277 90.8276
-2.22063 89.571 -39.3953 185.281 90.8388
-2.22294 89.5696 -39.3819 185.288 90.8358
-2.22745 89.5683 -39.368 185.297 90.8422
-2.23063 89.5653 -39.3496 185.304 90.8388
-2.23427 89.5709 -39.3425 185.304 90.8442
-2.23753 89.5726 -39.3275 185.307 90.8463
-2.23417 89.5718 -39.309 185.312 90.853
-2.2361 89.572 -39.2965 185.316 90.8517
-2.24225 89.5707 -39.2834 185.324 90.8522
-2.24459 89.5769 -39.2764 185.33 90.8568
-2.25055 89.5802 -39.2664 185.335 90.856
-2.24716 89.5853 -39.2589 185.342 90.8589
-2.24778 89.5842 -39.2458 185.348 90.8701
-2.25241 89.5705 -39.2181 185.353 90.8777
-2.2599 89.5731 -39.2102 185.358 90.884
-2.26262 89.5698 -39.1951 185.364 90.8832
-2.25778 89.5671 -39.1767 185.367 90.8711
-2.25488 89.561 -39.1607 185.375 90.8739
-2.25246 89.5617 -39.148 185.381 90.8704
-2.25262 89.5691 -39.1378 185.383 90.8644
-2.2511 89.7235 -39.2836 185.391 90.8587
-2.25528 89.6241 -39.1717 185.397 90.8708
-2.26124 89.5325 -39.0668 185.402 90.8704
-2.2503 89.5721 -39.0929 185.406 90.8675
-2.25111 89.5498 -39.0558 185.412 90.8675
-2.24784 89.6262 -39.1202 185.418 90.8517
-2.25341 89.6491 -39.1263 185.423 90.853
-2.232 89.6733 -39.1367 185.429 90.8566
-2.21665 89.6889 -39.1435 185.437 90.8527
-2.20808 89.6986 -39.141 185.449 90.8431
-2.19462 89.703 -39.126 185.457 90.8379
-2.186 84.0483 -33.4641 185.461 90.8315
-2.18133 89.8013 -39.2035 185.468 90.8326
-2.23158 89.8073 -39.4338 185.476 90.831
-2.41889 89.7269 -36.1279 185.481 90.8726
-2.40462 89.7646 -35.5527 185.488 90.8807
-2.39631 89.7626 -35.5421 185.499 90.8801
-2.38403 89.7737 -35.5396 185.502 90.8797
-2.39441 89.7748 -35.5324 185.511 90.8831
-2.39666 89.7742 -35.5186 185.513 90.8872
-2.39944 89.741 -35.4784 185.518 90.9013
-2.39794 89.3854 -35.113 185.522 90.8979
-2.40147 89.6441 -35.3577 185.53 90.8856
-2.39949 82.0195 -27.7147 185.531 90.8822
-2.40344 81.7455 -27.4295 185.541 90.8854
-2.39544 90.2537 -35.9312 185.548 90.8819
-2.39096 87.1131 -32.7736 185.553 90.8813
-2.39829 42.1131 12.2264 185.563 90.8743
-2.3939 87.1131 -32.7736 185.567 90.8656
-2.3892 82.8084 -28.4294 185.572 90.8656
-2.38779 79.8636 -25.4718 185.579 90.8601
-2.38984 82.0466 -27.645 185.591 90.8671
-2.3955 83.5687 -29.1545 185.595 90.878
-2.3963 88.8499 -34.4195 185.596 90.8857
-2.39216 86.2409 -31.7949 185.607 90.8867
-2.38796 87.8792 -33.4231 185.614 90.8809
-2.39595 107.831 -53.3656 185.624 90.8854
-2.39772 90.5545 -36.0767 185.632 90.8834
-2.40164 89.7692 -35.2816 185.641 90.8834
-2.40721 89.8111 -35.3152 185.648 90.8867
-2.41655 89.8123 -35.3069 185.651 90.89
-2.42294 89.8087 -35.2871 185.658 90.8883
-2.4173 89.809 -35.2717 185.663 90.8869
-2.40747 89.8029 -35.2556 185.669 90.8844
-2.45818 89.7946 -35.2408 185.68 90.8584
-2.45904 89.7877 -35.2198 185.686 90.8767
-2.47144 89.7818 -35.2028 185.696 90.867
-2.46301 89.782 -35.1923 185.703 90.8716
-2.45765 89.7837 -35.1847 185.711 90.8687
-2.45962 89.7731 -35.1662 185.719 90.8741
-2.45264 89.762 -35.142 185.728 90.8634
-2.44742 89.7626 -35.1305 185.736 90.8734
-2.44782 89.7554 -35.1114 185.746 90.8824
-2.45248 89.7549 -35.0988 185.752 90.8915
-2.45308 89.7545 -35.0873 185.761 90.8841
-2.45576 89.752 -35.0678 185.763 90.8953
-2.44745 89.7491 -35.0513 185.769 90.8804
-2.44436 89.747 -35.037 185.776 90.8874
-2.43634 89.7399 -35.0226 185.78 90.8865
-43.6464 49.5641 9.97745 185.798 90.832
1.35362 61.2096 -35.0226 178.14 134.459
6.27182 88.8757 -38.2082 185.632 92.4857
41.229 82.1011 -61.5325 183.849 94.7473
49.0867 71.2618 -51.5343 180.705 96.1726
4.08672 97.1472 -54.0206 185.063 53.192
42.9958 54.8107 -80.7688 180.734 96.4448
64.4976 38.1636 -87.2383 184.007 96.2999
19.4976 62.2601 -42.2383 176.204 51.2999
-25.5024 66.3336 -15.2895 180.066 6.29988
19.4976 65.6728 -60.2895 182.305 51.2999
57.3627 68.1695 -84.6509 182.834 95.3507
12.3627 82.4216 -39.6509 185.093 50.3507
57.3627 65.1732 -84.6509 183.299 95.3507
12.3627 20.1732 -39.6509 185.708 50.3507
-32.6373 -24.8268 5.34908 183.813 5.35065
12.3627 20.1732 -39.6509 185.709 50.3507
-32.6373 65.1732 -68.4919 182.56 58.7355
12.3627 100.208 -91.0271 184.642 103.735
57.3627 80.7198 -94.1976 182.763 105.542
12.3627 93.3633 -49.1976 183.478 60.5416
-32.6373 96.3404 -49.7649 182.493 58.7886
12.3627 90.1072 -64.8163 181.219 103.789
56.3149 84.1986 -67.6007 182.288 95.8229
61.7966 84.7723 -59.4674 180.737 96.6101
16.7966 78.3235 -25.4706 174.647 51.6101
-5.71309 89.4874 -20.9733 186.023 90.252
-3.85452 89.6888 -21.4689 186.029 90.9135
41.1455 98.1827 -63.809 178.623 45.9135
73.6769 94.3908 -71.9768 180.233 90.9135
71.1642 95.5508 -73.5894 181.184 96.4471
68.0804 95.1949 -71.8846 181.73 96.3875
69.9526 97.2885 -72.5332 181.707 96.4822
80.9071 100.821 -75.5386 180.002 96.745
35.9071 135.864 -93.9122 177.566 51.745
-9.0929 125.182 -66.9516 179.5 6.74497
35.9071 104.485 -21.9516 179.774 51.745
-7.20142 85.8362 -43.2437 188.828 90.2485
-17.4939 85.4566 -49.1452 195.165 100.41
-10.5535 85.4744 -63.2033 209.225 93.4279
-1.48956 85.4817 -53.2329 199.264 84.3333
-14.2707 85.4808 -52.7196 198.773 97.1181
-24.2434 85.4826 -50.6911 196.759 107.097
-24.3197 85.4819 -49.1184 195.203 107.177
-69.3197 85.4759 -57.1593 203.273 152.177
-24.3197 85.4752 -70.9413 217.079 107.187
20.6803 85.4678 -90.9407 237.104 62.1897
-24.3197 85.4658 -70.9599 217.149 107.189
-47.9989 85.4718 -78.8096 225.011 130.88
-50.0745 85.4706 -79.4774 225.698 132.959
-5.07449 85.4762 -114.347 260.585 87.959
-7.81452 85.4783 -69.3475 215.585 90.6964
-22.2368 85.4695 -37.7126 183.999 105.116
11.9977 85.4712 -82.7126 228.999 70.886
17.6607 85.4773 -63.5855 209.902 65.2041
-6.01023 85.4789 -56.1179 202.455 88.8774
-4.72082 85.4776 -84.6525 231.01 87.5939
-6.2848 85.4781 -54.7942 201.17 89.1531
-5.94503 85.4781 -57.986 204.377 88.8126
-5.3563 85.4832 -75.2822 221.685 88.2263
-6.71753 85.4836 -42.4551 188.877 89.5921
-6.07627 85.4859 -56.0039 202.443 88.9495
-5.58469 85.4924 -72.3432 218.795 88.4491
-6.58772 85.4904 -46.5548 193.022 89.455
-6.33868 85.4885 -52.165 198.649 89.2168
-6.55066 85.4928 -45.5285 192.025 89.4228
-6.71285 85.501 -42.3623 188.87 89.5847
-7.64884 85.4973 -24.3392 170.867 90.5056
-7.85766 85.4967 -24.3406 170.885 90.7113
-7.95768 85.5037 -24.3457 170.897 90.8102
-8.02133 85.4987 -24.3341 170.911 90.863
-8.05593 85.4975 -24.3296 170.93 90.8885
-8.07569 85.2886 -24.1176 170.941 90.8976
-8.11073 84.5396 -23.3641 170.953 90.9286
-8.12943 83.8825 -22.7028 170.963 90.9513
-8.14746 82.5094 -21.3232 170.971 90.9639
-8.16665 80.0543 -18.862 170.983 90.9866
-8.17095 79.9713 -18.7785 170.997 90.9851
-8.18722 34.9713 26.2215 171.011 90.9956
-8.20347 -10.0287 71.2215 171.023 91.0143
-8.22216 -55.0287 116.222 171.037 91.0316
-8.22338 -85 155.853 171.054 91.0332
-8.22022 -85 155.823 171.075 91.0297
-8.22981 -40 110.823 171.089 91.0412
-8.22739 5 65.8228 171.1 91.0424
-8.2298 50 20.8228 171.11 91.0356
-7.71214 85.6004 -24.1772 174.48 90.5051
-6.08465 85.5953 -53.0252 199.824 88.8742
-6.08881 85.5945 -53.6851 200.503 88.872
-6.10238 85.589 -53.6763 200.514 88.8845
-6.1089 85.5792 -53.659 200.526 88.8905
-6.11462 85.5828 -53.6634 200.548 88.8953
-6.12329 85.577 -53.6508 200.566 88.8941
-6.13185 85.5714 -53.6385 200.576 88.8958
-6.12531 85.5703 -53.6337 200.589 88.8961
-6.1286 85.5654 -53.6275 200.604 88.895
-6.13122 85.5638 -53.6205 200.616 88.9008
-6.11452 85.5726 -53.6271 200.751 88.4394
-6.16695 85.5559 -53.8654 201.144 88.7685
-6.14287 85.5695 -53.8659 201.155 88.7826
-6.1416 85.5678 -53.86 201.165 88.781
