4
-0.392765 89.6679 -89.6791 180 90
0.0291177 89.9736 90.0318 -0.00660378 -89.965
-0.4057 89.6391 -89.654 180 90
0.0343135 89.9843 90.0226 -0.00539161 -89.9536
-0.424599 89.6306 -89.6485 180 90
0.0108294 89.9711 90.0398 -0.00741681 -89.9522
-0.452917 89.6331 -89.6564 180 90
0.0114312 89.9789 90.0277 -0.00682956 -89.9452
-0.438468 89.6754 -89.701 180 90
0.0168619 89.9809 90.025 -0.00815982 -89.9458
-0.428983 89.6913 -89.7146 180 90
-0.0165705 89.9682 90.0369 -0.00435864 -89.9269
-0.424004 89.6784 -89.6988 180 90
-0.017221 89.9735 90.0282 -0.0071949 -89.9408
-0.407556 89.7097 -89.7339 180 90
-0.0218873 89.9635 90.0389 -0.00372496 -89.9501
-0.418951 89.7103 -89.7276 180 90
-0.046336 89.9444 90.0567 -0.00533977 -89.9363
-0.408496 89.6959 -89.7099 180 90
-0.0449075 89.9464 90.0539 -0.0082942 -89.9457
-0.367162 89.7258 -89.7348 180 90
-0.0726648 89.9089 90.096 -0.00902049 -89.9397
-0.366717 89.7089 -89.712 180 90
-0.0849401 89.9081 90.0985 -0.00674534 -89.9247
-0.333364 89.7378 -89.737 180 90
-0.118542 89.9137 90.0929 -0.00537209 -89.9013
-0.327872 89.7443 -89.7402 180 90
-0.125012 89.9032 90.1077 -0.00996407 -89.9053
-0.324852 89.7479 -89.7437 180 90
-0.100934 89.931 90.0805 -0.0078238 -89.9103
-0.327347 89.7484 -89.7428 180 90
-0.089499 89.9295 90.0834 -0.00891589 -89.9307
-0.312891 89.7752 -89.7664 180 90
-0.0674564 89.9416 90.0718 -0.00869464 -89.9387
-0.426395 89.7074 -89.6978 180 90
-0.0499833 89.958 90.0526 -0.00836921 -89.9546
-0.396522 89.7279 -89.7182 180 90
-0.059556 89.9528 90.0544 -0.00704037 -89.9611
-0.464198 89.669 -89.6674 180 90
-0.0705063 89.9617 90.0428 -0.00642018 -89.9616
-0.483098 89.6576 -89.6717 180 90
-0.0643671 89.985 90.0186 -0.00722924 -89.9621
-0.496537 89.6561 -89.6824 180 90
-0.0725724 89.972 90.032 -0.00579339 -89.972
-0.443826 89.686 -89.7314 180 90
-0.0865889 89.9475 90.056 -0.00846718 -89.9845
-0.432853 89.6855 -89.7398 180 90
-0.103906 89.9416 90.064 -0.00869927 -89.9661
-0.394037 89.7164 -89.7806 180 90
-0.0885823 89.9445 90.0568 -0.0057417 -89.984
-0.370622 89.7179 -89.7918 180 90
-0.0965392 89.9385 90.0661 -0.00502853 -89.9791
-0.380066 89.7254 -89.8036 180 90
-0.0996852 89.9254 90.0784 -0.003721 -89.987
-0.3632 89.7174 -89.804 180 90
-0.0868757 89.9259 90.0753 -0.00286066 -90.0012
-0.331346 89.7527 -89.8491 180 90
-0.0814058 89.9196 90.0807 -0.00145298 -89.9977
-0.310382 89.7586 -89.8648 180 90
-0.100967 89.8971 90.1036 -0.00384594 -89.9874
-0.286064 89.7726 -89.8867 180 90
-0.109031 89.8828 90.118 -0.00160408 -89.9743
-0.279154 89.7696 -89.891 180 90
-0.10894 89.872 90.1298 -0.00258186 -89.9763
-0.23586 89.7881 -89.915 180 90
-0.116775 89.8725 90.129 -0.00886098 -89.9697
-0.246792 89.7822 -89.9147 180 90
-0.140622 89.8749 90.1277 -0.00621359 -89.9503
-0.276249 89.7588 -89.8788 180 90
-0.133639 89.8873 90.1092 -0.00408835 -89.9643
-0.358389 89.6771 -89.7808 180 90
-0.139114 89.8882 90.1042 -0.00331916 -89.9543
-0.351906 89.6926 -89.7856 180 90
-0.134191 89.8946 90.0995 -0.00137242 -89.9656
-0.359361 89.6563 -89.7447 180 90
-0.128174 89.8991 90.0986 -0.00457186 -89.9672
-0.318545 89.7263 -89.8095 180 90
-0.13665 89.9115 90.0841 -0.00453435 -89.9533
-0.281663 89.7488 -89.8233 180 90
-0.133585 89.9243 90.0707 -0.00141 -89.949
-0.259795 89.7607 -89.827 180 90
-0.139565 89.9184 90.0762 0.000765639 -89.9455
-0.241352 89.7687 -89.8322 180 90
-0.126123 89.9204 90.0746 -0.00139966 -89.9584
-0.21695 89.7722 -89.8323 180 90
-0.127056 89.91 90.0864 0.000762818 -89.961
-0.17713 89.8061 -89.8593 180 90
-0.143173 89.9113 90.0838 0.00162006 -89.9465
-0.145342 89.8235 -89.8685 180 90
-0.154063 89.9112 90.0857 0.000551305 -89.9401
-0.124405 89.8588 -89.8972 180 90
-0.160187 89.9059 90.0925 -0.000434772 -89.9431
-0.150285 89.8324 -89.863 180 90
-0.153876 89.8911 90.1067 0.00175312 -89.9471
-0.135915 89.8254 -89.8508 180 90
-0.153844 89.8767 90.1225 0.00310425 -89.9585
-0.161798 89.7891 -89.8025 180 90
-0.17681 89.8631 90.1353 0.00260241 -89.9486
-0.129931 89.8006 -89.8091 180 90
-0.19216 89.8582 90.1411 0.00215481 -89.9283
-0.111533 89.8091 -89.8102 180 90
-0.188732 89.8583 90.1457 0.000994293 -89.9452
-0.140332 89.8091 -89.8 180 90
-0.195721 89.8483 90.1572 -0.000692551 -89.9347
-0.162234 89.7966 -89.7764 180 90
-0.232435 89.8271 90.175 0.00306231 -89.9166
-0.182078 89.7946 -89.7651 180 90
-0.242799 89.839 90.1603 0.00503215 -89.8998
-0.193084 89.7887 -89.7523 180 90
-0.247332 89.8419 90.16 0.00392948 -89.8949
-0.183574 89.7857 -89.7448 180 90
-0.228204 89.8413 90.1607 0.00472681 -89.9006
-0.213878 89.7847 -89.7404 180 90
-0.222602 89.8339 90.1709 0.00236712 -89.9012
-0.178518 89.8111 -89.7625 180 90
-0.216667 89.8335 90.1695 0.0024818 -89.9161
-0.170543 89.8245 -89.7717 180 90
-0.186427 89.8611 90.1422 0.00601773 -89.9166
-0.192949 89.8111 -89.7584 180 90
-0.19957 89.8405 90.1638 0.00711347 -89.9284
-0.169557 89.8444 -89.7828 180 90
-0.201148 89.8344 90.1724 0.00616975 -89.9309
-0.242229 89.7752 -89.707 180 90
-0.182956 89.861 90.1466 0.00087082 -89.9226
-0.248718 89.7826 -89.7128 180 90
-0.176078 89.8671 90.1345 0.00374743 -89.9284
-0.2721 89.7632 -89.6905 180 90
-0.1716 89.868 90.1331 0.00728955 -89.9586
-0.256168 89.7801 -89.7057 180 90
-0.186429 89.8811 90.1224 0.00321266 -89.9383
-0.256661 89.7925 -89.7185 180 90
-0.198401 89.8968 90.1082 0.00448505 -89.9367
-0.292441 89.7631 -89.6889 180 90
-0.203016 89.9011 90.1042 0.00577078 -89.9317
-0.226318 89.792 -89.7159 180 90
-0.177259 89.9437 90.0603 0.00346613 -89.927
-0.210374 89.8114 -89.7405 180 90
-0.171994 89.9407 90.0633 0.00530528 -89.9382
-0.210364 89.8228 -89.748 180 90
-0.186994 89.9362 90.0656 0.00769104 -89.9331
-0.190391 89.8576 -89.7818 180 90
-0.186438 89.9373 90.067 0.00575351 -89.9446
-0.157086 89.8661 -89.7882 180 90
-0.190476 89.9536 90.0511 0.00808509 -89.9345
-0.18142 89.8745 -89.7955 180 90
-0.190861 89.9558 90.0511 0.00865944 -89.9202
-0.158535 89.884 -89.8062 180 90
-0.193315 89.9603 90.0451 0.00797451 -89.9098
-0.133226 89.8989 -89.8166 180 90
-0.200138 89.9523 90.0556 0.00769253 -89.9005
-0.121258 89.898 -89.8142 180 90
-0.209033 89.9676 90.0372 0.00751167 -89.8891
-0.112281 89.9084 -89.8214 180 90
-0.201767 89.9712 90.0302 0.0108341 -89.8889
-0.0585784 89.9602 -89.872 180 90
-0.19065 89.9758 90.0283 0.00984026 -89.902
-0.150143 89.8706 -89.7825 180 90
-0.180345 89.9662 90.0377 0.0105733 -89.9183
-0.134234 89.8537 -89.7629 180 90
-0.192373 89.9602 90.0443 0.0117951 -89.9138
-0.219886 89.7318 -89.6348 180 90
-0.207359 89.9423 90.0668 0.00829895 -89.9094
-0.194053 89.7338 -89.631 180 90
-0.193363 89.9674 90.0427 0.00809188 -89.9088
-0.195511 89.7343 -89.6386 180 90
-0.190734 89.9773 90.0351 0.00455015 -89.9054
-0.208944 89.7696 -89.6791 180 90
-0.192712 89.9728 90.0458 0.00180113 -89.9
-0.231862 89.765 -89.6729 180 90
-0.180441 89.9667 90.0485 0.00516849 -89.9009
-0.247259 89.77 -89.6746 180 90
-0.168595 89.9677 90.0442 0.00666213 -89.9172
-0.29405 89.7772 -89.6755 180 90
-0.160959 89.9895 90.0194 0.00461509 -89.905
-0.25979 89.7758 -89.6746 180 90
-0.1715 89.9705 90.0389 0.00555365 -89.9045
-0.251266 89.8061 -89.7046 180 90
-0.149673 89.9631 90.0442 0.00875533 -89.9075
-0.297044 89.8026 -89.7026 180 90
-0.147747 89.9626 90.0446 0.0107858 -89.9095
-0.293066 89.8056 -89.7072 180 90
-0.139378 89.9621 90.0403 0.0179678 -89.9054
-0.298511 89.805 -89.7071 180 90
-0.148375 89.9521 90.0511 0.0219002 -89.8935
-0.289517 89.8185 -89.7253 180 90
-0.137051 89.9401 90.0615 0.0257421 -89.9178
-0.255652 89.9217 -89.8273 180 90
-0.136528 89.9521 90.0486 0.0312819 -89.9024
-0.237214 89.9407 -89.8467 180 90
-0.128993 89.9487 90.0548 0.0352931 -89.9073
-0.229733 89.9581 -89.8619 180 90
-0.131371 89.9582 90.0487 0.0348539 -89.8974
-0.178452 90.0114 -89.9089 180 90
-0.131411 89.9602 90.0469 0.0364521 -89.8921
-0.152578 90.0154 -89.9061 180 90
-0.114744 89.9749 90.0379 0.0401481 -89.8886
-0.140125 90.0303 -89.9177 180 90
-0.12374 89.9688 90.0412 0.0431532 -89.8634
-0.210318 89.99 -89.874 180 90
-0.110224 89.9667 90.044 0.0423294 -89.8715
-0.192474 89.9781 -89.8616 180 90
-0.108234 89.9598 90.0537 0.0440482 -89.8655
-0.230785 89.9457 -89.8274 180 90
-0.102727 89.9627 90.0525 0.0423732 -89.8562
-0.230336 89.9288 -89.8132 180 90
-0.104303 89.9648 90.0528 0.0427202 -89.85
-0.211452 89.9234 -89.8065 180 90
-0.106304 89.9633 90.0534 0.0437443 -89.8574
-0.209362 89.9444 -89.8274 180 90
-0.118819 89.9633 90.0497 0.0456878 -89.8231
-0.17748 89.9793 -89.8603 180 90
-0.12582 89.9612 90.0509 0.0463935 -89.8112
-0.170503 89.9575 -89.8374 180 90
-0.121724 89.9618 90.0511 0.0484158 -89.8304
-0.167962 89.9769 -89.8584 180 90
-0.147763 89.9388 90.0706 0.0488302 -89.8027
-0.23712 89.9267 -89.8074 180 90
-0.143114 89.9588 90.0471 0.050033 -89.7799
-0.216684 89.9695 -89.8477 180 90
-0.140985 89.9807 90.0232 0.0489037 -89.7736
-0.239076 89.9576 -89.8343 180 90
-0.153116 89.9778 90.0244 0.0514795 -89.7675
-0.21672 89.9754 -89.8518 180 90
-0.155343 89.9813 90.0228 0.0515068 -89.7558
-0.178907 90.0058 -89.883 180 90
-0.148504 89.9818 90.0209 0.0527007 -89.7517
-0.132588 90.0347 -89.9095 180 90
-0.131314 90.0081 89.9974 0.053478 -89.7477
-0.109205 90.0427 -89.9164 180 90
-0.133727 90.0096 89.9965 0.0559871 -89.755
-0.0972401 90.0437 -89.9107 180 90
-0.139708 90.0093 90.0018 0.0561046 -89.7545
-0.0828259 90.0363 -89.9069 180 90
-0.130259 90.0153 89.9967 0.061098 -89.7689
-0.0589234 90.0359 -89.9019 180 90
-0.117034 90.0376 89.9759 0.0606775 -89.7674
-0.0216312 90.0637 -89.9276 180 90
-0.108507 90.0365 89.9774 0.0579098 -89.7689
-0.052026 90.014 -89.8794 180 90
-0.114656 90.0345 89.9769 0.0612134 -89.7633
-0.0246382 90.0295 -89.8946 180 90
-0.126564 90.0369 89.9739 0.0654676 -89.7613
0.00872939 90.0489 -89.9122 180 90
-0.12598 90.0474 89.9646 0.0640168 -89.7435
0.041113 90.0734 -89.9391 180 90
-0.137466 90.0469 89.9629 0.0684298 -89.7315
0.0829128 90.1122 -89.981 180 90
-0.145104 90.0407 89.9656 0.07066 -89.7196
0.105839 90.1178 -89.9825 180 90
-0.148086 90.0417 89.9653 0.0732651 -89.7146
0.13326 90.1382 -90.0024 180 90
-0.146613 90.0461 89.9618 0.0718637 -89.6955
0.141745 90.2033 -90.069 180 90
-0.129169 90.063 89.9435 0.0732039 -89.697
0.182584 90.2232 -90.089 180 90
-0.121574 90.0694 89.939 0.0739243 -89.6852
0.169095 90.2093 -90.0764 180 90
-0.111036 90.0769 89.9349 0.0727637 -89.7036
0.125873 90.1616 -90.0247 180 90
-0.0950812 90.0795 89.9303 0.0762975 -89.7062
0.155306 90.175 -90.0361 180 90
-0.0957437 90.0753 89.9316 0.0733126 -89.7047
