4
-0.0156946 89.9631 -89.9678 179.999 89.9896
-0.0177956 89.9544 -89.9628 180.001 89.986
-0.0258474 89.95 -89.9557 180.003 89.9838
-0.0280907 89.9497 -89.9508 180.003 89.9787
-0.0277986 89.9478 -89.9503 179.999 89.9791
-0.0372427 89.9385 -89.9393 179.997 89.9871
-0.0510539 89.93 -89.9303 180.001 89.9872
-0.0499662 89.9251 -89.9269 180.005 89.9829
-0.0493815 89.9225 -89.9192 180.002 89.978
-0.0581067 89.9102 -89.905 180.001 89.9829
-0.0612096 89.9119 -89.9081 180.004 89.9808
-0.0653847 89.9052 -89.8993 180.001 89.9864
-0.0667714 89.9051 -89.898 179.997 89.9873
-0.0707627 89.9002 -89.8885 180.001 89.9882
-0.0772211 89.9009 -89.8896 180.002 89.9918
-0.085864 89.8966 -89.8842 179.999 89.9953
-0.090802 89.8877 -89.8775 179.999 89.9953
-0.0945044 89.8836 -89.8684 180.001 89.991
-0.0915818 89.8838 -89.8725 180 89.9862
-0.0956848 89.8774 -89.8671 180.004 89.9828
-0.102316 89.8717 -89.8557 180.001 89.9853
-0.102321 89.8697 -89.8586 180.006 89.9801
-0.106802 89.863 -89.8518 180.008 89.9822
-0.112131 89.8527 -89.8363 180.002 89.9811
-0.118213 89.8491 -89.8342 180.007 89.9734
-0.119976 89.8451 -89.8347 180.012 89.9716
-0.126332 89.8412 -89.8266 180.01 89.9767
-0.123992 89.835 -89.8214 180.008 89.9701
-0.132349 89.826 -89.8061 180.008 89.9692
-0.134628 89.8182 -89.8015 180.013 89.9656
-0.139255 89.8126 -89.7978 180.011 89.9639
-0.141714 89.8117 -89.7945 180.007 89.9609
-0.14699 89.8098 -89.7914 180.011 89.9653
-0.145542 89.8114 -89.795 180.013 89.96
-0.149391 89.8086 -89.7895 180.011 89.9585
-0.1515 89.806 -89.7847 180.014 89.9565
-0.155539 89.8013 -89.7817 180.021 89.9519
-0.15509 89.8007 -89.7828 180.02 89.948
-0.15494 89.7956 -89.778 180.021 89.9412
-0.159493 89.7958 -89.7707 180.018 89.9412
-0.162675 89.7899 -89.7661 180.02 89.9466
-0.170946 89.7893 -89.7627 180.018 89.946
-0.16912 89.7897 -89.7658 180.02 89.9421
-0.167354 89.7904 -89.7678 180.022 89.9405
-0.17507 89.7859 -89.7572 180.015 89.942
-0.176171 89.7871 -89.7607 180.019 89.9433
-0.182414 89.784 -89.7561 180.023 89.9394
-0.184379 89.7807 -89.75 180.017 89.9414
-0.185235 89.7798 -89.7486 180.015 89.9403
-0.188964 89.7824 -89.7473 180.016 89.9406
-0.190053 89.7764 -89.7417 180.017 89.9407
-0.190946 89.7741 -89.7357 180.014 89.9407
-0.192771 89.7705 -89.7339 180.02 89.9367
-0.195669 89.7693 -89.7336 180.02 89.9372
-0.195783 89.7658 -89.733 180.024 89.9281
-0.197601 89.7596 -89.72 180.021 89.9221
-0.197632 89.7622 -89.7265 180.027 89.927
-0.205345 89.7583 -89.72 180.022 89.9288
-0.19981 89.7635 -89.7232 180.026 89.922
-0.20835 89.7615 -89.7222 180.028 89.926
-0.209224 89.758 -89.7206 180.032 89.9385
-0.214274 89.7556 -89.7191 180.032 89.9416
-0.224815 89.7526 -89.7226 180.034 89.9418
-0.221746 89.7559 -89.7291 180.034 89.9354
-0.226976 89.7513 -89.7259 180.036 89.9405
-0.234989 89.7484 -89.7175 180.038 89.9381
-0.237904 89.7449 -89.7141 180.04 89.938
-0.241212 89.7375 -89.6998 180.042 89.9336
-0.246681 89.7351 -89.6943 180.037 89.9345
-0.253833 89.7333 -89.6887 180.035 89.9315
-0.2598 89.7298 -89.6879 180.035 89.9328
-0.262128 89.7282 -89.6832 180.03 89.9387
-0.266165 89.724 -89.6806 180.034 89.9383
-0.271205 89.7246 -89.679 180.033 89.9369
-0.27543 89.7223 -89.6779 180.035 89.9321
-0.27888 89.7212 -89.6752 180.034 89.9345
-0.27918 89.7187 -89.6707 180.032 89.9287
-0.282279 89.7141 -89.6654 180.029 89.928
-0.285154 89.7105 -89.6583 180.027 89.9337
-0.291463 89.7045 -89.6534 180.03 89.9362
-0.297757 89.6994 -89.6469 180.032 89.9361
-0.304937 89.696 -89.6491 180.031 89.9489
-0.307371 89.7002 -89.6536 180.028 89.9483
-0.305154 89.6988 -89.6564 180.029 89.9491
-0.312291 89.6967 -89.6504 180.024 89.9536
-0.314572 89.6962 -89.6474 180.026 89.9504
-0.31819 89.6988 -89.6465 180.022 89.9542
-0.322751 89.6953 -89.6461 180.024 89.9533
-0.327784 89.6971 -89.648 180.021 89.9554
-0.328902 89.6936 -89.647 180.02 89.9522
-0.333396 89.691 -89.6387 180.02 89.949
-0.338146 89.6881 -89.6339 180.022 89.9464
-0.343876 89.6819 -89.6286 180.027 89.9416
-0.341612 89.6838 -89.6316 180.027 89.9339
-0.340547 89.6822 -89.6279 180.025 89.9228
-0.347934 89.6801 -89.6244 180.025 89.924
-0.351031 89.6751 -89.622 180.024 89.9211
-0.35881 89.6687 -89.6112 180.026 89.9208
-0.36207 89.6663 -89.6099 180.023 89.9216
-0.372127 89.6565 -89.5965 180.022 89.9277
-0.377874 89.6576 -89.5975 180.021 89.9314
-0.37711 89.6603 -89.5978 180.025 89.9203
-0.381433 89.6549 -89.5913 180.028 89.9212
-0.386389 89.6574 -89.5939 180.027 89.9213
-0.389273 89.6539 -89.5896 180.028 89.9246
-0.396564 89.6514 -89.5869 180.036 89.9233
-0.394642 89.6513 -89.5831 180.036 89.9217
-0.400341 89.6475 -89.5758 180.035 89.9266
-0.403107 89.6436 -89.5733 180.034 89.9352
-0.409461 89.6381 -89.5699 180.032 89.9445
-0.412364 89.636 -89.5675 180.031 89.9437
-0.415731 89.6301 -89.5632 180.031 89.9419
-0.417884 89.632 -89.5665 180.034 89.9438
-0.422026 89.6307 -89.5621 180.028 89.9438
-0.429008 89.6231 -89.5533 180.026 89.9447
-0.432145 89.6197 -89.5466 180.023 89.9479
-0.432396 89.6197 -89.5498 180.024 89.9515
-0.438297 89.6156 -89.5427 180.026 89.9549
-0.441705 89.6131 -89.539 180.022 89.9545
-0.442305 89.6114 -89.5367 180.018 89.9565
-0.442417 89.6087 -89.5283 180.018 89.9633
-0.44504 89.6074 -89.5248 180.019 89.9645
-0.447741 89.6005 -89.5232 180.026 89.9609
-0.450835 89.598 -89.5152 180.024 89.9582
-0.450728 89.5957 -89.5158 180.028 89.9537
-0.459759 89.594 -89.5083 180.023 89.9598
-0.460604 89.5936 -89.5111 180.027 89.9602
-0.463099 89.5944 -89.5091 180.023 89.9599
-0.466899 89.5933 -89.5031 180.017 89.9672
-0.471984 89.5929 -89.5017 180.014 89.9722
-0.473675 89.5915 -89.4998 180.012 89.9696
-0.471858 89.5911 -89.4939 180.008 89.9685
-0.473907 89.5875 -89.4918 180.008 89.9698
-0.48383 89.5894 -89.494 180.006 89.9781
-0.486076 89.5906 -89.4967 180.009 89.9763
-0.485471 89.5957 -89.5016 180.008 89.9792
-0.493606 89.5915 -89.4947 180.005 89.9811
-0.49437 89.5903 -89.4932 180.005 89.9753
-0.497735 89.5883 -89.4892 180.005 89.9731
-0.498802 89.5883 -89.496 180.01 89.9761
-0.505421 89.5878 -89.4913 180.012 89.9773
-0.505059 89.588 -89.4943 180.016 89.9699
-0.505523 89.5846 -89.4897 180.014 89.9672
-0.509702 89.5874 -89.4892 180.015 89.9716
-0.509229 89.5892 -89.4935 180.015 89.9649
-0.512371 89.5856 -89.491 180.018 89.9613
-0.512475 89.5901 -89.4961 180.019 89.959
-0.518098 89.5846 -89.491 180.022 89.955
-0.519919 89.5851 -89.4919 180.025 89.9495
-0.519421 89.5831 -89.4909 180.027 89.9504
-0.52349 89.5828 -89.4967 180.031 89.9486
-0.523347 89.5876 -89.5001 180.035 89.9501
-0.523835 89.5952 -89.5082 180.039 89.9475
-0.527377 89.5905 -89.501 180.041 89.9494
-0.528717 89.5889 -89.4983 180.038 89.9539
-0.530578 89.5878 -89.4996 180.041 89.9498
-0.531866 89.5813 -89.4878 180.042 89.9425
-0.531395 89.5867 -89.4895 180.039 89.9442
-0.532464 89.5848 -89.4873 180.035 89.944
-0.530867 89.5813 -89.4787 180.03 89.9417
-0.538155 89.5786 -89.4754 180.026 89.9514
-0.545423 89.5735 -89.4667 180.024 89.9576
-0.544115 89.5726 -89.469 180.021 89.9536
-0.551292 89.5678 -89.4635 180.019 89.9589
-0.551593 89.5689 -89.465 180.02 89.9554
-0.555685 89.5692 -89.4645 180.018 89.9587
-0.557748 89.5722 -89.465 180.017 89.961
-0.562196 89.5707 -89.4583 180.013 89.9663
-0.565653 89.5697 -89.4544 180.011 89.9682
-0.568507 89.5664 -89.4514 180.01 89.969
-0.57464 89.5704 -89.4497 180.008 89.9738
-0.573164 89.568 -89.4478 180.012 89.9684
-0.570612 89.572 -89.4493 180.012 89.9667
-0.574815 89.572 -89.4472 180.014 89.9663
-0.575808 89.5761 -89.4436 180.011 89.9634
-0.582875 89.5728 -89.4376 180.003 89.9717
-0.586265 89.5727 -89.4401 180.008 89.9694
-0.589673 89.5672 -89.4385 180.013 89.9748
-0.591573 89.5613 -89.4313 180.014 89.9716
-0.598074 89.5584 -89.4295 180.013 89.9748
-0.596156 89.5555 -89.4293 180.014 89.9686
-0.600336 89.5552 -89.4262 180.008 89.9712
-0.604983 89.5466 -89.4179 180.01 89.9722
-0.603178 89.5469 -89.4159 180.012 89.9683
-0.611222 89.542 -89.4081 180.01 89.9772
-0.621484 89.5354 -89.3983 180.005 89.9813
-0.622694 89.5341 -89.3978 180.006 89.9809
-0.626115 89.5326 -89.4001 180.007 89.9847
-0.630921 89.5288 -89.3911 180.003 89.987
-0.636295 89.5244 -89.3854 180.002 89.9941
-0.642442 89.5182 -89.3812 179.997 89.9994
-0.649168 89.5182 -89.3844 179.997 90.0054
-0.649697 89.5143 -89.3801 179.994 90.0023
-0.652335 89.5089 -89.3726 179.991 90.0041
-0.65225 89.504 -89.3732 179.993 90.0021
-0.657916 89.5004 -89.3663 179.992 90.0036
-0.66295 89.4966 -89.3654 179.989 90.0001
-0.664828 89.4962 -89.367 179.991 90.0031
-0.666892 89.4928 -89.3627 179.994 90.0056
-0.666109 89.4979 -89.3642 179.994 90.006
-0.669442 89.4966 -89.3615 179.997 90.0092
-0.66721 89.4949 -89.3673 180.002 90.0078
-0.672697 89.4939 -89.3668 180.006 90.0088
-0.68119 89.4914 -89.3659 180.004 90.017
-0.680189 89.4958 -89.3689 180.001 90.0239
-0.679146 89.4917 -89.3634 180.002 90.0214
-0.680167 89.485 -89.3548 179.999 90.0227
-0.688281 89.4831 -89.3481 179.998 90.0264
-0.686501 89.4843 -89.3512 180.002 90.0268
-0.690747 89.4773 -89.3456 180.002 90.0214
-0.689528 89.4777 -89.3452 180.003 90.0259
-0.687565 89.4739 -89.3398 180.005 90.0211
-0.689744 89.469 -89.335 180.006 90.0222
-0.693953 89.4691 -89.333 180.009 90.026
-0.696248 89.4617 -89.3238 180.008 90.0287
-0.699642 89.4648 -89.3285 180.011 90.0309
-0.6997 89.4621 -89.3234 180.01 90.0261
-0.704292 89.4545 -89.3154 180.012 90.0258
-0.706443 89.4519 -89.3129 180.011 90.0278
-0.705823 89.4502 -89.3088 180.006 90.0319
-0.709858 89.4495 -89.3045 180.008 90.035
-0.715153 89.445 -89.3023 180.012 90.0379
-0.719597 89.4444 -89.3013 180.008 90.0391
-0.723523 89.4435 -89.2995 180.003 90.0391
-0.726589 89.4417 -89.2938 180.002 90.0367
-0.727772 89.4394 -89.2905 180.002 90.0398
-0.730062 89.4396 -89.2908 180.003 90.0349
-0.730447 89.4358 -89.2863 180.001 90.035
-0.729238 89.4331 -89.2825 179.998 90.0325
-0.731641 89.4351 -89.2865 180 90.0331
-0.730596 89.4346 -89.2862 180 90.0242
-0.728447 89.4331 -89.2845 180.003 90.016
-0.726467 89.4386 -89.2884 180.001 90.013
-0.724177 89.4378 -89.2884 180.005 90.013
-0.722759 89.4371 -89.2893 180.011 90.0139
-0.718345 89.4368 -89.2881 180.009 90.0139
-0.720849 89.4324 -89.2871 180.01 90.0116
-0.71176 89.4334 -89.2915 180.019 90.0056
-0.714904 89.4313 -89.2904 180.019 90.005
-0.715273 89.4236 -89.2885 180.02 90.0064
-0.715229 89.4208 -89.2898 180.028 89.9989
-0.712004 89.4202 -89.2854 180.027 89.9942
-0.710375 89.4237 -89.2872 180.027 89.9966
-0.706109 89.4272 -89.2965 180.026 89.9933
-0.703549 89.4277 -89.2904 180.027 89.9897
-0.703263 89.4289 -89.2954 180.03 89.9947
-0.704958 89.4299 -89.2927 180.026 89.997
-0.703809 89.4271 -89.2854 180.03 89.9902
-0.704528 89.4271 -89.2887 180.03 89.9861
-0.70584 89.4265 -89.2904 180.031 90.0001
-0.706927 89.4285 -89.2938 180.024 90.0027
-0.703068 89.4288 -89.2936 180.024 89.998
-0.706574 89.4245 -89.2866 180.019 90.0003
-0.705275 89.4211 -89.2797 180.013 89.9993
-0.708381 89.4176 -89.2764 180.015 89.9978
-0.712351 89.4104 -89.2673 180.012 90.0024
-0.712734 89.4092 -89.2668 180.012 90.0069
-0.708412 89.4059 -89.2629 180.017 90.0029
-0.711552 89.402 -89.2598 180.013 90.0053
-0.710091 89.4023 -89.2616 180.013 89.9978
-0.7099 89.4033 -89.2573 180.009 89.9939
-0.704421 89.4003 -89.2568 180.015 89.9866
-0.703601 89.4012 -89.2534 180.013 89.9848
-0.699855 89.405 -89.2616 180.02 89.9839
-0.700543 89.4032 -89.2597 180.018 89.9905
-0.696966 89.4034 -89.2576 180.012 89.9888
-0.704295 89.3956 -89.2482 180.007 89.9973
-0.697419 89.4012 -89.2581 180.006 90.0046
-0.696633 89.3963 -89.2561 180.002 90.0091
-0.698082 89.4002 -89.2526 179.993 90.0135
-0.699086 89.4035 -89.2562 179.997 90.0106
-0.699553 89.4078 -89.2534 179.998 90.013
-0.704443 89.4051 -89.2473 179.998 90.0202
-0.705564 89.4073 -89.2464 179.999 90.0157
-0.703442 89.4091 -89.2469 179.996 90.0166
-0.700586 89.412 -89.2483 179.999 90.006
-0.697921 89.4119 -89.2469 180.002 89.9958
-0.700121 89.4091 -89.2407 180.003 89.9945
-0.703333 89.4056 -89.2344 180.006 89.9915
-0.704339 89.4089 -89.2457 180.011 89.9907
-0.707429 89.4091 -89.2432 180.011 89.9883
-0.711289 89.4017 -89.2349 180.014 89.9866
-0.711831 89.4041 -89.2342 180.007 89.9897
-0.710848 89.4056 -89.2374 180.006 89.9843
-0.710784 89.4057 -89.2352 180.006 89.9809
-0.713556 89.403 -89.2372 180.003 89.9811
-0.722958 89.4015 -89.234 180.003 89.9867
-0.721986 89.4 -89.2377 180.005 89.9808
-0.719233 89.3991 -89.2358 180.003 89.9837
-0.718004 89.4013 -89.2395 180 89.9843
-0.719419 89.4023 -89.2425 179.998 89.9856
-0.717695 89.3981 -89.2391 179.998 89.9832
-0.72017 89.398 -89.2326 179.991 89.9835
-0.724721 89.3962 -89.2304 179.989 89.9813
-0.72476 89.3946 -89.2232 179.981 89.9853
-0.725396 89.3904 -89.2191 179.985 89.9772
-0.728789 89.3919 -89.2228 179.985 89.9846
-0.727239 89.3933 -89.2217 179.984 89.9855
-0.731982 89.3884 -89.2146 179.981 89.9854
-0.731862 89.3919 -89.2174 179.987 89.9828
-0.728839 89.3938 -89.2204 179.989 89.9781
-0.732438 89.3935 -89.2216 179.987 89.9811
-0.738536 89.3864 -89.2152 179.992 89.9796
-0.741847 89.3873 -89.2173 179.995 89.9876
-0.742712 89.3831 -89.2143 179.996 89.9884
-0.743466 89.3797 -89.2085 179.995 89.9827
-0.749933 89.3782 -89.2079 179.992 89.9908
-0.751625 89.3766 -89.2035 179.988 89.9944
-0.755446 89.3696 -89.1963 179.99 89.9971
-0.754314 89.3672 -89.1945 179.988 90.0043
-0.759161 89.366 -89.1945 179.989 90.01
-0.755688 89.3654 -89.1923 179.983 90.0108
-0.756783 89.363 -89.187 179.985 90.0097
-0.745519 89.3688 -89.1932 179.984 90.0083
-0.753865 89.3642 -89.1872 179.983 90.014
-0.752957 89.3659 -89.1925 179.984 90.0095
-0.754863 89.368 -89.1962 179.983 90.0138
-0.762571 89.3653 -89.1942 179.983 90.0185
-0.763385 89.3656 -89.1923 179.986 90.0215
-0.765418 89.3648 -89.1945 179.983 90.0253
-0.766624 89.368 -89.2027 179.987 90.0233
-0.765271 89.3672 -89.1998 179.987 90.0232
-0.766659 89.3679 -89.2002 179.99 90.0184
-0.772135 89.3627 -89.1897 179.988 90.0164
-0.771179 89.3567 -89.1893 179.996 90.0099
-0.773854 89.3553 -89.1874 179.994 90.0096
-0.776407 89.3551 -89.1866 179.998 90.0043
-0.774139 89.3522 -89.1837 179.999 89.9988
-0.769161 89.3568 -89.1934 180 89.9948
-0.77273 89.3614 -89.1947 179.998 89.9996
-0.783067 89.3505 -89.1789 180 90.0034
-0.78888 89.3422 -89.1707 179.997 90.0019
-0.789885 89.3414 -89.1684 179.995 90.0095
-0.792913 89.344 -89.1737 179.997 90.0126
-0.796228 89.3446 -89.1719 179.998 90.011
-0.798962 89.3412 -89.1678 180.001 90.0129
-0.799447 89.3449 -89.1703 180.002 90.0184
-0.797429 89.3492 -89.1753 180.005 90.016
-0.800616 89.3452 -89.1663 180.006 90.0109
-0.799125 89.3484 -89.1716 180.007 90.0134
-0.79921 89.3495 -89.1724 180.004 90.0147
-0.800085 89.3517 -89.1756 180.007 90.0105
-0.796436 89.3487 -89.1721 180.01 90.0042
-0.798473 89.3463 -89.1703 180.009 90.0049
-0.798002 89.3457 -89.1644 180.003 90.0035
-0.796253 89.3446 -89.1611 180.005 89.999
-0.791348 89.3421 -89.1569 180 89.994
-0.793611 89.3425 -89.1562 179.998 89.9902
-0.793719 89.3377 -89.1519 180 89.9913
-0.797436 89.3336 -89.1517 180.001 89.9895
-0.800565 89.3304 -89.1487 180.001 89.9864
-0.802144 89.3319 -89.1454 179.999 89.9801
-0.809665 89.3292 -89.1437 179.999 89.9846
-0.804334 89.3297 -89.1401 179.997 89.9752
-0.799761 89.33 -89.139 179.997 89.9695
-0.80741 89.3238 -89.1306 179.994 89.9743
-0.812728 89.3203 -89.1306 180.001 89.9729
-0.81476 89.3141 -89.123 180.004 89.9697
-0.8179 89.3148 -89.1227 180.005 89.9715
-0.821354 89.3167 -89.1231 180.003 89.9771
-0.817738 89.3176 -89.1251 180.005 89.9675
-0.824712 89.3112 -89.1261 180.01 89.9773
-0.825167 89.312 -89.1302 180.012 89.9731
-0.828072 89.3131 -89.1272 180.009 89.9732
-0.821708 89.3086 -89.1254 180.013 89.9679
-0.822064 89.3078 -89.1316 180.018 89.9667
-0.822754 89.3083 -89.1313 180.014 89.9712
-0.825852 89.3033 -89.1249 180.011 89.9842
-0.823713 89.3047 -89.1299 180.015 89.9922
-0.823798 89.3036 -89.1269 180.013 89.9883
-0.824063 89.3014 -89.127 180.017 89.9808
-0.818834 89.3018 -89.1311 180.022 89.9743
-0.819352 89.3002 -89.1287 180.026 89.9699
-0.818492 89.302 -89.1325 180.027 89.9683
-0.811013 89.3054 -89.1383 180.032 89.9604
-0.811866 89.3016 -89.1349 180.029 89.9552
-0.812769 89.3043 -89.1375 180.031 89.9566
-0.812306 89.301 -89.1297 180.027 89.9521
-0.815175 89.2989 -89.1275 180.032 89.9529
-0.808444 89.3049 -89.1302 180.03 89.9464
-0.807996 89.3052 -89.1285 180.026 89.9485
-0.809775 89.2998 -89.1244 180.028 89.9465
-0.811374 89.2925 -89.1178 180.026 89.9483
-0.813106 89.2883 -89.1147 180.025 89.9538
-0.815242 89.2881 -89.1034 180.02 89.9499
-0.819448 89.2888 -89.1061 180.024 89.9525
-0.824255 89.2846 -89.0983 180.018 89.9626
-0.823407 89.2807 -89.0961 180.019 89.9609
-0.830114 89.2767 -89.0929 180.019 89.956
-0.831611 89.2758 -89.0892 180.014 89.9563
-0.833526 89.2765 -89.0941 180.018 89.9528
-0.832275 89.2757 -89.0907 180.018 89.9484
-0.834681 89.2746 -89.0832 180.012 89.9463
-0.836084 89.2697 -89.0816 180.012 89.9429
-0.83643 89.2704 -89.0839 180.017 89.9422
-0.838597 89.271 -89.0836 180.017 89.9504
-0.842633 89.2671 -89.0843 180.021 89.9424
-0.846683 89.2676 -89.0861 180.023 89.9422
-0.847604 89.268 -89.0842 180.025 89.9389
-0.85266 89.2642 -89.0763 180.022 89.9373
-0.849091 89.266 -89.0792 180.024 89.9356
-0.85024 89.2659 -89.0745 180.019 89.9435
-0.855127 89.2629 -89.0747 180.019 89.9417
-0.851298 89.2665 -89.0748 180.021 89.9393
-0.851057 89.2692 -89.0781 180.019 89.9368
-0.851234 89.2724 -89.0812 180.02 89.9442
-0.857947 89.273 -89.0815 180.024 89.9445
-0.857364 89.2724 -89.081 180.02 89.9446
-0.851329 89.2781 -89.0856 180.018 89.9432
-0.853381 89.2761 -89.0844 180.015 89.9452
-0.85502 89.2741 -89.0811 180.015 89.9403
-0.858378 89.2709 -89.0757 180.016 89.9423
-0.855932 89.2747 -89.086 180.016 89.9389
-0.855331 89.2732 -89.0818 180.022 89.9335
-0.850683 89.2773 -89.0834 180.019 89.9352
-0.857358 89.2721 -89.0752 180.018 89.9355
-0.858752 89.2713 -89.0721 180.016 89.9279
-0.860807 89.2699 -89.0735 180.02 89.928
-0.861506 89.27 -89.0732 180.024 89.9258
-0.85906 89.276 -89.0791 180.025 89.9221
-0.857852 89.2775 -89.0764 180.022 89.9258
-0.859259 89.2757 -89.0729 180.025 89.926
-0.854001 89.278 -89.0733 180.024 89.9294
-0.859505 89.276 -89.0674 180.023 89.9296
-0.860683 89.2764 -89.0696 180.023 89.9278
-0.862073 89.2819 -89.0747 180.022 89.933
-0.865699 89.285 -89.0793 180.018 89.9397
-0.871813 89.279 -89.0671 180.018 89.9445
-0.873929 89.2798 -89.0638 180.017 89.9442
-0.875283 89.2816 -89.0621 180.016 89.9411
-0.872234 89.2835 -89.0693 180.015 89.9486
-0.876659 89.2829 -89.0665 180.015 89.9543
-0.875266 89.2866 -89.0638 180.011 89.944
-0.87539 89.2901 -89.0667 180.011 89.9413
-0.877751 89.2948 -89.076 180.011 89.9431
-0.880529 89.2975 -89.0738 180.008 89.9476
-0.885222 89.2932 -89.0675 180.006 89.9521
-0.877632 89.3004 -89.0738 180.011 89.9415
-0.877551 89.3048 -89.0777 180.011 89.9434
-0.878575 89.3031 -89.0821 180.01 89.9505
-0.878453 89.3035 -89.0818 180.008 89.9537
-0.877371 89.3054 -89.0882 180.011 89.9523
-0.874033 89.3071 -89.0843 180.009 89.9541
-0.869392 89.3123 -89.0918 180.011 89.9522
-0.87137 89.3148 -89.0927 180.012 89.9503
-0.873117 89.3171 -89.1012 180.014 89.9487
-0.874428 89.3178 -89.0993 180.011 89.9621
-0.86913 89.3227 -89.1078 180.009 89.9673
-0.868311 89.3215 -89.1071 180.008 89.9654
-0.867537 89.3265 -89.111 180.003 89.9634
-0.863998 89.3314 -89.1067 180 89.96
-0.862665 89.3329 -89.1074 179.997 89.9593
-0.857044 89.3369 -89.1078 179.993 89.953
-0.859991 89.3423 -89.1186 179.994 89.9583
-0.858815 89.3465 -89.124 179.996 89.9606
-0.854645 89.3552 -89.136 179.995 89.9592
-0.853767 89.3542 -89.1351 179.993 89.9619
-0.855465 89.3557 -89.1349 179.991 89.9693
-0.853326 89.3552 -89.1318 179.993 89.9713
-0.853088 89.361 -89.1354 179.991 89.9756
-0.847712 89.3635 -89.1424 179.993 89.968
-0.847034 89.3674 -89.1424 179.989 89.9667
-0.848954 89.3669 -89.1409 179.986 89.9713
-0.847851 89.369 -89.1444 179.984 89.9743
-0.843745 89.3677 -89.1421 179.983 89.9771
-0.840648 89.3687 -89.1456 179.98 89.9808
-0.841989 89.3731 -89.1522 179.98 89.9839
-0.8434 89.379 -89.1606 179.982 89.9844
-0.84375 89.3767 -89.1588 179.984 89.9781
-0.844441 89.3808 -89.1585 179.981 89.9897
-0.837975 89.3883 -89.1706 179.984 89.9895
-0.834761 89.3884 -89.1695 179.989 89.9839
-0.83373 89.391 -89.1739 179.99 89.9814
-0.83189 89.3917 -89.1747 179.992 89.9777
-0.831803 89.3995 -89.1814 179.988 89.9823
-0.832114 89.3943 -89.1726 179.981 89.9866
-0.839501 89.395 -89.1677 179.977 89.9963
-0.839163 89.4026 -89.1737 179.976 90.0021
-0.841267 89.4045 -89.171 179.974 90.0037
-0.833934 89.412 -89.1793 179.972 90.0032
-0.841998 89.4134 -89.1794 179.971 90.0079
-0.845765 89.4136 -89.1763 179.973 90.0167
-0.849792 89.4131 -89.1783 179.967 90.0288
-0.852441 89.4098 -89.1756 179.964 90.0312
-0.854088 89.4145 -89.1847 179.968 90.0314
-0.860959 89.4088 -89.1765 179.965 90.0315
-0.861603 89.4093 -89.1728 179.964 90.0321
-0.860555 89.4123 -89.1791 179.963 90.0338
-0.862819 89.4178 -89.1886 179.966 90.0343
-0.869487 89.4109 -89.1719 179.959 90.0372
-0.87283 89.4128 -89.1684 179.956 90.0396
-0.875705 89.4134 -89.1707 179.955 90.0402
-0.877448 89.4191 -89.1783 179.958 90.0433
-0.882167 89.415 -89.1706 179.956 90.0448
-0.886874 89.412 -89.1632 179.952 90.0519
-0.888667 89.4113 -89.1639 179.95 90.0552
-0.896432 89.4116 -89.162 179.947 90.0562
-0.896961 89.4143 -89.159 179.944 90.0615
-0.896682 89.4155 -89.1616 179.943 90.0613
-0.897794 89.4122 -89.1581 179.942 90.0648
-0.901885 89.4116 -89.1567 179.944 90.0664
-0.906481 89.4101 -89.1497 179.942 90.0699
-0.91648 89.4035 -89.143 179.939 90.0779
-0.919384 89.4069 -89.1452 179.94 90.0843
-0.9231 89.4005 -89.1426 179.947 90.0884
-0.921334 89.4066 -89.1512 179.946 90.0917
-0.924161 89.4046 -89.1462 179.946 90.0866
-0.927409 89.4077 -89.1486 179.943 90.0887
-0.931055 89.4039 -89.1491 179.95 90.0923
-0.929879 89.4065 -89.15 179.951 90.1006
-0.933867 89.4 -89.1407 179.947 90.11
-0.936376 89.3952 -89.1305 179.948 90.1017
-0.932505 89.3963 -89.1336 179.948 90.1042
-0.932452 89.3909 -89.1226 179.944 90.1045
-0.932285 89.3883 -89.1189 179.94 90.1091
-0.936667 89.3859 -89.1169 179.942 90.1102
-0.938016 89.3854 -89.1147 179.94 90.109
-0.939185 89.3824 -89.1065 179.935 90.1105
-0.945484 89.3824 -89.1057 179.938 90.111
-0.947756 89.3822 -89.1031 179.94 90.1135
-0.947966 89.3829 -89.1088 179.941 90.1043
-0.951307 89.3828 -89.1056 179.938 90.1055
-0.956037 89.3792 -89.0986 179.938 90.107
-0.954565 89.3818 -89.0989 179.938 90.1107
-0.954832 89.3859 -89.1014 179.942 90.106
-0.961388 89.3851 -89.0991 179.934 90.1125
-0.957803 89.3886 -89.103 179.934 90.1138
-0.961542 89.3909 -89.1041 179.931 90.1191
-0.962402 89.3894 -89.1056 179.938 90.1185
-0.963816 89.3895 -89.1037 179.94 90.1136
-0.962276 89.3828 -89.097 179.946 90.1044
-0.960286 89.3795 -89.0915 179.947 90.0946
-0.965055 89.3781 -89.0882 179.944 90.097
-0.970984 89.3732 -89.0842 179.943 90.0914
-0.975695 89.3692 -89.0765 179.942 90.0877
-0.977497 89.3682 -89.0716 179.943 90.0809
-0.97329 89.3684 -89.0704 179.944 90.0783
-0.973391 89.3705 -89.0668 179.943 90.0825
