4
1.57605 90.7225 -90.7118 179.998 89.92
0.83687 90.8368 89.1656 -0.00511504 -89.9999
1.7787 90.7987 -90.792 179.998 89.8732
0.93882 90.9387 89.0643 -0.00426424 -89.9999
1.99208 90.8822 -90.8782 179.999 89.7817
1.05439 91.0543 88.9512 -0.00143069 -90
2.22276 90.9839 -90.9752 180 89.7339
1.18079 91.1808 88.8267 -0.00108458 -90
2.46675 91.0999 -91.0876 179.999 89.7445
1.31022 91.3102 88.7008 0.00175218 -90
2.74599 91.2488 -91.2324 180.001 89.7314
1.46979 91.4698 88.543 0.00270118 -90
3.03694 91.4084 -91.398 180.001 89.7521
1.64135 91.6414 88.3722 0.00434614 -90
3.33623 91.5782 -91.57 180.002 89.7716
1.81613 91.8162 88.1979 0.00413212 -90
3.65099 91.7637 -91.7614 180.002 89.8291
2.00176 92.0018 88.0136 0.00388094 -90
3.96192 91.9478 -91.9485 180.001 89.8662
2.19343 92.1935 87.8215 0.00327389 -90
4.26943 92.1289 -92.1251 180.001 89.9176
2.37468 92.3747 87.6422 0.00396245 -90
4.56703 92.3045 -92.3037 180.002 89.9451
2.55286 92.5529 87.4616 0.00525507 -90.0001
4.88815 92.4931 -92.4883 180.002 89.9813
2.74195 92.7421 87.2728 0.00738364 -90.0001
5.21443 92.6924 -92.6949 180.001 90.0012
2.94353 92.9437 87.0728 0.00920631 -90.0001
5.53329 92.8772 -92.8819 180.002 89.9925
3.1373 93.1374 86.8792 0.00993328 -90.0001
5.84826 93.0641 -93.0741 180.001 90.0213
3.32206 93.3222 86.6947 0.00914836 -90.0001
6.15125 93.2456 -93.2635 180.001 90.0546
3.50671 93.5068 86.5079 0.00937103 -90.0001
6.47831 93.4411 -93.4615 179.999 90.0992
3.69935 93.6995 86.3133 0.00889825 -90.0001
6.79047 93.6337 -93.6601 179.999 90.1159
3.88734 93.8874 86.125 0.00786302 -90.0001
7.09746 93.8101 -93.8411 179.998 90.136
4.06965 94.0698 85.9427 0.00970227 -90.0001
7.40164 93.9872 -94.0179 179.999 90.1249
4.25283 94.253 85.7607 0.0115601 -90.0001
7.72336 94.1798 -94.2094 179.999 90.163
4.44133 94.4415 85.5716 0.0119083 -90.0001
7.98344 94.3189 -94.472 179.995 90.1986
4.62642 94.6265 85.421 0.00980811 -90.0001
8.12729 94.3125 -94.6084 179.995 90.2572
4.7333 94.7337 85.4632 0.037235 -90.0003
8.33821 94.3385 -94.3515 180.004 90.332
4.72738 94.7278 85.0828 0.0871476 -90.0001
8.44842 94.333 -94.3534 180.005 90.3806
4.78118 94.7817 85.0194 0.0904836 -90.0001
8.57514 94.3277 -94.3531 180.007 90.4425
4.83337 94.8339 84.948 0.0906831 -90.0001
8.69572 94.3198 -94.348 180.007 90.5076
4.8821 94.8826 84.8867 0.0932756 -90.0001
8.81813 94.3149 -94.3497 180.007 90.5596
4.93161 94.9321 84.8247 0.0926977 -90.0001
8.94444 94.3096 -94.3449 180.007 90.6197
4.98134 94.9818 84.7617 0.0891679 -90.0001
9.07245 94.3032 -94.3345 180.007 90.6804
5.02917 95.0296 84.707 0.0892636 -90.0001
9.19361 94.2968 -94.318 180.011 90.7318
5.07493 95.0754 84.6581 0.0894026 -90.0001
9.32711 94.2917 -94.3099 180.013 90.7909
5.12852 95.129 84.6059 0.0885768 -90.0001
9.45947 94.2874 -94.3027 180.013 90.8555
5.18129 95.1818 84.5506 0.0870548 -90.0001
9.58962 94.285 -94.2922 180.016 90.9156
5.23146 95.2319 84.4981 0.086953 -90.0001
9.71486 94.2805 -94.2824 180.017 90.9657
5.28434 95.2848 84.4406 0.0843492 -90.0001
9.83829 94.2717 -94.2722 180.018 91.0292
5.33046 95.3309 84.3911 0.0849816 -90.0001
9.9681 94.2638 -94.2549 180.021 91.0926
5.38228 95.3828 84.3339 0.0867584 -90.0001
10.0892 94.2589 -94.2459 180.023 91.1501
5.42387 95.4244 84.292 0.0889126 -90.0001
10.2126 94.25 -94.2354 180.025 91.1997
5.47468 95.4752 84.2402 0.0889886 -90.0001
10.3405 94.2426 -94.224 180.026 91.2543
5.52627 95.5268 84.1877 0.0888511 -90.0001
10.4685 94.2372 -94.2169 180.027 91.3073
5.57438 95.5749 84.1372 0.0891945 -90.0001
10.595 94.2269 -94.2025 180.027 91.3612
5.62466 95.6252 84.0826 0.0863642 -90.0001
10.7219 94.2217 -94.193 180.028 91.4186
5.67429 95.6748 84.0317 0.0880031 -90.0001
10.8506 94.2128 -94.1772 180.031 91.472
5.72293 95.7235 83.9799 0.0883654 -90.0001
10.9796 94.2123 -94.1675 180.034 91.5272
5.77239 95.7729 83.9291 0.0897409 -90.0001
11.0882 94.1942 -94.1557 180.037 91.5728
5.81817 95.8187 83.886 0.0886206 -90.0001
11.2156 94.1853 -94.1244 180.038 91.6114
5.85932 95.8598 83.8419 0.0849131 -90.0001
11.3782 94.2149 -94.167 180.042 91.6956
5.89858 95.8991 83.7913 0.0828271 -90.0001
11.4825 94.1946 -94.1266 180.041 91.6935
5.95581 95.9563 83.7261 0.0808259 -90.0001
11.5986 94.1807 -94.114 180.044 91.7034
6.01711 96.0176 83.6688 0.0799753 -90.0001
11.7175 94.1688 -94.1179 180.046 91.7387
6.06619 96.0667 83.6586 0.0772382 -90.0001
11.3821 94.0198 -88.8184 180.184 91.8617
6.24322 96.2439 81.2767 0.232702 -89.999
11.8443 94.1291 -92.7718 180.028 91.8904
6.29483 96.2946 83.6919 -0.0359795 -89.9994
11.9679 94.2167 -95.5335 179.935 91.9515
6.41991 96.4172 84.5394 -0.145445 -89.9976
12.0361 94.1731 -94.5591 179.948 91.986
6.51448 96.5122 84.2597 -0.121789 -89.9978
9.65808 93.7027 -103.93 179.645 91.7783
7.67154 97.6539 87.6668 -0.528028 -89.9827
11.951 94.1117 -99.3974 179.833 92.1096
6.77578 96.7713 85.6889 -0.239574 -89.9961
12.2845 94.1488 -98.2988 179.887 92.1672
6.76034 96.7576 85.1468 -0.174727 -89.9978
12.2181 94.1132 -98.5511 179.844 92.2153
6.90868 96.9041 85.3715 -0.23164 -89.996
11.4128 93.9243 -100.301 179.701 92.2075
7.38618 97.3733 86.2757 -0.417062 -89.9879
8.80238 93.4206 -108.074 179.498 91.9967
8.70865 98.6899 88.1403 -0.660219 -89.9808
10.533 93.7019 -103.73 179.574 92.2027
7.98957 97.9721 87.268 -0.510428 -89.9828
12.3846 93.8543 -89.1778 179.902 92.3612
7.74732 97.7396 82.5772 -0.19764 -89.9914
10.3947 93.5593 -109.639 179.569 92.3514
8.50483 98.4992 87.6697 -0.53057 -89.9936
8.18564 92.92 -116.592 179.435 92.1883
10.0512 100.056 88.2409 -0.608365 -90.0008
12.7907 93.8814 -91.1617 179.855 92.5459
7.79877 97.79 83.1188 -0.233006 -89.991
13.5282 94.1229 -88.4411 180.085 92.5733
7.6711 97.6735 81.1228 0.124622 -89.9995
9.87518 92.9835 -116.865 179.571 92.4467
10.2375 100.247 86.987 -0.4216 -90.0057
12.533 93.825 -93.2546 179.714 92.639
8.34014 98.3211 83.8222 -0.388221 -89.9814
13.4677 94.0094 -104.503 179.891 92.8794
8.01889 98.0176 85.1651 -0.157416 -89.9988
7.9791 92.8572 -117.06 179.333 92.5192
10.6885 100.69 88.1188 -0.790827 -89.9963
10.725 93.2598 -94.2727 179.532 92.5675
9.71019 99.6631 84.2598 -0.744602 -89.9557
13.1401 93.5872 -81.876 180.021 92.7913
9.11293 99.1116 79.2131 -0.0691198 -89.9946
9.48863 93.1991 -115.47 179.396 92.7899
10.3766 100.377 87.5593 -0.691275 -89.9975
12.1691 93.6577 -94.6635 179.546 92.8081
9.31428 99.2828 84.0101 -0.586986 -89.9704
13.416 93.7653 -88.8241 179.749 92.9781
9.09105 99.0729 81.7566 -0.340918 -89.9816
11.3528 93.4894 -113.186 179.503 93.0985
9.81638 99.8171 86.9645 -0.548803 -89.9986
11.5649 93.5027 -112.788 179.508 93.1283
9.79872 99.7989 86.8512 -0.568772 -89.9983
12.5261 93.6982 -110.131 179.518 93.205
9.28406 99.2817 86.3859 -0.4798 -89.9964
12.7041 93.7333 -109.662 179.486 93.2157
9.24697 99.2431 86.2621 -0.507253 -89.9947
12.697 93.6953 -110.001 179.46 93.2401
9.33127 99.3272 86.2616 -0.523958 -89.9941
12.8403 93.6937 -109.916 179.451 93.2816
9.35598 99.3519 86.1769 -0.52915 -89.994
12.9097 93.6818 -110.009 179.437 93.3187
9.42265 99.4184 86.152 -0.540982 -89.9937
13.0955 93.697 -109.783 179.444 93.3741
9.43559 99.4313 86.0758 -0.536414 -89.9939
13.1808 93.6864 -109.883 179.435 93.4219
9.49879 99.4944 86.0452 -0.54513 -89.9937
13.2779 93.6723 -110.06 179.435 93.4621
9.5531 99.5489 86.0042 -0.550032 -89.9938
13.3687 93.6602 -110.103 179.428 93.4991
9.61319 99.6089 85.9678 -0.555053 -89.9937
13.5326 93.6546 -110.13 179.435 93.545
9.64543 99.6416 85.889 -0.551793 -89.9941
13.608 93.6407 -110.125 179.422 93.5902
9.69658 99.6924 85.8633 -0.563928 -89.9937
13.7058 93.6329 -110.092 179.414 93.632
9.74205 99.7376 85.8167 -0.569482 -89.9936
13.9035 93.6434 -110.075 179.424 93.6864
9.77208 99.7681 85.7363 -0.558347 -89.994
14.1458 93.6619 -109.833 179.437 93.7407
9.76585 99.762 85.6368 -0.547786 -89.9943
14.2969 93.6609 -109.781 179.442 93.7879
9.79828 99.7946 85.5738 -0.544199 -89.9944
15.5624 93.8674 -107.565 179.643 93.9159
9.45111 99.4499 84.7987 -0.362188 -89.9979
16.6135 94.0643 -102.949 179.82 94.0215
8.98636 98.9852 83.682 -0.1654 -89.9989
17.1063 94.1391 -100.408 179.984 94.0859
8.85036 98.8493 82.8055 -0.00795947 -89.9992
17.3319 94.1691 -98.7805 180.051 94.116
8.80454 98.8035 82.3062 0.0603535 -89.999
17.4818 94.1542 -97.0564 180.137 94.1442
8.76394 98.7627 81.7602 0.137493 -89.9986
17.3588 94.0703 -93.5416 180.377 94.1303
8.80136 98.7971 80.3209 0.367527 -89.9945
17.4914 94.0857 -90.0553 180.24 94.2022
8.74887 98.7507 79.9012 0.310212 -89.9994
17.8538 94.1459 -94.1979 180.066 94.2365
8.70672 98.7076 81.2915 0.127419 -90.0002
17.9777 94.146 -93.9057 180.09 94.2747
8.76895 98.7698 81.0846 0.13627 -90.0001
18.0954 94.1313 -93.9328 180.084 94.2488
8.77592 98.7767 81.0522 0.130048 -90.0001
18.218 94.1201 -93.94 180.079 94.1959
8.78133 98.7821 81.0329 0.123525 -90.0001
18.3372 94.1107 -93.9524 180.075 94.141
8.78 98.7807 81.0098 0.117435 -90.0001
18.4557 94.1024 -93.9492 180.071 94.0665
8.77654 98.7772 80.9998 0.113303 -90.0001
18.5853 94.089 -93.9398 180.069 93.9916
8.77272 98.7734 80.9941 0.112696 -90.0001
18.7072 94.0793 -93.9368 180.068 93.8931
8.77359 98.7742 80.9828 0.110336 -90.0001
18.8304 94.078 -93.9424 180.066 93.8624
8.77101 98.7716 80.9748 0.105927 -90.0001
18.9577 94.0798 -93.9474 180.063 93.8266
8.77245 98.7731 80.9647 0.103642 -90.0001
19.077 94.0751 -93.9458 180.062 93.7738
8.77984 98.7804 80.9525 0.103845 -90.0001
19.204 94.0743 -93.9426 180.059 93.7422
8.78156 98.7821 80.9462 0.100872 -90.0001
19.3271 94.0745 -93.9436 180.058 93.6987
8.78196 98.7825 80.9426 0.0987035 -90.0001
19.448 94.0673 -93.9372 180.057 93.6366
8.7968 98.7974 80.9245 0.0969407 -90.0001
19.5672 94.0641 -93.9354 180.056 93.6123
8.806 98.8065 80.9143 0.0968397 -90.0001
19.6871 94.0664 -93.9432 180.055 93.6096
8.81348 98.814 80.9038 0.0972518 -90.0001
19.812 94.0627 -93.9446 180.054 93.5478
8.83854 98.8391 80.8767 0.09738 -90.0001
19.9431 94.064 -93.9461 180.055 93.5031
8.86327 98.8638 80.853 0.0978715 -90.0001
20.0668 94.0598 -93.9373 180.057 93.4715
8.88752 98.8881 80.8282 0.0967425 -90.0001
20.1895 94.0556 -93.9349 180.059 93.4523
8.90423 98.9048 80.8097 0.0967839 -90.0001
20.3066 94.0514 -93.9289 180.059 93.4344
8.92889 98.9295 80.7837 0.0969142 -90.0001
20.429 94.0426 -93.9186 180.059 93.4197
8.95509 98.9557 80.7563 0.0956697 -90.0001
20.5609 94.0314 -93.9046 180.057 93.4013
8.98008 98.9807 80.7299 0.0975577 -90.0001
20.6853 94.0257 -93.8964 180.057 93.3935
9.00158 99.0022 80.7084 0.0986032 -90.0001
20.8082 94.0181 -93.8929 180.057 93.3682
9.0331 99.0337 80.6782 0.097071 -90.0001
20.9275 94.0175 -93.8878 180.056 93.3676
9.063 99.0636 80.6482 0.0970456 -90.0001
21.049 94.0104 -93.8782 180.056 93.3672
9.09202 99.0926 80.6159 0.0956351 -90.0001
21.1705 94.0104 -93.8687 180.057 93.3591
9.12103 99.1216 80.5832 0.0933243 -90.0001
21.3013 94.0055 -93.8739 180.056 93.3636
9.15214 99.1527 80.5547 0.092392 -90.0001
21.4219 94.003 -93.8761 180.055 93.339
9.17455 99.1751 80.5296 0.0888011 -90.0001
21.544 93.9944 -93.8633 180.054 93.3128
9.20923 99.2098 80.4927 0.0863087 -90.0001
21.6718 93.9903 -93.8607 180.053 93.3152
9.24986 99.2504 80.4487 0.081655 -90.0001
21.7954 93.9853 -93.855 180.054 93.3734
9.28917 99.2897 80.4064 0.0809226 -90.0001
21.9153 93.9772 -93.8403 180.053 93.3947
9.32624 99.3267 80.3693 0.0778154 -90.0001
22.0441 93.9737 -93.8371 180.052 93.4048
9.36721 99.3677 80.3253 0.0767411 -90.0001
22.1677 93.9682 -93.8307 180.052 93.4233
9.40638 99.4068 80.2858 0.0779163 -90.0001
22.2896 93.9637 -93.825 180.052 93.4422
9.44999 99.4505 80.2399 0.0755577 -90.0001
22.411 93.9607 -93.8232 180.051 93.4615
9.49557 99.496 80.1916 0.0738622 -90.0001
22.5301 93.9492 -93.8014 180.05 93.4931
9.533 99.5334 80.1516 0.0723045 -90.0001
22.6511 93.9382 -93.7913 180.051 93.5097
9.57752 99.5779 80.1054 0.0707824 -90.0001
22.7753 93.9267 -93.7804 180.052 93.5365
9.61596 99.6164 80.0664 0.0685789 -90.0001
22.9038 93.9213 -93.7678 180.051 93.5433
9.65821 99.6586 80.0252 0.0661899 -90.0001
23.03 93.9164 -93.7563 180.051 93.5663
9.69734 99.6977 79.9862 0.065258 -90.0001
23.1456 93.9104 -93.7463 180.053 93.5696
9.73487 99.7353 79.9468 0.0627825 -90.0001
23.2692 93.907 -93.7494 180.052 93.5581
9.77758 99.778 79.9004 0.0629774 -90.0001
23.3874 93.8995 -93.7335 180.051 93.5663
9.80939 99.8098 79.8711 0.0619622 -90.0001
23.5092 93.8947 -93.73 180.051 93.5589
9.84519 99.8456 79.8369 0.0619319 -90.0001
23.6325 93.8893 -93.7286 180.051 93.5702
9.88493 99.8853 79.7961 0.0609034 -90.0001
23.7519 93.8823 -93.7205 180.05 93.5626
9.92194 99.9223 79.7575 0.0606203 -90.0001
23.8737 93.8758 -93.7152 180.051 93.5553
9.96695 99.9673 79.7109 0.0581206 -90.0001
23.9953 93.8764 -93.7199 180.052 93.5732
10.0078 100.008 79.6666 0.0572892 -90.0001
24.1166 93.8735 -93.7172 180.049 93.5793
10.0517 100.052 79.6214 0.0560647 -90.0001
24.234 93.8706 -93.7196 180.049 93.6022
10.0915 100.092 79.5807 0.0572887 -90.0001
24.3459 93.8622 -93.706 180.049 93.6014
10.1363 100.137 79.5382 0.0569503 -90.0001
24.4644 93.8543 -93.6923 180.05 93.6053
10.1794 100.18 79.4959 0.0559409 -90.0001
24.5841 93.8515 -93.6885 180.049 93.6102
10.2237 100.224 79.4507 0.056195 -90.0001
24.7037 93.8406 -93.6678 180.049 93.6307
10.2657 100.266 79.4081 0.0576624 -90.0001
24.8192 93.8338 -93.6706 180.047 93.6341
10.3058 100.306 79.3714 0.0567031 -90.0001
24.9407 93.8282 -93.6607 180.05 93.6491
10.3481 100.348 79.3227 0.0535459 -90.0001
25.058 93.8153 -93.6534 180.049 93.6544
10.3951 100.395 79.2761 0.0547768 -90.0001
25.1803 93.8123 -93.6417 180.048 93.6653
10.4437 100.444 79.2297 0.0563676 -90.0001
25.3032 93.8064 -93.6323 180.047 93.6839
10.4927 100.493 79.1818 0.0550978 -90.0001
25.4277 93.799 -93.621 180.047 93.7058
10.5421 100.542 79.1301 0.053468 -90.0001
25.5445 93.7987 -93.6112 180.047 93.7278
10.5857 100.586 79.0882 0.0553924 -90.0001
25.6686 93.795 -93.6096 180.046 93.7357
10.6386 100.639 79.0338 0.0545836 -90.0001
25.7922 93.7898 -93.6008 180.045 93.7371
10.6882 100.688 78.9844 0.0556537 -90.0001
25.9111 93.7761 -93.5864 180.045 93.7613
10.7331 100.733 78.9375 0.0548915 -90.0001
26.0343 93.7743 -93.5835 180.045 93.7793
10.783 100.783 78.8901 0.0544604 -90.0001
26.1603 93.7741 -93.5944 180.045 93.7768
10.8356 100.836 78.8352 0.0546319 -90.0001
26.2794 93.7698 -93.5924 180.042 93.7995
10.8818 100.882 78.7896 0.0561364 -90.0001
26.3981 93.7625 -93.5783 180.043 93.8218
10.9329 100.933 78.7389 0.0540332 -90.0001
26.5196 93.7588 -93.5794 180.042 93.8308
10.986 100.986 78.6836 0.0546917 -90.0001
26.6479 93.7576 -93.5811 180.043 93.8481
11.0422 101.043 78.6258 0.0546512 -90.0001
26.7653 93.7499 -93.5776 180.04 93.8601
11.0881 101.088 78.5781 0.0534566 -90.0001
26.8838 93.7428 -93.5728 180.041 93.871
11.1338 101.134 78.5306 0.0532297 -90.0001
27.0082 93.7426 -93.5711 180.041 93.8867
11.1881 101.188 78.475 0.0505365 -90.0001
27.1313 93.731 -93.5537 180.041 93.9034
11.2416 101.242 78.4198 0.0501281 -90.0001
27.2586 93.7318 -93.557 180.041 93.9153
11.2928 101.293 78.3668 0.0486309 -90.0001
27.386 93.7246 -93.5461 180.042 93.9362
11.3432 101.343 78.3152 0.0480817 -90.0001
27.5106 93.7178 -93.541 180.041 93.9257
11.4005 101.401 78.2579 0.046029 -90.0001
27.6349 93.712 -93.5354 180.04 93.9459
11.4507 101.451 78.2079 0.0452569 -90
27.7567 93.7052 -93.5214 180.041 93.9627
11.5009 101.501 78.1598 0.0459198 -90
27.8814 93.696 -93.5101 180.041 93.9914
11.5482 101.548 78.1109 0.0455185 -90
28.0018 93.6908 -93.4991 180.042 94.0075
11.6049 101.605 78.0589 0.0478277 -90.0001
28.1277 93.6882 -93.497 180.041 94.0175
11.6607 101.661 78.0043 0.049495 -90.0001
28.2503 93.6874 -93.4851 180.043 94.0333
11.7105 101.711 77.9531 0.0492329 -90.0001
28.3772 93.6862 -93.4841 180.043 94.0624
11.7629 101.763 77.9018 0.0501884 -90.0001
28.5099 93.6845 -93.4911 180.046 94.0865
11.8174 101.818 77.8468 0.0474395 -90.0001
28.6364 93.6834 -93.4656 180.045 94.1158
11.8731 101.873 77.7924 0.0458503 -90.0001
28.7682 93.6752 -93.4452 180.046 94.1237
11.9288 101.929 77.7358 0.0447176 -90.0001
28.8641 93.6416 -93.4006 180.047 94.1491
11.9632 101.963 77.6993 0.0443607 -90
29.022 93.6628 -93.4021 180.047 94.1641
12.0373 102.037 77.6231 0.046048 -90
29.1449 93.6522 -93.3791 180.048 94.1809
12.0883 102.089 77.5719 0.0453864 -90.0001
29.2774 93.6445 -93.3667 180.049 94.2092
12.1451 102.145 77.5144 0.0466706 -90
29.4041 93.6358 -93.3547 180.049 94.2255
12.1963 102.197 77.4631 0.0476686 -90
29.5309 93.6298 -93.3592 180.048 94.2488
12.2525 102.253 77.4115 0.0455076 -90.0001
29.6591 93.6242 -93.3491 180.049 94.272
12.3079 102.308 77.3584 0.0460591 -90.0001
29.7869 93.6243 -93.3486 180.05 94.3004
12.3613 102.362 77.307 0.0456356 -90.0001
29.912 93.6177 -93.3418 180.05 94.3298
12.4153 102.416 77.2543 0.0441524 -90.0001
30.0335 93.6067 -93.3244 180.052 94.3481
12.4699 102.47 77.2041 0.0467988 -90.0001
30.1551 93.6001 -93.309 180.052 94.3606
12.5275 102.528 77.1479 0.0460973 -90.0001
30.2857 93.5971 -93.3161 180.053 94.3933
12.5839 102.584 77.0899 0.0477301 -90.0001
30.4034 93.5902 -93.2949 180.054 94.4117
12.6375 102.638 77.0294 0.0486859 -90.0001
30.5196 93.5887 -93.2914 180.054 94.4338
12.6907 102.691 76.9756 0.0487143 -90.0001
