4
2.93613 -9.70294 91.0355 3.57125 176.159
6.24842 -22.9925 91.3327 1.71398 178.876
0.644081 -38.4964 92.3189 2.34406 189.285
-10.239 -73.7583 96.7389 3.94294 206.962
-15.398 -88.665 95.5609 13.3864 200.472
-16.074 -91.0367 93.3144 16.0597 199.67
-16.023 -90.8357 92.6559 15.7096 199.079
-16.0098 -91.7619 92.6953 15.1539 199.331
-16.1374 -91.8742 92.8456 14.9375 199.444
-16.3297 -91.8837 92.7966 15.0558 199.705
-16.4861 -91.8701 92.9011 15.4228 199.641
-16.8223 -91.6691 93.0947 15.5797 199.008
-16.6194 -93.8196 92.7903 13.0209 199.685
-15.6967 -96.7199 102.384 8.00817 240.115
-15.2723 -97.8611 94.7319 6.82855 240.479
-15.7929 -97.554 93.2866 7.25472 244.336
-16.4344 -93.965 62.4904 7.7988 250.218
-20.5884 -91.0401 18.0105 18.9014 259.779
-21.1209 -91.3709 -25.0662 21.2699 255.597
-21.529 -91.2721 -30.1193 23.252 252.569
-21.5116 -91.2336 -31.4216 23.5254 252.539
-21.519 -91.1106 -31.9615 23.7256 252.342
-21.4679 -91.2762 -23.2312 23.8175 252.945
-20.1854 -92.317 21.7688 19.431 245.44
-20.3718 -92.8071 66.7688 20.9275 203.436
-20.81 -93.7215 82.7505 23.4856 159.252
-20.4417 -94.8582 83.998 23.8892 145.666
-20.3633 -94.9871 85.0925 23.9517 143.348
-20.457 -94.7523 86.3492 24.094 141.222
-20.3226 -94.7299 87.4735 25.0834 137.227
-20.3862 -94.9188 88.8573 25.5481 151.222
-20.8924 -95.2516 90.0723 25.5535 167.065
-21.5549 -95.1138 88.4008 24.5109 194.743
-21.8087 -93.6719 67.2892 22.8262 236.907
-22.443 -92.3801 34.54 24.5418 248.168
-22.7003 -91.4425 27.0795 25.2432 248.663
-22.9515 -91.1214 25.9101 25.1079 249.574
-22.9497 -91.0875 23.087 25.1351 249.611
-22.8693 -91.3844 38.5927 25.2858 248.572
-21.384 -92.596 73.7246 21.9489 226.798
-21.1326 -93.0972 86.4479 20.267 184.478
-20.4756 -95.0069 99.7943 20.9218 139.478
-20.8619 -94.2605 103.415 20.3655 125.527
-21.385 -93.3812 89.4352 23.7464 166.378
-21.2956 -92.959 87.9004 22.02 211.378
-21.2665 -93.1651 80.8429 21.5403 237.028
-21.1062 -93.3041 80.4707 21.6612 236.523
-21.0795 -93.0975 81.7702 21.3768 235.881
-21.2242 -92.5317 89.1869 20.7367 228.347
-21.3713 -92.4336 90.608 20.693 226.721
-21.344 -91.8429 91.2388 20.6896 226.335
-21.0924 -91.7339 90.8048 20.7712 223.831
-21.0366 -91.9342 90.9137 21.0026 223.43
-20.5637 -91.5128 91.1183 20.9994 223.39
-20.1814 -91.0935 91.3119 21.0796 223.282
-19.8691 -90.7757 91.5605 21.1926 223.514
-19.8766 -90.7113 91.9293 21.3941 224.122
-19.9653 -90.3409 92.1841 21.843 223.675
-19.5685 -89.9268 92.0553 21.519 223.786
-19.4127 -89.4659 91.7397 21.3478 223.802
-19.2169 -89.7247 91.6473 21.2986 224.104
-18.7201 -90.2153 91.2793 21.7948 223.655
-18.604 -91.9962 90.4795 23.859 223.24
-22.2051 -88.5461 93.6159 32.545 222.642
-22.5762 -89.3458 94.8239 32.156 222.569
-22.3832 -86.5384 96.4442 29.0487 222.547
-22.6251 -86.2547 96.5139 27.7588 222.529
-22.2548 -86.027 96.538 27.562 222.637
-21.5617 -86.2372 95.7426 27.4525 222.672
-21.6121 -87.5901 89.097 28.8093 201.382
-21.7122 -88.7764 87.8745 29.823 167.713
-21.6321 -89.0424 88.4163 29.2007 144.721
-21.4456 -88.9457 87.1926 29.4662 134.221
-21.49 -89.1399 86.2549 29.4636 130.425
-21.4647 -89.316 86.7655 29.4594 129.596
-21.5123 -89.3436 86.6837 29.6637 129.408
-21.8874 -88.7302 84.3456 30.7274 143.168
-21.9192 -88.5119 83.4286 30.1976 180.512
-22.2228 -88.1 76.7339 29.7065 217.415
-22.1718 -87.1973 64.7343 28.3813 234.228
-22.247 -87.2355 50.2845 28.2054 247.257
-22.3475 -87.0252 53.2699 28.2132 247.682
-22.2879 -86.7364 61.8118 28.0196 244.85
-22.4048 -86.6756 66.7106 28.2899 242.975
-22.1396 -86.6084 71.9257 27.7438 230.547
-22.1549 -86.7498 73.1582 27.7918 208.343
-22.078 -87.4196 76.7374 28.2201 188.342
-21.9307 -87.5545 80.8026 27.5666 170.833
-21.924 -87.8031 85.1695 27.5627 154.1
-21.9387 -87.9398 86.7964 27.9312 147.13
-21.8722 -88.0126 87.9619 28.2398 142.135
-21.8235 -87.9772 88.4404 28.2408 140.657
-21.7975 -88.0624 88.9655 28.2002 139.734
-21.9411 -87.9937 88.7789 28.0841 144.927
-22.0921 -87.3717 83.0083 27.5778 175.957
-22.0177 -86.6675 78.2527 27.0133 212.815
-22.1644 -86.2408 66.4584 26.5378 236.539
-22.1863 -86.2643 60.3995 26.7513 241.856
-22.2894 -86.3628 60.8915 26.9554 242.573
-22.336 -86.4056 60.052 26.9812 243.095
-22.4417 -86.5229 60.821 27.1537 243.284
-22.2008 -86.8016 60.692 27.1279 242.801
-22.0004 -86.8954 62.8792 27.3989 240.426
-21.7866 -87.1305 69.006 27.4125 232.064
-21.6278 -87.084 74.5753 27.1883 223.318
-21.756 -87.3255 81.8977 27.2998 209.502
-21.7402 -87.2485 85.587 27.3272 194.966
-21.9827 -88.327 89.6959 27.8522 181.789
-21.9543 -88.8018 91.1071 27.7506 166.4
-22.0591 -88.6915 94.4444 27.4124 155.039
-22.3717 -88.3337 97.4285 27.4577 148.983
-21.898 -88.3619 97.8947 27.4667 148.349
-21.5628 -88.5742 98.1763 27.8275 148.003
-21.937 -88.4509 98.0974 28.3027 148.003
-21.9925 -88.034 97.9392 27.5738 148.209
-22.1322 -87.4478 98.0226 27.0089 147.99
-22.2331 -86.9475 98.063 26.358 148.377
-22.288 -86.7777 98.0651 26.3306 148.271
-22.3559 -86.8693 98.1058 26.5494 148.35
-22.1546 -86.9533 98.173 26.4551 148.364
-22.3531 -87.2514 98.0685 26.8942 148.341
-22.4804 -87.3712 97.9852 27.178 148.266
-22.5972 -87.5749 97.9422 27.3816 148.319
-22.3101 -87.6177 98.1228 27.26 148.347
-22.3523 -87.674 98.178 27.4902 148.261
-22.5198 -87.804 98.1639 27.5334 148.36
-22.6416 -87.8074 98.1071 27.5145 148.466
-22.7239 -87.7905 98.0557 27.582 148.445
-22.6612 -87.9703 98.0921 27.6626 148.447
-22.456 -88.276 98.1151 27.8424 148.798
-22.35 -89.0559 98.2131 28.3764 148.612
-22.3811 -89.0994 98.3208 28.6061 148.78
-22.6131 -88.9977 98.3 28.7011 148.99
-22.7068 -88.9171 98.2485 28.6715 149.13
-23.0017 -89.0191 98.3789 28.862 149.101
-23.3178 -88.3174 98.0882 28.8727 149.339
-23.2671 -88.5865 98.1789 29.1493 149.266
-23.1717 -88.2152 98.3111 29.1658 149.098
-23.3698 -88.3923 98.3503 29.6199 148.779
-23.1213 -88.4273 98.6034 29.22 149.119
-23.139 -88.3225 98.6405 29.262 149.24
-23.2484 -88.344 98.4298 29.3491 150.301
-23.4344 -88.1811 98.0552 29.5239 152.705
-23.556 -88.1692 98.0691 29.5118 152.874
-23.6541 -88.1196 98.1144 29.6232 153.101
-23.7054 -88.384 98.1906 29.7128 153.215
-23.7014 -88.4163 98.278 29.6477 153.485
-23.6632 -88.2252 98.1963 29.6309 153.712
-23.7148 -88.3019 98.3203 29.9618 153.611
-23.6349 -88.1153 98.5327 29.7931 153.704
-23.5924 -88.1168 98.6155 29.7361 153.717
-23.9672 -88.0496 98.5573 29.8986 153.629
-24.0585 -88.0601 98.5808 29.9541 153.587
-23.925 -88.1062 98.6404 29.7986 153.599
-23.8001 -88.2187 98.8152 29.8874 153.532
-23.6681 -88.128 98.8202 29.8531 153.621
-23.8542 -88.1628 98.8109 30.1126 153.486
-23.8025 -88.15 98.9002 30.1477 153.466
-23.4032 -88.7395 99.07 30.4247 153.469
-20.6822 -91.1746 100.983 29.2503 154.201
-18.255 -93.447 104.036 28.8581 156.046
-18.2575 -94.8287 99.2256 30.6195 161.564
-20.0676 -90.6081 97.3016 31.476 173.848
-22.3906 -84.6186 115.989 33.5102 192.099
-23.8796 -80.1478 136.622 34.4255 182.756
-25.2522 -78.7475 137.457 37.9163 179.268
-25.765 -78.346 137.284 38.7601 177.717
-26.2615 -77.9742 136.994 39.0993 175.364
-24.2326 -81.7209 103.51 33.1063 185.971
-20.288 -86.3672 65.7021 21.9889 200.311
-19.9715 -87.0732 59.629 21.1005 203.461
-20.2306 -86.668 59.2033 21.9585 203.769
-20.3842 -86.5976 59.1498 22.377 203.914
-20.5991 -86.4117 65.0867 23.3839 204.201
-21.1394 -85.7017 110.087 24.8533 194.199
-21.6233 -82.3465 132.161 24.4911 184.934
-21.6827 -82.726 131.399 25.0524 183.641
-21.8003 -82.9809 130.248 25.3152 182.382
-21.8702 -83.3668 123.52 25.313 182.765
-21.4668 -85.6903 78.5203 24.7765 193.084
-21.3692 -87.1559 67.0984 23.5474 196.88
-21.5727 -87.0161 67.9007 23.8044 195.883
-21.7031 -87.3289 68.6418 24.1756 195.034
-21.9543 -86.763 74.3765 24.9441 195.023
-23.0248 -84.5763 117.052 26.8026 189.552
-23.1752 -82.5931 128.495 24.941 185.658
-23.3927 -82.5619 126.571 25.0512 184.287
-23.0459 -83.6317 116.138 24.7786 184.755
-22.6085 -87.564 72.9615 24.1553 190.708
-22.7641 -87.624 72.2382 24.5125 192.082
-22.1629 -87.7582 72.0262 23.1042 192.305
-22.5808 -87.8917 72.1501 23.5957 192.011
-22.666 -87.0338 78.0552 24.609 192.079
-23.0184 -83.8087 123.055 26.0424 191.392
-22.5819 -82.7526 127.499 23.7001 185.746
-22.2555 -84.0825 91.4272 21.4602 195.181
-21.6477 -89.2055 67.1392 18.5673 201.44
-23.3131 -86.7023 98.774 22.5895 198.21
-23.9262 -85.59 123.811 23.5425 191.407
-24.2774 -85.8331 122.13 24.6917 187.671
-24.3956 -85.977 120.836 24.8114 186.314
-24.1683 -87.4926 94.0078 22.9657 187.641
-23.1033 -89.9704 71.587 19.4935 194.641
-23.2807 -90.3765 69.7833 20.1127 195.467
-23.6704 -90.0104 69.5338 20.5968 196.887
-24.224 -88.0739 75.2555 22.3167 199.569
-24.3028 -84.8587 114.962 23.4295 196.413
-23.8332 -86.4483 124.308 23.2647 187.975
-24.1829 -87.5997 103.873 23.6484 191.016
-23.0183 -90.2166 69.5968 19.7302 197.721
-24.3299 -87.8423 88.6662 23.9642 197.8
-24.0129 -87.3855 119.076 23.7599 187.966
-24.397 -87.9773 77.5691 23.3896 194.185
-23.8425 -86.1234 119.803 23.8569 187.845
-24.2812 -87.0752 98.3189 25.8185 184.056
-24.2799 -86.2916 91.209 25.7892 179.482
-24.851 -85.7104 89.6893 26.3311 185.007
-24.587 -85.2068 88.6524 25.7452 183.482
-24.448 -84.9227 89.5286 24.9827 185.151
-24.4554 -84.6987 89.9501 24.7482 185.266
-24.5037 -84.5723 90.4592 24.9695 185.264
-24.5282 -84.2596 89.0133 24.6268 180.929
-24.4265 -84.1461 89.6686 23.2892 180.873
-24.2483 -85.2117 94.2993 21.6919 184.955
-26.0741 -83.7712 93.3074 26.4212 179.465
-28.0651 -84.2501 89.6155 29.4738 180.13
-29.4245 -84.7519 96.2431 31.4878 184.047
-29.6694 -86.1225 96.1244 33.3312 188.287
-30.1633 -86.2222 94.5884 33.2802 205.187
-30.5878 -85.9865 95.3402 34.3757 196.256
-31.0956 -85.9608 97.062 33.9622 191.034
-30.1205 -86.0358 95.8756 33.6947 192.278
-29.9741 -86.4952 95.5228 33.5485 193.385
-30.2218 -86.8981 98.2825 34.7092 190.433
-30.2927 -86.9221 99.3821 34.7666 191.491
-30.4848 -86.4738 98.9921 34.604 189.95
-30.6932 -86.3734 98.1808 34.6598 186.522
-30.4359 -87.8555 95.1714 33.9116 186.883
-30.2297 -94.6061 75.7045 31.8358 194.147
-30.2105 -95.9789 73.1218 31.0301 197.871
-30.3612 -96.3014 72.8599 31.2705 197.779
-30.4442 -96.8182 72.5866 31.4327 197.742
-30.7176 -89.6444 94.8656 33.9667 193.142
-30.3723 -88.5041 129.216 35.1185 187.983
-30.3035 -88.8189 130.985 34.8999 189.334
-30.2745 -88.8665 130.867 34.8915 189.077
-30.5308 -88.8059 130.352 34.869 188.857
-30.696 -88.8328 99.5132 34.6859 185.159
-30.455 -91.8739 79.6934 32.8159 193.106
-30.3501 -90.8876 80.5872 31.4976 193.344
-30.2785 -91.4 83.6082 32.2934 193.54
-30.4064 -92.2333 89.499 32.3307 194.536
-29.7177 -91.6004 84.5307 31.55 193.719
-28.9929 -92.0225 85.1113 30.7932 193.339
-29.0858 -91.4202 85.1487 31.6129 193.519
-27.9886 -90.7134 89.109 32.1076 194.691
-27.6435 -89.8077 92.0118 32.1412 195.65
-26.9172 -90.7945 88.873 29.9925 203.926
-26.1839 -91.0379 87.242 31.4679 220.758
-26.078 -90.0164 80.2434 31.8219 239.864
-25.1079 -89.3392 69.2961 31.112 246.211
-24.4085 -89.0583 58.1369 30.4531 249.277
-24.1669 -89.0607 53.327 30.4987 251.272
-24.198 -89.4129 30.9874 32.5113 251.253
-22.9629 -91.1375 6.62657 35.2256 246.471
-21.8477 -91.9307 3.89765 35.6429 245.251
-21.3392 -91.8225 28.841 35.672 245.744
-20.3636 -91.986 69.8277 33.2788 238.833
-19.8149 -91.53 84.8112 33.1615 226.869
-19.2011 -91.8294 87.3195 33.8434 214.086
-19.0893 -92.5477 89.2653 35.1979 202.096
-19.0955 -92.8194 91.1896 35.7168 195.62
-19.0296 -93.0632 91.2855 35.5124 194.489
-18.6514 -93.466 91.439 35.2672 193.575
-18.7181 -93.6859 91.68 35.1515 192.581
-18.5985 -93.8526 91.8087 34.8507 192.912
-18.5314 -93.6357 90.4407 34.1966 202.85
-20.0006 -93.4903 84.5396 34.6628 224.16
-20.77 -93.7527 60.5236 34.0343 240.59
-20.9666 -94.1781 27.6096 33.3979 246.361
-20.5238 -93.9604 15.4976 32.775 247.068
-20.1073 -94.3205 7.13293 32.5808 247.505
-19.8947 -94.7716 -4.79974 32.8913 246.518
-20.0031 -94.9803 -3.23814 33.2654 246.727
-20.0464 -95.3082 32.7903 33.365 247.406
-19.545 -95.898 77.7903 33.4101 202.406
-20.0073 -95.7564 97.4282 33.5337 192.95
-20.4089 -94.8942 69.0939 32.8986 237.95
-20.6575 -95.0992 52.4767 33.2937 248.533
-20.658 -95.3155 65.6976 33.5129 245.985
-20.6769 -95.4538 76.1778 33.6666 242.937
-20.8254 -95.4243 80.4151 33.5901 240.46
-20.979 -95.891 86.4926 34.1742 235.943
-21.0413 -96.1715 99.5508 35.9071 207.118
-21.7336 -94.5999 100.3 34.1268 191.139
-20.1883 -95.2171 98.931 32.8455 187.254
-18.676 -95.6508 92.8922 29.7498 179.489
-17.4187 -100.644 100.303 32.9141 166.345
-16.2722 -98.2655 98.1934 33.5052 147.117
-15.0791 -97.1158 95.2542 30.5468 147.255
-16.3864 -97.6349 92.4733 28.0878 166.452
-13.1741 -98.1241 90.7867 20.8713 174.171
-12.7711 -101.324 95.6789 19.8034 180.749
-13.5079 -100.478 98.7343 19.8561 187.244
-15.1035 -100.64 96.7267 17.6185 200.21
-15.4906 -100.843 99.3148 18.8642 199.917
-16.6648 -99.3547 54.3148 18.4401 244.917
-17.2674 -98.3998 26.738 19.6338 248.227
-17.6286 -99.0827 21.4089 21.3957 249.697
-17.5982 -99.7582 16.9517 22.0386 249.537
-17.2236 -99.9067 15.2517 22.2764 248.737
-17.14 -100.547 14.2026 22.8619 247.652
-17.8666 -100.649 36.4721 22.6356 248.865
-18.0938 -100.636 59.7827 23.0764 245.597
-15.7951 -107.037 104.783 27.9807 200.597
-15.3374 -104.606 106.774 24.714 155.597
-15.4187 -105.016 105.811 25.442 116.82
-15.693 -104.819 105.942 25.6602 116.331
-11.4875 -112.753 113.458 16.1988 119.857
-7.92257 -119.125 121.949 6.62563 124.583
-8.75198 -121.47 124.137 8.46293 125.268
-8.23503 -121.522 122.248 9.28143 124.151
-7.60103 -118.057 116.474 8.81495 124.391
-7.47163 -115.792 112.755 7.5271 125.973
-9.48353 -114.267 108.774 10.2504 127.174
-8.63172 -118.006 110.448 12.8984 127.159
-10.2021 -111.416 106.067 15.917 125.848
-13.7975 -107.806 100.285 20.9928 140.502
-16.315 -108.342 102.705 28.406 158.513
-14.1817 -103.696 100.715 32.2352 167.885
-6.25646 -86.9276 95.7546 22.8206 193.082
-2.82466 -75.6381 80.6066 14.7488 183.18
-5.10229 -74.6418 83.7138 25.9983 178.919
-5.30884 -74.7097 83.4548 26.0925 178.503
-4.51205 -76.4175 84.3361 27.5906 178.609
-4.59823 -77.0214 85.2632 28.606 178.593
-5.43998 -75.8603 85.6518 28.2887 178.768
-5.92566 -75.4546 87.5048 28.6946 178.785
-6.20581 -75.6679 91.4211 29.7455 178.397
-6.20023 -75.3989 91.4516 29.4568 178.683
-6.3164 -75.4314 91.2689 29.6037 178.815
-6.60625 -75.4379 91.2438 30.064 178.965
-6.77544 -75.5043 91.4387 29.6972 179.17
-6.61051 -75.2225 91.0883 29.1711 179.29
-6.5462 -75.3385 91.0848 29.207 179.28
-6.69845 -75.345 91.2442 29.4191 179.315
-7.36394 -74.9496 91.3619 29.7096 179.597
-7.80427 -77.0871 93.004 27.2603 180.463
-6.44701 -95.6968 99.8613 28.098 175.032
-4.02952 -118.058 105.029 21.9485 179.129
-5.77452 -119.857 103.727 23.1395 178.772
-8.96808 -115.473 101.827 22.7406 178.453
-8.68827 -111.237 108.436 21.0488 181.094
-7.34159 -110.019 127.505 23.1267 175.398
-4.12331 -112.06 82.5047 6.05224 187.577
-5.16092 -112.869 127.505 13.402 180.532
-4.15921 -110.735 92.6759 9.47911 187.577
-2.73186 -108.23 74.9089 7.14449 183.371
-2.98542 -110.343 102.063 10.8836 177.769
-2.84347 -110.883 117.337 11.4099 173.971
-2.96908 -112.102 117.114 11.4483 174.092
-2.80007 -109.687 98.3292 9.27525 177.978
-2.94502 -108.129 91.2563 10.3371 177.12
-3.2273 -107.21 92.2129 10.5551 175.675
-3.09483 -106.318 95.7397 10.399 175.709
-2.91749 -107.169 100.919 10.7339 174.208
-3.44758 -105.021 100.447 11.4138 175.272
-4.27657 -105.241 99.8429 8.38865 217.571
-4.74916 -105.416 97.5464 9.45937 226.254
-5.40928 -107.251 84.6253 9.64857 242.99
-4.70957 -106.136 95.0808 9.69644 197.99
-5.17982 -105.902 78.0288 6.79662 241.359
-5.05062 -105.479 91.6868 6.55351 221.446
-2.97091 -111.881 99.5513 7.7462 204.915
-2.55878 -113.899 96.0252 6.98922 199.274
-3.10242 -112.367 96.5175 7.26864 195.088
-4.00241 -107.998 96.0975 7.05166 195.538
-5.17165 -104.408 96.4822 6.89677 195.599
-4.7838 -106.397 99.0226 14.5305 189.095
-5.09325 -104.215 99.1891 6.38727 196.597
-4.38685 -110.298 102.139 7.77625 194.838
-3.25966 -135.318 98.1631 -0.278797 210.167
-0.909745 -151.547 87.8267 -9.3939 205.38
-0.712314 -148.297 83.568 -9.11987 203.722
-0.696796 -134.386 84.6525 -6.40749 203.5
-0.402033 -124.182 83.8537 -5.53053 204.533
0.117571 -123.924 83.6541 -1.87927 204.776
0.848436 -143.165 75.3737 -12.4337 202.952
0.138177 -125.449 77.9658 -6.1341 207.522
-0.486424 -112.492 85.6424 1.42349 205.21
0.571321 -118.827 76.8665 -2.78783 205.375
1.51465 -146.346 78.347 -13.0936 204.127
2.03752 -146.539 76.9907 -13.6784 205.055
0.90338 -131.348 77.269 -8.89129 208.388
0.332204 -124.292 79.5564 -5.3799 208.183
0.125554 -126.818 78.3468 -6.34269 207.638
-5.43184 -130.236 63.4364 26.7638 214.485
-4.95769 -135.377 34.9675 39.8388 214.904
-2.62478 -129.638 73.3334 10.8515 217.887
-1.793 -129.392 78.6113 -1.58498 214.698
-0.162881 -126.193 71.2898 -1.38303 222.086
-2.37233 -126.821 50.6536 15.0358 231.379
0.578382 -123.348 55.6858 5.26077 230.207
1.31759 -120.277 64.7777 -0.746201 228.802
1.31438 -120.626 60.7279 -0.0922272 230.56
0.516341 -121.761 37.5653 0.737962 246.815
0.149201 -122.723 10.737 2.98363 250.016
-0.354869 -124.856 -10.4081 5.54832 244.865
4.04594 -120.804 34.5919 -7.37981 209.233
5.02156 -118.131 73.5974 -17.2569 213.45
5.34006 -119.398 86.754 -14.6738 190.142
5.96331 -119.415 85.5069 3.33875 193.616
7.65388 -120.364 84.4113 8.52375 192.529
5.17017 -122.415 82.8069 4.16439 200.038
2.60405 -124.725 81.2655 16.8869 199.558
1.84289 -132.621 64.8949 33.0704 210.127
1.94822 -125.521 77.5332 13.9384 206.509
2.40685 -125.322 81.7241 0.452496 204.73
2.61176 -125.557 83.3225 -4.44425 204.598
2.1557 -128.16 84.2119 -8.05059 203.48
1.77695 -131.838 84.7803 -8.97435 201.852
1.86196 -130.907 85.2665 -10.5237 201.445
1.58051 -130.963 85.2995 -9.96534 201.478
4.09006 -130.421 85.0284 -15.6101 201.623
26.7975 -119.601 81.4862 -58.919 209.742
21.5555 -123.031 76.072 -54.5781 218.941
-2.07873 -131.593 85.9053 -9.57806 206.154
-27.8656 -128.407 98.3627 35.4219 189.737
-40.2571 -123.914 105.605 63.3075 181.685
-46.467 -122.932 107.363 74.6164 176.031
-43.7788 -125.44 106.128 68.3606 176.594
1.2212 -136.904 97.5244 23.3606 190.404
10.9447 -134.012 94.9978 -21.6394 209.136
-23.0654 -139.987 102.299 23.3606 187.87
-38.0021 -134.015 105.463 54.4882 171.208
-59.2945 -113.99 93.4054 70.691 161.73
-58.3656 -110.239 90.5024 62.9865 163.762
-49.3668 -105.009 76.5465 47.5355 162.881
-43.7798 -98.3762 95.9376 27.7798 148.737
-44.1582 -87.2375 95.2226 35.7771 142.508
-43.1367 -87.4194 91.3232 37.4451 176.739
-43.2203 -97.2398 83.4113 38.2489 221.739
-43.8343 -96.9047 74.1805 37.9605 220.129
-43.8214 -96.9386 86.8736 37.3736 213.365
-43.6969 -95.8405 95.4544 39.0034 204.751
-43.5157 -96.1134 88.4061 41.617 216.82
-44.0002 -96.4522 87.0947 45.3039 222.374
-43.9291 -96.5052 83.8954 42.717 218.048
-43.8843 -97.3445 89.1662 41.156 204.609
-42.8466 -109.235 106.252 30.0723 185.525
-42.6177 -121.702 114.871 13.9553 192.931
-42.357 -121.705 113.179 14.3782 193.319
-42.8211 -126.85 120.046 17.1982 188.729
-44.8655 -124.136 120.743 22.8053 190.126
-45.6403 -124.659 119.032 24.3954 193.262
-44.9728 -126.404 118.602 22.2205 194.921
-44.2817 -127.269 118.044 21.1065 196.079
-42.8371 -126.051 118.595 19.1513 195.368
-40.3363 -136.371 117.265 30.6046 184.017
-36.8204 -141.511 111.199 39.7322 183.328
-36.5323 -139.116 117.744 31.344 192.021
-40.8969 -130.462 121.777 21.6214 195.312
-41.5123 -131.493 120.59 25.2406 192.626
-41.1924 -129.812 118.989 24.7939 190.457
-41.2732 -132.333 120.925 24.1689 188.899
-38.9601 -136.245 116.689 33.636 183.214
-39.3701 -134.107 114.711 45.0695 179.694
-40.6387 -139.284 119.878 47.2303 184.834
-42.0138 -137.47 121.749 50.4216 182.503
-44.4108 -137.053 122.624 54.8984 182.171
-45.677 -135.082 122.006 54.236 178.724
-44.571 -136.025 121.827 54.3212 171.346
-41.9886 -138.472 112.413 78.6987 146.208
-36.4278 -136.129 124.682 90.1799 139.494
-36.2616 -130.004 124.763 92.5048 138.477
-37.404 -135.627 133.143 88.9853 152.462
-35.2981 -144.394 153.522 97.0268 135.488
-30.0276 -173.477 182.985 90.3242 151.883
-23.1386 -190.97 201.488 75.7548 167.241
-21.5168 -197.944 207.92 71.742 172.284
-21.0878 -199.756 208.931 70.4512 173.937
-20.9184 -200.375 209.433 70.0556 174.435
-23.3487 -196.04 203.043 74.7129 170.568
-33.6249 -151.04 158.043 99.7807 180.558
-10.7756 -115.883 113.043 54.7807 194.523
-4.16046 -113.268 158.043 50.7238 187.975
1.53721 -108.742 152.135 45.9812 182.866
14.2616 -108.91 107.135 0.981244 214.488
13.2903 -106.093 152.135 20.9219 188.911
14.4436 -109.92 142.271 32.9288 172.537
16.7828 -114.563 162.119 30.7072 181.32
13.9243 -123.797 117.119 1.48358 208.87
15.2017 -116.698 78.2646 -6.52953 213.272
14.1871 -121.621 123.265 25.1889 180.914
11.9461 -114.832 78.2646 -2.13947 225.914
4.42363 -120.981 67.0625 -8.47759 224.051
4.32982 -123.101 57.7377 -8.20778 223.177
7.90208 -133.305 102.738 16.6069 231.014
13.6929 -113.348 57.7377 -5.05889 243.749
15.6292 -113.183 102.738 -4.8549 204.564
18.4211 -105.177 129.977 -0.35888 199.511
23.4407 -110.935 118.519 15.5817 198.482
22.543 -103.69 85.886 26.5746 183.654
21.7792 -107.164 87.78 25.4426 186.044
10.8278 -125.039 78 -13.7837 215.315
1.56317 -128.379 94.1135 2.08129 211.931
-5.42041 -145.803 114.645 20.3762 201.661
-8.36808 -153.612 101.72 25.8625 209.961
-8.00886 -148.843 56.7199 38.7339 214.978
-11.9494 -142.949 13.1662 51.211 211.843
-13.0877 -143.233 8.10735 52.4799 204.566
-17.2796 -143.772 -0.0843286 60.5248 197.085
-19.6638 -143.881 -3.42031 65.0553 189.984
-19.763 -143.637 -4.06068 65.5498 187.115
-10.5223 -143.324 8.48499 49.5336 201.817
26.8856 -126.963 53.485 5.9195 191.918
29.2605 -112.086 97.5667 6.76479 178.908
28.8938 -105.059 97.163 10.3037 176.981
28.4299 -102.968 99.651 11.287 178.167
25.5861 -98.0601 119.56 12.4692 179.06
20.2976 -95.4012 152.915 11.0449 168.584
21.5369 -117.209 107.915 -20.6223 198.805
18.4515 -117.384 87.9471 -11.9057 208.726
7.45188 -120.187 87.131 33.0943 179.534
0.0642519 -118.694 52.7121 65.6376 170.423
1.47528 -117.886 59.285 62.6936 173.769
-2.69319 -124.935 92.5301 81.5182 177.961
-1.34757 -118.276 83.5125 71.3922 176.441
-1.33251 -116.979 99.5007 69.9368 176.354
0.561075 -116.963 118.768 57.5705 174.527
9.0283 -116.982 121.892 25.3939 186.726
10.7469 -105.284 154.501 12.5296 222.214
3.51137 -111.69 109.501 13.4241 177.214
-22.7059 -150.002 110.618 55.4496 175.83
-33.9782 -146.191 111.292 55.7556 151.344
-43.1521 -149.716 109.606 60.0037 144.155
-47.6676 -146.196 106.304 62.9366 145.154
-48.0682 -141.656 102.244 58.2255 172.272
-46.1356 -141.796 103.398 54.6039 180.217
-44.6319 -140.636 104.343 54.0894 183.03
