4
-0.0732023 89.8644 -89.8797 180.004 90.0244
-0.089565 89.8401 -89.8582 180.002 90.0295
-0.107464 89.8223 -89.8464 180.005 90.0324
-0.126529 89.8038 -89.8291 180.004 90.0375
-0.147802 89.782 -89.8048 180.004 90.0411
-0.162536 89.7687 -89.7948 180.006 90.0451
-0.177464 89.7488 -89.7837 180.012 90.045
-0.197424 89.7336 -89.7747 180.013 90.04
-0.219101 89.7073 -89.7538 180.015 90.0416
-0.238723 89.685 -89.7357 180.018 90.0414
-0.259453 89.6612 -89.717 180.019 90.0376
-0.278017 89.6387 -89.7019 180.023 90.0256
-0.311502 89.6086 -89.677 180.026 90.0332
-0.331112 89.5879 -89.6678 180.026 90.0275
-0.364794 89.5637 -89.6613 180.032 90.0297
-0.402795 89.5284 -89.6564 180.033 90.0294
-0.487856 89.4425 -89.8957 180.095 90.0213
-0.555356 89.3683 -89.8327 180.104 89.9154
-0.619321 89.3056 -89.7577 180.133 89.7843
-0.679399 89.2428 -89.6797 180.155 89.6608
-0.75063 89.175 -89.5958 180.184 89.5165
-0.825062 89.1132 -89.52 180.202 89.4238
-0.906927 89.0436 -89.4343 180.218 89.3427
-0.980349 88.9804 -89.3544 180.234 89.2629
-1.06279 88.9101 -89.2681 180.237 89.2277
-1.14179 88.8357 -89.1774 180.249 89.1725
-1.21076 88.7679 -89.0966 180.26 89.1184
-1.27287 88.7101 -89.0244 180.261 89.1163
-1.34318 88.6431 -88.9478 180.267 89.0888
-1.40303 88.5834 -88.8774 180.269 89.0873
-1.46291 88.5261 -88.8106 180.269 89.0935
-1.52031 88.4655 -88.7381 180.272 89.0768
-1.57582 88.4051 -88.6671 180.268 89.0985
-1.63488 88.3489 -88.5964 180.265 89.1079
-1.693 88.2906 -88.5302 180.27 89.098
-1.74571 88.2351 -88.4662 180.27 89.1005
-1.7927 88.1849 -88.4088 180.272 89.1125
-1.84041 88.1364 -88.3539 180.271 89.1327
-1.89209 88.0846 -88.29 180.265 89.1324
-1.93381 88.0412 -88.2348 180.264 89.1486
-1.97747 87.9877 -88.1681 180.261 89.1614
-2.0224 87.9455 -88.1181 180.258 89.1771
-2.06725 87.9039 -88.0692 180.255 89.1913
-2.11348 87.8569 -88.0112 180.247 89.2182
-2.1549 87.813 -87.9635 180.247 89.2351
-2.19832 87.7723 -87.9164 180.244 89.2525
-2.23918 87.7285 -87.8634 180.245 89.2559
-2.27862 87.684 -87.8113 180.239 89.2592
-2.3207 87.6365 -87.7532 180.236 89.2737
-2.35907 87.594 -87.7055 180.233 89.2913
-2.40945 87.5511 -87.6549 180.23 89.316
-2.44092 87.5081 -87.6059 180.225 89.3312
-2.48012 87.4661 -87.5526 180.218 89.3552
-2.52065 87.4218 -87.4999 180.208 89.3793
-2.55996 87.3811 -87.4497 180.207 89.3937
-2.59644 87.3453 -87.4124 180.203 89.4
-2.63504 87.3089 -87.3676 180.199 89.413
-2.66979 87.2807 -87.3344 180.198 89.4361
-2.69821 87.2495 -87.2946 180.198 89.4272
-2.73475 87.2096 -87.2482 180.195 89.44
-2.76241 87.1827 -87.2158 180.193 89.4514
-2.79258 87.1523 -87.1836 180.189 89.4654
-2.8212 87.1181 -87.146 180.187 89.4768
-2.84938 87.0913 -87.1118 180.185 89.4865
-2.87703 87.0636 -87.0801 180.185 89.4955
-2.9089 87.0366 -87.0457 180.181 89.5099
-2.93573 87.003 -87.0039 180.177 89.5218
-2.96047 86.9714 -86.9659 180.173 89.5247
-2.99294 86.9429 -86.9338 180.172 89.5418
-3.01953 86.9197 -86.9047 180.165 89.556
-3.0443 86.8927 -86.8733 180.157 89.5735
-3.06589 86.8652 -86.8463 180.162 89.5767
-3.08295 86.8376 -86.813 180.155 89.5823
-3.10668 86.8057 -86.7746 180.155 89.5886
-3.13269 86.7787 -86.7428 180.155 89.607
-3.14696 86.7518 -86.71 180.155 89.6096
-3.16976 86.7203 -86.676 180.153 89.6234
-3.1982 86.6908 -86.6329 180.148 89.6372
-3.21533 86.6651 -86.6015 180.143 89.6461
-3.23897 86.6397 -86.572 180.139 89.6525
-3.26608 86.6064 -86.5347 180.137 89.6632
-3.28719 86.5772 -86.5014 180.138 89.6692
-3.31099 86.5518 -86.4719 180.135 89.6755
-3.33002 86.5218 -86.4356 180.132 89.6837
-3.35444 86.4943 -86.4052 180.13 89.6922
-3.37397 86.4723 -86.3838 180.13 89.7075
-3.39462 86.4392 -86.3472 180.131 89.7061
-3.40815 86.4197 -86.3202 180.127 89.7159
-3.42658 86.3967 -86.2961 180.124 89.7289
-3.44262 86.3779 -86.2718 180.119 89.7428
-3.47004 86.35 -86.2383 180.113 89.7579
-3.49542 86.323 -86.2046 180.109 89.7697
-3.51775 86.2981 -86.1745 180.109 89.7676
-3.53988 86.2719 -86.1434 180.104 89.7845
-3.55594 86.2453 -86.1154 180.099 89.7935
-3.57611 86.2237 -86.0853 180.095 89.8045
-3.59249 86.2017 -86.0587 180.099 89.8071
-3.61463 86.1782 -86.0331 180.097 89.8161
-3.63778 86.1573 -86.0056 180.095 89.8278
-3.65623 86.1383 -85.9854 180.097 89.8351
-3.67713 86.1198 -85.9614 180.095 89.8439
-3.69475 86.1023 -85.9371 180.094 89.8489
-3.70792 86.0831 -85.9144 180.092 89.8534
-3.73198 86.0589 -85.8908 180.094 89.8688
-3.74882 86.0334 -85.8579 180.094 89.8713
-3.7648 86.0172 -85.8404 180.097 89.8718
-3.77556 86.0038 -85.8269 180.096 89.8752
-3.79265 85.982 -85.8049 180.099 89.8816
-3.81971 85.9581 -85.7782 180.093 89.8926
-3.83506 85.9337 -85.7593 180.099 89.8931
-3.8533 85.9204 -85.7443 180.097 89.8982
-3.87223 85.8997 -85.7165 180.092 89.9097
-3.88668 85.8879 -85.6993 180.091 89.9128
-3.89734 85.8708 -85.6826 180.088 89.9232
-3.91217 85.8514 -85.6652 180.091 89.9347
-3.92527 85.8419 -85.6567 180.094 89.9458
-3.9376 85.8232 -85.6359 180.099 89.9545
-3.94223 85.8112 -85.62 180.097 89.9541
-3.95285 85.7974 -85.6003 180.094 89.9509
-3.96876 85.7777 -85.5748 180.09 89.9626
-3.97871 85.7615 -85.5553 180.089 89.9668
-3.99292 85.7484 -85.537 180.09 89.9731
-4.00745 85.7333 -85.5162 180.088 89.9825
-4.01919 85.7178 -85.4985 180.088 89.9888
-4.03221 85.6969 -85.4778 180.088 89.9871
-4.04471 85.6816 -85.4558 180.087 89.9924
-4.0564 85.6702 -85.4445 180.087 89.9963
-4.06612 85.6629 -85.4315 180.084 90.0056
-4.07691 85.6474 -85.414 180.08 90.0104
-4.08624 85.6368 -85.4055 180.084 90.008
-4.09819 85.6214 -85.3886 180.084 90.0092
-4.10284 85.6098 -85.3748 180.083 90.0063
-4.11341 85.6023 -85.3602 180.082 90.013
-4.11718 85.5955 -85.3594 180.085 90.0124
-4.13352 85.5773 -85.3377 180.087 90.0106
-4.14372 85.5607 -85.321 180.089 89.998
-4.15095 85.5524 -85.3124 180.092 89.9907
-4.16392 85.5372 -85.294 180.091 89.9955
-4.17311 85.5237 -85.2761 180.091 89.9948
-4.17835 85.5129 -85.2602 180.089 89.9912
-4.1871 85.5021 -85.2512 180.093 89.9904
-4.18897 85.4968 -85.2411 180.088 89.9899
-4.19807 85.4828 -85.2293 180.09 89.993
-4.20916 85.4654 -85.2102 180.092 89.9952
-4.21385 85.456 -85.1977 180.095 89.9951
-4.2196 85.4441 -85.1884 180.1 89.9887
-4.2283 85.4336 -85.1747 180.097 89.9908
-4.23143 85.4231 -85.168 180.098 89.9889
-4.23633 85.4098 -85.148 180.088 89.9912
-4.24181 85.3968 -85.1288 180.084 89.9858
-4.24857 85.3878 -85.1155 180.085 89.9851
-4.25783 85.3763 -85.1024 180.082 89.9808
-4.25168 85.3658 -85.0935 180.085 89.9682
-4.26471 85.3519 -85.0728 180.083 89.9749
-4.26492 85.3501 -85.0739 180.085 89.9667
-4.26779 85.3436 -85.0677 180.086 89.9699
-4.26931 85.3419 -85.0671 180.09 89.9663
-4.27692 85.3346 -85.061 180.089 89.9676
-4.28202 85.3146 -85.0363 180.086 89.969
-4.29091 85.3045 -85.0279 180.089 89.9678
-4.29794 85.2914 -85.0128 180.092 89.9599
-4.30962 85.2809 -85.0042 180.094 89.9598
-4.31984 85.2732 -84.9942 180.093 89.9612
-4.33259 85.2663 -84.9881 180.094 89.9643
-4.34044 85.2508 -84.9695 180.092 89.9626
-4.34348 85.2439 -84.9637 180.09 89.9605
-4.35063 85.2352 -84.9533 180.094 89.9613
-4.35752 85.2251 -84.9448 180.1 89.9622
-4.37136 85.2178 -84.9348 180.1 89.9648
-4.38144 85.2056 -84.9223 180.103 89.9641
-4.38776 85.1993 -84.9173 180.103 89.966
-4.3968 85.1885 -84.9087 180.105 89.9543
-4.40557 85.1761 -84.8956 180.108 89.9467
-4.41034 85.1659 -84.8844 180.11 89.9455
-4.41777 85.1564 -84.8735 180.109 89.9485
-4.4306 85.1426 -84.8552 180.105 89.9545
-4.43553 85.1354 -84.8442 180.103 89.9547
-4.44178 85.1236 -84.832 180.103 89.9565
-4.44869 85.1164 -84.8216 180.1 89.9589
-4.45982 85.1064 -84.8142 180.103 89.9655
-4.4686 85.0947 -84.8013 180.102 89.9667
-4.47818 85.0856 -84.7901 180.103 89.9719
-4.4787 85.0779 -84.7889 180.108 89.9628
-4.48346 85.069 -84.7794 180.106 89.9699
-4.49525 85.058 -84.7638 180.104 89.9702
-4.50131 85.0513 -84.7557 180.102 89.9698
-4.50831 85.0402 -84.745 180.1 89.972
-4.51334 85.0334 -84.7359 180.103 89.9767
-4.51939 85.0213 -84.7223 180.102 89.9764
-4.52646 85.0132 -84.711 180.099 89.9772
-4.53849 85.0021 -84.6965 180.1 89.9811
-4.54273 84.9921 -84.6905 180.1 89.9805
-4.55087 84.976 -84.6724 180.097 89.9785
-4.562 84.9665 -84.6621 180.096 89.984
-4.5704 84.954 -84.6506 180.097 89.9822
-4.57589 84.9368 -84.632 180.103 89.9773
-4.58472 84.927 -84.6156 180.097 89.983
-4.58844 84.9208 -84.6081 180.092 89.9796
-4.60216 84.9094 -84.5931 180.094 89.9822
-4.60492 84.9012 -84.5824 180.094 89.9834
-4.61392 84.8939 -84.5698 180.089 89.9835
-4.61896 84.8845 -84.5598 180.087 89.9869
-4.63252 84.8765 -84.5541 180.091 89.9925
-4.64203 84.8619 -84.5378 180.089 89.9971
-4.64786 84.8561 -84.5296 180.085 89.9999
-4.65724 84.8399 -84.5108 180.083 90.0041
-4.66407 84.8316 -84.4963 180.083 89.998
-4.67608 84.8164 -84.4723 180.082 90.0004
-4.68529 84.8074 -84.4589 180.084 89.989
-4.68781 84.7994 -84.4549 180.086 89.9768
-4.69504 84.7893 -84.441 180.083 89.9759
-4.70267 84.7821 -84.433 180.085 89.9742
-4.70807 84.7747 -84.423 180.088 89.9791
-4.71036 84.7601 -84.4055 180.086 89.9751
-4.715 84.7522 -84.3956 180.085 89.9689
-4.7283 84.746 -84.3858 180.083 89.9777
-4.73665 84.7361 -84.3745 180.086 89.9647
-4.73857 84.7271 -84.3681 180.09 89.9613
-4.75026 84.7108 -84.3499 180.084 89.9673
-4.75593 84.7046 -84.3466 180.082 89.9677
-4.75881 84.6957 -84.336 180.083 89.9601
-4.7683 84.683 -84.3248 180.085 89.9622
-4.77739 84.6745 -84.3148 180.086 89.9666
-4.77887 84.6667 -84.307 180.08 89.9621
-4.78617 84.657 -84.301 180.082 89.9626
-4.79027 84.6502 -84.2974 180.087 89.9575
-4.79446 84.6413 -84.2929 180.093 89.9476
-4.80154 84.6314 -84.2795 180.092 89.953
-4.8092 84.6236 -84.2743 180.097 89.9503
-4.80988 84.6166 -84.2616 180.098 89.9428
-4.81085 84.6089 -84.2566 180.103 89.935
-4.80838 84.6057 -84.2572 180.107 89.9281
-4.8093 84.6017 -84.2507 180.107 89.9203
-4.81097 84.5954 -84.2436 180.106 89.9229
-4.81237 84.5919 -84.2365 180.107 89.9158
-4.81528 84.5843 -84.2302 180.108 89.9171
-4.82043 84.5836 -84.2259 180.111 89.9153
-4.82355 84.5776 -84.2214 180.11 89.9149
-4.82589 84.5747 -84.2205 180.109 89.9125
-4.82944 84.569 -84.2184 180.114 89.909
-4.84058 84.5611 -84.2109 180.117 89.9129
-4.84527 84.5598 -84.2116 180.118 89.9062
-4.8465 84.5549 -84.2099 180.121 89.9031
-4.853 84.5462 -84.2002 180.119 89.9074
-4.85671 84.5356 -84.185 180.113 89.9088
-4.85733 84.5265 -84.1792 180.114 89.9046
-4.86337 84.5156 -84.1667 180.114 89.9071
-4.86788 84.5073 -84.1578 180.117 89.9003
-4.87788 84.4915 -84.1436 180.122 89.9008
-4.88945 84.4843 -84.1291 180.12 89.9014
-4.89243 84.4823 -84.1276 180.126 89.9043
-4.89563 84.4727 -84.1208 180.13 89.9018
-4.90045 84.4704 -84.1185 180.128 89.8947
-4.9063 84.4636 -84.1073 180.131 89.8915
-4.90844 84.4575 -84.0981 180.132 89.8824
-4.91449 84.4533 -84.0975 180.135 89.8751
-4.92391 84.4412 -84.0788 180.13 89.8723
-4.92176 84.4412 -84.0782 180.133 89.8669
-4.92503 84.433 -84.0651 180.13 89.861
-4.93127 84.4247 -84.0553 180.13 89.8633
-4.92692 84.4189 -84.0478 180.133 89.8624
-4.92662 84.4141 -84.0372 180.13 89.8515
-4.92894 84.4096 -84.0306 180.126 89.847
-4.93443 84.3985 -84.018 180.124 89.8446
-4.9421 84.3945 -84.0096 180.12 89.8494
-4.94593 84.3897 -84.0032 180.121 89.8483
-4.94533 84.3861 -84.0039 180.125 89.8413
-4.95414 84.3701 -83.9829 180.125 89.8427
-4.96344 84.3635 -83.972 180.126 89.846
-4.96604 84.3551 -83.9636 180.128 89.8431
-4.97445 84.3436 -83.9497 180.128 89.8414
-4.97717 84.3415 -83.9478 180.131 89.8395
-4.98539 84.3342 -83.9379 180.131 89.8443
-4.99115 84.3264 -83.9316 180.132 89.8436
-4.99934 84.3247 -83.9306 180.134 89.8537
-5.00402 84.3206 -83.9282 180.139 89.8517
-5.00321 84.3182 -83.9295 180.137 89.8519
-5.00247 84.3125 -83.921 180.138 89.8469
-5.01214 84.3048 -83.9154 180.132 89.852
-5.01598 84.2971 -83.9067 180.128 89.8557
-5.01438 84.2954 -83.9059 180.131 89.8614
-5.01337 84.2894 -83.9024 180.133 89.8484
-5.01802 84.2805 -83.8912 180.136 89.8441
-5.02128 84.276 -83.8863 180.137 89.84
-5.03167 84.2689 -83.8817 180.136 89.8406
-5.0296 84.2624 -83.8763 180.136 89.8358
-5.03384 84.2571 -83.8691 180.139 89.833
-5.03328 84.2498 -83.8636 180.144 89.8278
-5.04532 84.2401 -83.848 180.143 89.8297
-5.04883 84.234 -83.8448 180.144 89.8274
-5.05421 84.2282 -83.8386 180.142 89.8254
-5.06043 84.2231 -83.8283 180.141 89.8237
-5.06484 84.2169 -83.8243 180.143 89.8246
-5.07102 84.2078 -83.8092 180.142 89.8219
-5.07307 84.2021 -83.799 180.141 89.8047
-5.07782 84.1926 -83.7927 180.141 89.7964
-5.08229 84.1889 -83.7887 180.143 89.7865
-5.08417 84.1804 -83.7828 180.144 89.7802
-5.08561 84.1747 -83.7734 180.143 89.7769
-5.08995 84.1653 -83.7659 180.147 89.7725
-5.09282 84.1611 -83.7684 180.152 89.7697
-5.09336 84.1534 -83.7622 180.156 89.7582
-5.09189 84.1478 -83.7506 180.153 89.7585
-5.09153 84.1429 -83.7508 180.157 89.7533
-5.09524 84.1376 -83.7456 180.158 89.7506
-5.09915 84.1325 -83.7382 180.157 89.7601
-5.10544 84.1259 -83.7261 180.159 89.7542
-5.10803 84.1226 -83.7246 180.161 89.7541
-5.11027 84.1181 -83.7216 180.162 89.7537
-5.11747 84.112 -83.7128 180.16 89.7552
-5.12234 84.1052 -83.7041 180.159 89.7642
-5.12335 84.0973 -83.6969 180.164 89.7576
-5.1244 84.0905 -83.6881 180.161 89.7536
-5.12589 84.0848 -83.6793 180.154 89.7514
-5.12443 84.0798 -83.6748 180.152 89.7461
-5.12977 84.0712 -83.6669 180.156 89.7421
-5.13653 84.0617 -83.6611 180.159 89.745
-5.1436 84.0575 -83.6558 180.158 89.7445
-5.14994 84.057 -83.6579 180.161 89.7515
-5.15765 84.049 -83.6468 180.154 89.7543
-5.16016 84.045 -83.6406 180.155 89.7515
-5.16131 84.0458 -83.6422 180.152 89.7484
-5.16923 84.0377 -83.6325 180.152 89.7494
-5.17489 84.0322 -83.6236 180.149 89.7472
-5.17511 84.0312 -83.6248 180.157 89.7478
-5.18259 84.023 -83.6167 180.159 89.7437
-5.17775 84.0236 -83.6118 180.157 89.7277
-5.18482 84.0117 -83.6044 180.16 89.7246
-5.18929 84.0091 -83.5956 180.161 89.7273
-5.19351 84.0029 -83.5903 180.163 89.7259
-5.20007 83.9937 -83.5758 180.163 89.7251
-5.20235 83.9834 -83.5672 180.161 89.7178
-5.20509 83.9797 -83.5615 180.161 89.7164
-5.20548 83.9692 -83.5554 180.167 89.7109
-5.20872 83.9598 -83.5407 180.164 89.7078
-5.2121 83.9579 -83.538 180.165 89.7018
-5.21573 83.9511 -83.5321 180.165 89.702
-5.21782 83.9437 -83.5217 180.166 89.7001
-5.22728 83.9368 -83.5146 180.17 89.7016
-5.22639 83.9344 -83.5113 180.172 89.6951
-5.22772 83.9258 -83.5117 180.177 89.6924
-5.23553 83.9181 -83.4978 180.173 89.6978
-5.23903 83.9061 -83.4838 180.171 89.6928
-5.24639 83.9005 -83.4758 180.165 89.6988
-5.25613 83.8946 -83.4642 180.162 89.705
-5.25827 83.8923 -83.46 180.161 89.7047
-5.26405 83.8839 -83.4487 180.157 89.7129
-5.26382 83.8776 -83.4414 180.157 89.7144
-5.27151 83.8688 -83.4324 180.16 89.7188
-5.28145 83.8573 -83.4207 180.16 89.7212
-5.28506 83.8539 -83.4128 180.156 89.7225
-5.28786 83.8535 -83.4087 180.148 89.7244
-5.29059 83.8473 -83.3963 180.142 89.7313
-5.29787 83.8373 -83.3904 180.138 89.7366
-5.30306 83.8328 -83.3853 180.141 89.7305
-5.30918 83.824 -83.3728 180.137 89.7301
-5.31242 83.8177 -83.3682 180.142 89.7281
-5.31839 83.8111 -83.3595 180.14 89.7314
-5.32252 83.8105 -83.3582 180.138 89.7372
-5.33279 83.8018 -83.3425 180.136 89.7459
-5.33738 83.7992 -83.3454 180.139 89.7474
-5.3443 83.7905 -83.3332 180.138 89.749
-5.34822 83.7874 -83.3264 180.137 89.7499
-5.353 83.7762 -83.3121 180.134 89.7476
-5.35797 83.7728 -83.3093 180.135 89.7476
-5.36996 83.7663 -83.2981 180.134 89.7568
-5.37986 83.7623 -83.2911 180.129 89.7631
-5.3862 83.7575 -83.2859 180.129 89.7608
-5.39381 83.7506 -83.2776 180.134 89.7555
-5.39805 83.7455 -83.2727 180.133 89.7515
-5.40486 83.7393 -83.2689 180.136 89.7544
-5.4188 83.7281 -83.2585 180.134 89.7662
-5.4199 83.7257 -83.2518 180.134 89.7621
-5.42628 83.7194 -83.2421 180.13 89.7613
-5.43034 83.7151 -83.2374 180.132 89.7588
-5.43375 83.7034 -83.2234 180.135 89.7594
-5.44332 83.6937 -83.2078 180.133 89.7653
-5.44664 83.6906 -83.2052 180.134 89.7606
-5.45122 83.6859 -83.1971 180.131 89.7619
-5.45769 83.6793 -83.1936 180.132 89.7627
-5.46333 83.6718 -83.1871 180.133 89.7682
-5.46262 83.6654 -83.1837 180.139 89.764
-5.46369 83.6558 -83.1795 180.143 89.7628
-5.46915 83.6487 -83.1682 180.142 89.7563
-5.47537 83.638 -83.1552 180.143 89.7529
-5.47826 83.6328 -83.1505 180.143 89.7505
-5.47914 83.6268 -83.1386 180.139 89.7439
-5.48898 83.6206 -83.1346 180.144 89.7495
-5.48926 83.6162 -83.1285 180.139 89.7459
-5.4916 83.6127 -83.1236 180.139 89.7413
-5.49482 83.6038 -83.1169 180.138 89.7341
-5.49601 83.6038 -83.117 180.142 89.7304
-5.49852 83.5945 -83.109 180.142 89.7261
-5.49977 83.5903 -83.1026 180.143 89.7278
-5.50957 83.5777 -83.086 180.141 89.7308
-5.50927 83.5796 -83.0885 180.135 89.7312
-5.51462 83.5715 -83.0821 180.133 89.7284
-5.52038 83.5666 -83.0717 180.136 89.7253
-5.52308 83.5609 -83.0629 180.135 89.7197
-5.52348 83.5531 -83.052 180.134 89.7178
-5.52771 83.5489 -83.047 180.134 89.7216
-5.54076 83.5368 -83.0305 180.134 89.7227
-5.54464 83.5277 -83.0197 180.137 89.7193
-5.54631 83.5297 -83.0245 180.138 89.7268
-5.54997 83.5214 -83.0143 180.136 89.7307
-5.56011 83.5104 -83.0009 180.134 89.7341
-5.56713 83.5 -82.9872 180.132 89.738
-5.57216 83.4888 -82.9751 180.129 89.7458
-5.57655 83.4833 -82.969 180.128 89.741
-5.58224 83.4744 -82.9613 180.13 89.7445
-5.58705 83.4658 -82.952 180.136 89.7515
-5.58937 83.4574 -82.9433 180.133 89.753
-5.59297 83.4498 -82.9328 180.132 89.7526
-5.59286 83.4463 -82.9302 180.133 89.7522
-5.59423 83.4394 -82.9194 180.128 89.7482
-5.59956 83.4396 -82.9191 180.129 89.7518
-5.6067 83.4328 -82.9057 180.121 89.7554
-5.61108 83.4258 -82.8969 180.123 89.7565
-5.61524 83.4203 -82.8919 180.123 89.7558
-5.61834 83.4174 -82.889 180.122 89.7555
-5.62806 83.4088 -82.8807 180.126 89.7595
-5.63227 83.4015 -82.8743 180.121 89.7647
-5.63187 83.399 -82.8763 180.126 89.768
-5.62779 83.3957 -82.874 180.128 89.7562
-5.63412 83.3891 -82.8665 180.128 89.7591
-5.63316 83.3824 -82.8595 180.129 89.7554
-5.63625 83.3772 -82.8499 180.129 89.7599
-5.6271 83.3784 -82.8498 180.125 89.7521
-5.63032 83.368 -82.8358 180.119 89.7552
-5.63366 83.3605 -82.8266 180.117 89.7561
-5.63615 83.3503 -82.8164 180.12 89.756
-5.6426 83.3407 -82.8067 180.125 89.7606
-5.64721 83.3361 -82.8012 180.123 89.7602
-5.64937 83.3299 -82.7974 180.121 89.7586
-5.64851 83.3233 -82.796 180.127 89.751
-5.65148 83.3197 -82.787 180.12 89.7513
-5.65224 83.3112 -82.7765 180.119 89.7527
-5.65807 83.3068 -82.7723 180.118 89.7587
-5.66961 83.2976 -82.7623 180.112 89.7614
-5.66393 83.2986 -82.7669 180.113 89.7565
-5.66832 83.2963 -82.7611 180.113 89.7582
-5.67583 83.292 -82.757 180.115 89.7592
-5.67985 83.283 -82.7475 180.116 89.7618
-5.68646 83.2807 -82.7462 180.111 89.7709
-5.68581 83.275 -82.7385 180.11 89.7641
-5.68808 83.2665 -82.7312 180.108 89.7629
-5.68991 83.2644 -82.7298 180.109 89.7669
-5.6932 83.2534 -82.7217 180.11 89.7654
-5.69459 83.2522 -82.7178 180.108 89.7582
-5.69064 83.2456 -82.7127 180.112 89.7566
-5.69997 83.2358 -82.6987 180.112 89.7555
-5.70773 83.2277 -82.691 180.113 89.7542
-5.70735 83.2245 -82.6864 180.112 89.7514
-5.70818 83.2155 -82.6811 180.116 89.7533
-5.71402 83.2155 -82.6833 180.119 89.756
-5.71679 83.2096 -82.6739 180.12 89.7496
-5.71606 83.2049 -82.6697 180.125 89.7437
-5.72427 83.1937 -82.6524 180.12 89.7432
-5.72603 83.1854 -82.648 180.125 89.7312
-5.72511 83.1801 -82.6452 180.122 89.7295
-5.7326 83.1701 -82.6372 180.121 89.7253
-5.73636 83.1641 -82.6335 180.127 89.721
-5.74499 83.1495 -82.6186 180.129 89.7238
-5.75001 83.1445 -82.6148 180.133 89.727
-5.75406 83.1308 -82.6 180.137 89.7255
-5.75657 83.1261 -82.5977 180.139 89.7236
-5.76404 83.1233 -82.5896 180.138 89.7242
-5.7728 83.1111 -82.5765 180.142 89.7268
-5.77795 83.104 -82.5664 180.143 89.725
-5.77594 83.0993 -82.5637 180.144 89.7259
-5.78225 83.0898 -82.5512 180.14 89.7306
-5.78619 83.0818 -82.5432 180.143 89.7242
-5.78561 83.0746 -82.5361 180.146 89.7145
-5.78882 83.0716 -82.5258 180.143 89.711
-5.78691 83.0704 -82.5283 180.146 89.7069
-5.7918 83.0698 -82.5277 180.147 89.7101
-5.79614 83.0587 -82.5152 180.15 89.7087
-5.80204 83.0518 -82.5122 180.152 89.7068
-5.80626 83.0514 -82.5105 180.153 89.7016
-5.80901 83.0471 -82.5038 180.15 89.7008
-5.81496 83.0378 -82.4899 180.148 89.6984
-5.81782 83.0305 -82.4851 180.149 89.6973
-5.82041 83.0216 -82.475 180.143 89.6887
-5.82492 83.0173 -82.4691 180.15 89.6879
-5.8281 83.0128 -82.466 180.149 89.6884
-5.8293 83.0092 -82.4656 180.153 89.6908
-5.8339 83.003 -82.4626 180.156 89.685
-5.84186 83.0009 -82.4601 180.156 89.6888
-5.85023 82.9899 -82.4448 180.152 89.69
-5.85324 82.9864 -82.4411 180.154 89.69
-5.85602 82.9799 -82.431 180.152 89.6868
-5.86351 82.9731 -82.4292 180.155 89.6899
-5.86416 82.9644 -82.4161 180.151 89.684
-5.86636 82.9578 -82.4046 180.146 89.6883
-5.86483 82.9506 -82.3987 180.142 89.682
-5.86911 82.9445 -82.3932 180.148 89.6848
-5.875 82.9372 -82.3894 180.155 89.684
-5.87922 82.934 -82.3897 180.15 89.6874
-5.88667 82.9277 -82.3822 180.152 89.6859
-5.88736 82.9254 -82.3821 180.151 89.6875
-5.89062 82.9265 -82.3796 180.153 89.6874
-5.899 82.9152 -82.3645 180.151 89.6863
-5.90338 82.9126 -82.3599 180.153 89.6842
-5.9026 82.9086 -82.3562 180.153 89.6806
-5.90513 82.905 -82.3476 180.158 89.6756
-5.90667 82.9053 -82.3498 180.159 89.6743
-5.91276 82.8986 -82.3409 180.159 89.6755
-5.91147 82.8935 -82.332 180.161 89.6741
-5.91147 82.8901 -82.3287 180.161 89.6753
-5.91499 82.8882 -82.3268 180.165 89.6748
-5.92176 82.8821 -82.318 180.16 89.6781
-5.92043 82.8774 -82.3124 180.168 89.6702
-5.92104 82.8727 -82.3115 180.176 89.6652
-5.92661 82.8648 -82.2996 180.175 89.6611
-5.92715 82.8648 -82.2967 180.178 89.66
-5.93256 82.8604 -82.2909 180.173 89.6588
-5.93496 82.8526 -82.2799 180.176 89.6573
-5.93171 82.8496 -82.2795 180.179 89.6557
-5.93467 82.8401 -82.2671 180.18 89.6476
-5.93457 82.8408 -82.2674 180.181 89.6441
-5.936 82.8398 -82.2643 180.182 89.6418
-5.94798 82.8291 -82.2501 180.178 89.6472
-5.94858 82.8247 -82.2463 180.175 89.6427
-5.95056 82.8167 -82.2352 180.174 89.6385
-5.95247 82.809 -82.2261 180.174 89.6425
-5.95616 82.8034 -82.2204 180.177 89.6368
-5.95885 82.7979 -82.2119 180.178 89.6371
-5.95953 82.7956 -82.209 180.177 89.636
-5.96708 82.7893 -82.2037 180.179 89.6343
-5.96044 82.79 -82.2027 180.183 89.6254
-5.96639 82.7802 -82.1949 180.186 89.6261
-5.97299 82.7702 -82.187 180.187 89.6292
-5.97497 82.7632 -82.1836 180.192 89.6234
-5.97668 82.7609 -82.1787 180.189 89.6251
-5.98001 82.7556 -82.173 180.191 89.6269
-5.98545 82.7539 -82.172 180.191 89.6307
-5.99411 82.7477 -82.1638 180.194 89.6259
-5.99509 82.7442 -82.1579 180.197 89.6215
-5.99839 82.736 -82.1503 180.195 89.6248
-6.00594 82.7231 -82.1383 180.199 89.6192
-6.00703 82.7175 -82.132 180.196 89.617
-6.01647 82.7076 -82.118 180.192 89.6208
-6.01208 82.7059 -82.1191 180.192 89.6115
-6.01545 82.7013 -82.1122 180.186 89.6118
-6.01525 82.6915 -82.0988 180.189 89.606
-6.00902 82.6882 -82.0975 180.192 89.6025
-6.01911 82.6829 -82.0922 180.193 89.6071
-6.01896 82.6788 -82.0888 180.198 89.6072
-6.0202 82.6721 -82.0818 180.199 89.6051
-6.02618 82.6674 -82.0742 180.2 89.6048
-6.02566 82.6662 -82.0742 180.205 89.5983
-6.02816 82.6571 -82.0695 180.211 89.5976
-6.03283 82.6534 -82.0653 180.215 89.5935
-6.03805 82.6465 -82.0595 180.22 89.5888
-6.0441 82.6418 -82.0556 180.22 89.5858
-6.04 82.6433 -82.0606 180.223 89.5833
-6.03817 82.6387 -82.06 180.227 89.5779
-6.03983 82.6339 -82.0559 180.23 89.5741
-6.04123 82.6247 -82.0469 180.224 89.5736
-6.04432 82.6145 -82.0348 180.221 89.576
-6.04392 82.6149 -82.0341 180.22 89.5694
-6.04935 82.6075 -82.0264 180.221 89.563
-6.05243 82.6006 -82.0106 180.217 89.5551
-6.0598 82.5974 -82.0092 180.218 89.5536
-6.06462 82.5915 -82.0005 180.218 89.5553
-6.06961 82.5892 -81.9981 180.216 89.5548
-6.07001 82.5893 -81.9974 180.217 89.555
-6.07315 82.5862 -81.994 180.216 89.556
-6.07381 82.5817 -81.989 180.221 89.5539
-6.07704 82.5767 -81.9907 180.224 89.552
-6.07762 82.5768 -81.9894 180.225 89.5433
-6.07707 82.5738 -81.9898 180.227 89.5396
-6.07872 82.5677 -81.9855 180.232 89.5257
-6.08519 82.5625 -81.9769 180.232 89.5256
-6.08981 82.556 -81.9765 180.232 89.5238
-6.0937 82.5542 -81.9713 180.233 89.5238
-6.09994 82.5523 -81.9646 180.23 89.5284
-6.10465 82.5508 -81.9649 180.229 89.5249
-6.10714 82.5511 -81.9634 180.226 89.5274
-6.10804 82.546 -81.9584 180.23 89.526
-6.11529 82.5447 -81.9566 180.228 89.5248
-6.11849 82.5364 -81.9443 180.229 89.5194
-6.1158 82.5338 -81.9412 180.228 89.5158
-6.12371 82.5202 -81.929 180.229 89.5132
-6.12594 82.5139 -81.9177 180.231 89.5092
-6.12811 82.5075 -81.9092 180.231 89.5107
-6.13461 82.5005 -81.905 180.234 89.509
-6.1337 82.5004 -81.9045 180.233 89.5088
-6.13895 82.4899 -81.8951 180.238 89.5111
-6.13536 82.4906 -81.8972 180.24 89.5065
-6.13845 82.4789 -81.8856 180.243 89.5048
-6.14106 82.4731 -81.8826 180.244 89.4981
-6.13893 82.4673 -81.8747 180.242 89.4947
-6.14174 82.4596 -81.8679 180.237 89.4942
-6.14669 82.4543 -81.8634 180.24 89.4913
-6.15166 82.4417 -81.8527 180.245 89.4859
-6.15332 82.4356 -81.8404 180.245 89.4779
-6.151 82.4305 -81.8333 180.245 89.4751
-6.15643 82.4192 -81.825 180.246 89.476
-6.15411 82.4199 -81.824 180.245 89.4794
-6.15304 82.4154 -81.8247 180.248 89.4766
-6.15706 82.411 -81.8219 180.252 89.4762
-6.15987 82.4065 -81.8168 180.251 89.4763
-6.15725 82.4022 -81.813 180.253 89.4762
-6.16168 82.395 -81.8072 180.255 89.4818
-6.15765 82.3915 -81.801 180.252 89.486
-6.15699 82.3954 -81.8061 180.249 89.4791
-6.16089 82.3911 -81.8001 180.249 89.4845
-6.163 82.3828 -81.7914 180.251 89.4819
-6.15931 82.3767 -81.7874 180.25 89.4784
-6.16322 82.3686 -81.7777 180.249 89.4783
-6.16554 82.3658 -81.7753 180.248 89.4749
-6.17228 82.3576 -81.7681 180.248 89.4719
-6.17546 82.3524 -81.7609 180.244 89.4773
-6.18221 82.3487 -81.7551 180.246 89.4746
-6.18374 82.3441 -81.7508 180.245 89.4735
-6.18505 82.3362 -81.7407 180.249 89.4688
-6.18374 82.3313 -81.7349 180.247 89.462
-6.19211 82.3273 -81.73 180.255 89.463
-6.19114 82.3204 -81.7206 180.25 89.4585
-6.18778 82.316 -81.717 180.254 89.4576
-6.18964 82.3072 -81.7074 180.25 89.4531
-6.19038 82.3005 -81.6983 180.245 89.4487
-6.19081 82.2957 -81.6906 180.246 89.45
-6.18708 82.2925 -81.6857 180.245 89.4437
-6.18476 82.2875 -81.6795 180.248 89.4345
-6.18577 82.2854 -81.6805 180.254 89.43
-6.18516 82.2825 -81.6755 180.253 89.4298
-6.18157 82.2801 -81.6741 180.254 89.4195
-6.18464 82.2763 -81.6648 180.253 89.4151
-6.18647 82.2791 -81.6651 180.26 89.4143
-6.19108 82.2766 -81.6638 180.261 89.4079
-6.19528 82.2723 -81.6574 180.263 89.4087
-6.19246 82.2667 -81.6505 180.265 89.4017
-6.19585 82.2636 -81.6462 180.265 89.4006
-6.1931 82.263 -81.6472 180.267 89.4009
-6.19738 82.2542 -81.6388 180.265 89.4005
-6.19595 82.2521 -81.6329 180.264 89.3972
-6.19687 82.2473 -81.6272 180.263 89.4002
-6.20191 82.2409 -81.623 180.269 89.4007
-6.20679 82.2386 -81.6196 180.262 89.4052
-6.21255 82.2308 -81.6122 180.262 89.406
-6.21435 82.2233 -81.6052 180.262 89.4072
-6.21512 82.2196 -81.599 180.266 89.4031
-6.21538 82.2161 -81.5933 180.267 89.3953
-6.22139 82.2191 -81.5973 180.271 89.3966
-6.22251 82.2184 -81.5966 180.272 89.3997
-6.22285 82.2145 -81.5944 180.271 89.3972
-6.22144 82.2129 -81.5916 180.268 89.3985
-6.22437 82.2067 -81.5821 180.268 89.3952
-6.22162 82.2074 -81.5823 180.269 89.3955
-6.21938 82.21 -81.5853 180.274 89.3935
-6.21959 82.2068 -81.5832 180.276 89.3901
-6.21756 82.2091 -81.584 180.277 89.3847
-6.21605 82.2067 -81.5854 180.28 89.3795
-6.21698 82.2061 -81.5866 180.287 89.3774
-6.214 82.2012 -81.5815 180.285 89.3757
-6.21599 82.1982 -81.5781 180.285 89.3781
-6.21868 82.1929 -81.5746 180.286 89.3755
-6.22134 82.189 -81.5661 180.289 89.371
-6.22196 82.1873 -81.5657 180.292 89.3645
-6.22378 82.1852 -81.5614 180.292 89.3694
-6.23122 82.1764 -81.5494 180.292 89.3686
-6.23222 82.1733 -81.5469 180.293 89.3646
-6.23541 82.1636 -81.5336 180.294 89.3584
-6.23416 82.1611 -81.5321 180.297 89.3554
-6.23805 82.1532 -81.5224 180.297 89.3516
-6.24979 82.1448 -81.5134 180.296 89.3568
-6.24166 82.1458 -81.5132 180.297 89.3454
-6.24486 82.1468 -81.5144 180.299 89.3497
-6.24736 82.144 -81.5097 180.3 89.3575
-6.24806 82.1452 -81.5114 180.307 89.3612
-6.2538 82.1422 -81.5101 180.304 89.3674
-6.24787 82.1516 -81.522 180.306 89.3641
-6.24829 82.1482 -81.514 180.304 89.3637
-6.25043 82.149 -81.5171 180.305 89.3671
-6.24238 82.1469 -81.5156 180.304 89.3555
-6.24354 82.144 -81.5124 180.304 89.35
-6.2435 82.1394 -81.5104 180.305 89.3497
-6.24369 82.1407 -81.5104 180.311 89.3439
-6.24396 82.1402 -81.5148 180.316 89.3395
-6.253 82.1317 -81.5024 180.314 89.3377
-6.25312 82.1312 -81.4958 180.313 89.3307
-6.25978 82.1279 -81.4958 180.315 89.3325
-6.2625 82.1206 -81.4876 180.317 89.3324
-6.26201 82.1195 -81.4893 180.318 89.3301
-6.27108 82.1094 -81.4734 180.315 89.3315
-6.27074 82.1059 -81.465 180.307 89.3262
-6.27347 82.1025 -81.4541 180.297 89.3255
-6.27778 82.0978 -81.452 180.294 89.3249
-6.27888 82.0941 -81.4499 180.293 89.3214
-6.2791 82.0861 -81.4411 180.293 89.314
-6.28385 82.0844 -81.4394 180.299 89.3136
-6.29036 82.0808 -81.4382 180.298 89.3123
-6.30191 82.0728 -81.4286 180.294 89.3235
-6.30487 82.0692 -81.422 180.295 89.3169
-6.31022 82.0666 -81.4177 180.292 89.3143
-6.31467 82.0628 -81.4155 180.288 89.318
-6.3216 82.0586 -81.4095 180.286 89.3226
-6.32502 82.0528 -81.4064 180.292 89.3193
-6.32593 82.049 -81.3939 180.286 89.3172
-6.32851 82.0519 -81.3986 180.282 89.3192
-6.33506 82.045 -81.394 180.285 89.3235
-6.33534 82.0412 -81.3861 180.285 89.3223
-6.33831 82.0389 -81.3862 180.291 89.3207
-6.33911 82.035 -81.3792 180.29 89.3184
-6.33774 82.0345 -81.3821 180.294 89.3188
-6.33947 82.0317 -81.3794 180.296 89.3126
-6.34163 82.0331 -81.3826 180.298 89.3105
-6.33658 82.0338 -81.3827 180.298 89.3114
-6.34488 82.0264 -81.3765 180.303 89.3154
-6.34628 82.0264 -81.3687 180.303 89.3074
-6.3493 82.0239 -81.3669 180.308 89.3087
-6.34666 82.0265 -81.3762 180.317 89.3014
-6.34692 82.0211 -81.3765 180.321 89.3017
-6.3527 82.0178 -81.3728 180.323 89.3077
-6.34917 82.0159 -81.3756 180.329 89.3023
-6.3456 82.0138 -81.377 180.336 89.2937
-6.35357 82.0153 -81.3765 180.331 89.3004
-6.35674 82.0125 -81.3735 180.332 89.2968
