4
-0.39631 89.3226 -89.33 180.017 90.5161
-0.443552 89.2446 -89.2488 180.014 90.5737
-0.487577 89.1659 -89.1684 180.019 90.6354
-0.538616 89.083 -89.0886 180.024 90.6977
-0.582055 89.0082 -89.0147 180.024 90.7543
-0.626038 88.9252 -88.9374 180.032 90.8114
-0.673815 88.8439 -88.8563 180.037 90.869
-0.724952 88.7632 -88.7757 180.035 90.9294
-0.775561 88.6791 -88.69 180.034 90.9974
-0.827178 88.5952 -88.6025 180.035 91.0597
-0.879918 88.5063 -88.5102 180.036 91.1195
-0.931562 88.4267 -88.4274 180.038 91.1829
-0.98375 88.3422 -88.342 180.035 91.2475
-1.0326 88.2599 -88.2618 180.034 91.3075
-1.08592 88.1732 -88.1743 180.037 91.3714
-1.13417 88.0943 -88.0984 180.04 91.4274
-1.18796 88.0093 -88.0151 180.038 91.4932
-1.23959 87.9314 -87.9379 180.037 91.5548
-1.29442 87.8449 -87.8544 180.043 91.6194
-1.34494 87.7594 -87.7728 180.049 91.6852
-1.39333 87.6776 -87.6913 180.048 91.7486
-1.44118 87.596 -87.6129 180.051 91.8109
-1.49064 87.5159 -87.537 180.053 91.8773
-1.54436 87.4354 -87.4577 180.053 91.9408
-1.59273 87.3494 -87.3696 180.052 92.0044
-1.64326 87.2672 -87.284 180.046 92.0697
-1.69599 87.184 -87.1965 180.047 92.1332
-1.74164 87.105 -87.116 180.049 92.1962
-1.78726 87.0217 -87.036 180.055 92.2551
-1.83884 86.9325 -86.9467 180.053 92.3206
-1.88657 86.851 -86.8686 180.051 92.3832
-1.93328 86.7705 -86.7871 180.053 92.4404
-1.98157 86.6808 -86.695 180.05 92.5006
-2.03264 86.6014 -86.6209 180.051 92.5638
-2.08532 86.5156 -86.5365 180.053 92.6268
-2.13638 86.4265 -86.4472 180.055 92.6891
-2.1879 86.3396 -86.3604 180.054 92.751
-2.24058 86.2526 -86.2762 180.056 92.8152
-2.29595 86.1674 -86.1899 180.055 92.88
-2.34426 86.0837 -86.1054 180.057 92.9413
-2.39423 85.9974 -86.0184 180.054 93.0057
-2.44467 85.9122 -85.9329 180.055 93.0689
-2.49191 85.8313 -85.8528 180.057 93.1273
-2.54129 85.7466 -85.772 180.062 93.184
-2.59558 85.6652 -85.6932 180.064 93.2458
-2.64553 85.5849 -85.6158 180.067 93.3083
-2.69492 85.5013 -85.5389 180.071 93.3679
-2.74167 85.4193 -85.4557 180.071 93.427
-2.78943 85.3347 -85.3735 180.076 93.4862
-2.835 85.2588 -85.3 180.082 93.5414
-2.89363 85.165 -85.2101 180.086 93.6084
-2.94299 85.0771 -85.1264 180.091 93.671
-2.99455 84.9887 -85.0395 180.096 93.7289
-3.04726 84.902 -84.9509 180.094 93.7954
-3.09983 84.8153 -84.8691 180.094 93.8569
-3.15627 84.7167 -84.7687 180.097 93.9243
-3.209 84.6299 -84.6782 180.095 93.9903
-3.25457 84.5541 -84.6076 180.101 94.0489
-3.30562 84.4663 -84.5225 180.104 94.1128
-3.35179 84.3845 -84.4413 180.105 94.1777
-3.39962 84.3005 -84.3577 180.108 94.2421
-3.45118 84.2144 -84.2776 180.109 94.3052
-3.50223 84.1304 -84.1984 180.113 94.3672
-3.55215 84.0411 -84.108 180.112 94.4264
-3.59441 83.9636 -84.0343 180.114 94.479
-3.6433 83.8829 -83.9543 180.115 94.5367
-3.69488 83.7968 -83.8712 180.115 94.5983
-3.74592 83.7151 -83.7938 180.117 94.6616
-3.79752 83.6273 -83.7041 180.115 94.722
-3.84808 83.545 -83.6232 180.119 94.7833
-3.90069 83.4585 -83.5391 180.118 94.8422
-3.95117 83.3741 -83.4528 180.117 94.9056
-4.00064 83.2967 -83.3784 180.118 94.9678
-4.04839 83.2129 -83.2929 180.115 95.0279
-4.10649 83.1231 -83.2038 180.115 95.0957
-4.15427 83.0447 -83.1298 180.117 95.1572
-4.20756 82.9642 -83.0516 180.118 95.2216
-4.26137 82.8852 -82.9653 180.115 95.2831
-4.31349 82.7998 -82.8755 180.111 95.3454
-4.36235 82.7133 -82.7897 180.111 95.4013
-4.41184 82.6349 -82.7106 180.11 95.4634
-4.45745 82.555 -82.6292 180.109 95.5246
-4.51125 82.4685 -82.5438 180.104 95.588
-4.5618 82.3912 -82.4657 180.103 95.6525
-4.61069 82.3123 -82.3888 180.106 95.7143
-4.65794 82.2297 -82.3087 180.11 95.7732
-4.70625 82.14 -82.2238 180.115 95.8297
-4.75897 82.0552 -82.135 180.111 95.8896
-4.80516 81.9731 -82.0523 180.112 95.9471
-4.85952 81.8851 -81.9692 180.118 96.0114
-4.90899 81.7982 -81.8795 180.119 96.0707
-4.95622 81.7161 -81.7949 180.119 96.1243
-5.0029 81.6347 -81.7147 180.121 96.1808
-5.0534 81.551 -81.635 180.124 96.2408
-5.10171 81.4642 -81.5486 180.125 96.2985
-5.15221 81.3751 -81.4625 180.129 96.3557
-5.19733 81.2931 -81.3808 180.131 96.4121
-5.24839 81.2095 -81.3007 180.134 96.4668
-5.30057 81.1199 -81.2092 180.135 96.5284
-5.35381 81.0315 -81.1203 180.138 96.5835
-5.4011 80.9484 -81.0379 180.138 96.6395
-5.44999 80.8681 -80.9617 180.14 96.7
-5.50109 80.7818 -80.8739 180.141 96.7587
-5.55112 80.6982 -80.7879 180.139 96.8175
-5.60216 80.6104 -80.6994 180.139 96.8729
-5.65435 80.5284 -80.6212 180.144 96.9367
-5.70869 80.4438 -80.5377 180.143 96.9977
-5.75707 80.3619 -80.4593 180.146 97.0565
-5.80437 80.2789 -80.3752 180.15 97.1153
-5.85599 80.1954 -80.2892 180.148 97.1744
-5.90649 80.1043 -80.1988 180.149 97.2332
-5.95545 80.0268 -80.1226 180.153 97.2961
-6.00224 79.9486 -80.0417 180.154 97.3524
-6.05443 79.8592 -79.9545 180.154 97.4135
-6.10392 79.7736 -79.8673 180.156 97.4711
-6.14792 79.6934 -79.786 180.154 97.5247
-6.2001 79.6051 -79.702 180.158 97.5864
-6.2528 79.5163 -79.6151 180.16 97.6471
-6.30449 79.4345 -79.5344 180.161 97.7085
-6.35611 79.3473 -79.4492 180.16 97.7675
-6.40775 79.2574 -79.3629 180.164 97.8259
-6.45887 79.1681 -79.2744 180.163 97.8841
-6.5138 79.082 -79.1891 180.163 97.944
-6.56546 79.0034 -79.1106 180.163 98.0051
-6.62035 78.9077 -79.0178 180.16 98.0677
-6.67367 78.82 -78.9297 180.161 98.1322
-6.7237 78.7334 -78.8447 180.161 98.1928
-6.77866 78.6468 -78.7537 180.157 98.254
-6.82761 78.5614 -78.6653 180.158 98.3121
-6.87876 78.477 -78.5814 180.157 98.3726
-6.92662 78.3904 -78.4909 180.157 98.4323
-6.97556 78.3076 -78.4073 180.156 98.4868
-7.02888 78.2237 -78.3181 180.154 98.5426
-7.0822 78.1393 -78.235 180.156 98.6072
-7.13718 78.0544 -78.1496 180.155 98.6694
-7.19372 77.9706 -78.0678 180.161 98.7286
-7.24652 77.8835 -77.9808 180.161 98.7903
-7.29927 77.7933 -77.8944 180.161 98.8464
-7.35528 77.7078 -77.8112 180.164 98.9105
-7.408 77.6235 -77.7307 180.163 98.9746
-7.45746 77.5436 -77.6531 180.161 99.0346
-7.50857 77.463 -77.5714 180.16 99.0911
-7.55534 77.3814 -77.4845 180.155 99.148
-7.60595 77.3036 -77.4038 180.155 99.2109
-7.65656 77.2193 -77.3147 180.148 99.2703
-7.70497 77.1345 -77.2293 180.145 99.3301
-7.75663 77.0513 -77.1454 180.147 99.3896
-7.81154 76.9676 -77.0624 180.146 99.4519
-7.85999 76.8854 -76.977 180.148 99.514
-7.90566 76.8039 -76.8962 180.146 99.5674
-7.95407 76.7223 -76.8172 180.152 99.6271
-8.00571 76.6375 -76.7312 180.151 99.6855
-8.05903 76.5511 -76.6479 180.158 99.7463
-8.10961 76.4642 -76.5627 180.158 99.806
-8.15752 76.3848 -76.4802 180.159 99.8625
-8.20372 76.3033 -76.3948 180.159 99.9189
-8.25317 76.2197 -76.3129 180.16 99.9784
-8.30324 76.1398 -76.2319 180.16 100.04
-8.35326 76.0589 -76.1514 180.162 100.11
-8.40274 75.9816 -76.0744 180.16 100.173
-8.45228 75.9018 -75.9937 180.161 100.234
-8.50505 75.8139 -75.9092 180.166 100.297
-8.55456 75.7335 -75.8321 180.164 100.36
-8.60133 75.6526 -75.7505 180.164 100.416
-8.6541 75.5625 -75.6646 180.162 100.477
-8.70746 75.4789 -75.5794 180.165 100.545
-8.75752 75.4007 -75.4991 180.161 100.602
-8.80867 75.3192 -75.4183 180.161 100.662
-8.85874 75.2361 -75.3392 180.163 100.72
-8.91205 75.1536 -75.2556 180.162 100.786
-8.96048 75.0733 -75.1723 180.158 100.845
-9.00945 74.9903 -75.0907 180.155 100.903
-9.05681 74.9117 -75.0099 180.155 100.966
-9.10851 74.8287 -74.9287 180.156 101.027
-9.15743 74.7489 -74.8539 180.161 101.085
-9.20694 74.6713 -74.7771 180.159 101.147
-9.25425 74.5942 -74.704 180.158 101.208
-9.30268 74.516 -74.6281 180.16 101.262
-9.35273 74.4347 -74.5488 180.16 101.326
-9.40222 74.3519 -74.4685 180.16 101.387
-9.45339 74.2668 -74.3868 180.162 101.45
-9.50186 74.1854 -74.3005 180.163 101.507
-9.54813 74.1041 -74.2207 180.166 101.565
-9.59601 74.0202 -74.1398 180.168 101.62
-9.64826 73.9372 -74.0539 180.168 101.679
-9.70375 73.8484 -73.9666 180.167 101.738
-9.75 73.7736 -73.8921 180.166 101.793
-9.80225 73.6864 -73.8052 180.169 101.853
-9.85452 73.5977 -73.7139 180.168 101.914
-9.90186 73.5218 -73.6339 180.165 101.974
-9.95031 73.441 -73.5527 180.169 102.034
-9.99874 73.3672 -73.4797 180.169 102.093
-10.0532 73.2807 -73.3981 180.169 102.157
-10.1049 73.1935 -73.3099 180.17 102.216
-10.1468 73.1183 -73.2329 180.17 102.269
-10.1996 73.0354 -73.1485 180.171 102.33
-10.2497 72.9531 -73.0659 180.172 102.391
-10.2998 72.8714 -72.9825 180.174 102.455
-10.3526 72.7843 -72.8933 180.171 102.516
-10.4033 72.6957 -72.8044 180.17 102.575
-10.4571 72.6124 -72.724 180.166 102.64
-10.5116 72.527 -72.6329 180.162 102.704
-10.56 72.4481 -72.5547 180.161 102.765
-10.6025 72.3687 -72.4736 180.159 102.822
-10.6542 72.2822 -72.3922 180.156 102.887
-10.695 72.2103 -72.319 180.158 102.946
-10.744 72.127 -72.2376 180.165 103.002
-10.793 72.0459 -72.1611 180.164 103.064
-10.8403 71.9686 -72.0865 180.163 103.124
-10.8882 71.8902 -72.0092 180.163 103.186
-10.9367 71.8112 -71.9355 180.168 103.242
-10.9906 71.7283 -71.8551 180.171 103.304
-11.0418 71.6467 -71.7741 180.166 103.366
-11.0946 71.5614 -71.6874 180.166 103.434
-11.1398 71.4852 -71.6105 180.169 103.494
-11.1877 71.4046 -71.5338 180.174 103.55
-11.2383 71.3267 -71.4553 180.175 103.618
-11.2885 71.2409 -71.3703 180.176 103.675
-11.3396 71.1577 -71.29 180.181 103.733
-11.3925 71.0771 -71.2053 180.18 103.801
-11.4437 70.9939 -71.1177 180.179 103.857
-11.4954 70.9118 -71.0371 180.181 103.921
-11.5466 70.8361 -70.9617 180.186 103.98
-11.5999 70.7513 -70.8812 180.188 104.041
-11.6539 70.6724 -70.806 180.189 104.103
-11.7089 70.5918 -70.7209 180.19 104.166
-11.7596 70.5059 -70.6323 180.194 104.226
-11.8102 70.4212 -70.5478 180.194 104.284
-11.8625 70.336 -70.4689 180.201 104.344
-11.9175 70.2496 -70.3821 180.202 104.411
-11.9654 70.1708 -70.3036 180.197 104.471
-12.0155 70.0868 -70.217 180.195 104.535
-12.0672 70.0015 -70.1344 180.197 104.594
-12.1189 69.9195 -70.0519 180.193 104.655
-12.1674 69.8402 -69.9751 180.195 104.715
-12.2158 69.762 -69.9002 180.194 104.775
-12.2632 69.6795 -69.8216 180.198 104.833
-12.3133 69.5976 -69.738 180.197 104.889
-12.3613 69.5134 -69.6523 180.196 104.944
-12.4093 69.4346 -69.5712 180.194 104.999
-12.4605 69.3578 -69.4958 180.195 105.061
-12.5128 69.2725 -69.4099 180.192 105.124
-12.569 69.1882 -69.3255 180.19 105.183
-12.6208 69.1046 -69.2429 180.191 105.239
-12.6709 69.0231 -69.1629 180.195 105.299
-12.7211 68.9463 -69.0895 180.196 105.358
-12.7706 68.8692 -69.0109 180.197 105.42
-12.824 68.7862 -68.9248 180.188 105.483
-12.8719 68.7074 -68.8471 180.19 105.542
-12.9269 68.6239 -68.7655 180.191 105.609
-12.9727 68.5425 -68.6878 180.195 105.663
-13.0294 68.4542 -68.6042 180.195 105.731
-13.0806 68.3749 -68.5273 180.195 105.791
-13.1346 68.2881 -68.442 180.195 105.851
-13.1918 68.196 -68.3456 180.194 105.914
-13.2381 68.1232 -68.2712 180.193 105.972
-13.2915 68.0417 -68.1942 180.195 106.034
-13.3411 67.9583 -68.1118 180.195 106.097
-13.395 67.8749 -68.0301 180.199 106.163
-13.4473 67.7898 -67.9485 180.201 106.225
-13.5002 67.7062 -67.8661 180.206 106.284
-13.5498 67.6228 -67.7793 180.205 106.346
-13.6038 67.5398 -67.6912 180.205 106.401
-13.6567 67.4595 -67.6143 180.203 106.464
-13.7106 67.3824 -67.5428 180.207 106.53
-13.7645 67.2968 -67.4544 180.206 106.589
-13.8103 67.2172 -67.3745 180.209 106.647
-13.8567 67.1396 -67.297 180.207 106.697
-13.9085 67.0535 -67.2141 180.211 106.756
-13.9608 66.9722 -67.1351 180.216 106.818
-14.0164 66.8876 -67.0535 180.217 106.881
-14.0687 66.8085 -66.975 180.223 106.945
-14.121 66.7241 -66.8893 180.222 107.006
-14.1755 66.6413 -66.8052 180.221 107.066
-14.2267 66.5569 -66.7204 180.221 107.125
-14.2796 66.4729 -66.637 180.216 107.183
-14.332 66.3847 -66.5583 180.22 107.244
-14.3832 66.3077 -66.4854 180.223 107.307
-14.436 66.2254 -66.4087 180.225 107.365
-14.4846 66.1442 -66.3269 180.224 107.424
-14.5353 66.0597 -66.2424 180.227 107.484
-14.585 65.9805 -66.163 180.23 107.541
-14.6362 65.8982 -66.0842 180.23 107.603
-14.6913 65.8096 -65.9979 180.229 107.67
-14.7431 65.7273 -65.9167 180.227 107.729
-14.7905 65.6498 -65.8384 180.23 107.779
-14.8429 65.5654 -65.7543 180.228 107.834
-14.8974 65.4766 -65.6661 180.231 107.899
-14.9471 65.3997 -65.5925 180.233 107.958
-14.9994 65.3184 -65.513 180.232 108.018
-15.0491 65.2429 -65.4362 180.23 108.075
-15.0998 65.1675 -65.3592 180.229 108.133
-15.1592 65.0804 -65.2722 180.232 108.2
-15.211 64.9982 -65.1914 180.232 108.263
-15.2606 64.9206 -65.1149 180.229 108.319
-15.319 64.8336 -65.0269 180.23 108.383
-15.3719 64.7517 -64.9388 180.225 108.444
-15.4238 64.6674 -64.8529 180.227 108.507
-15.4784 64.5835 -64.7652 180.229 108.567
-15.5319 64.5031 -64.6838 180.231 108.621
-15.5877 64.4148 -64.598 180.23 108.678
-15.6439 64.3335 -64.5181 180.231 108.736
-15.6963 64.2475 -64.4326 180.231 108.793
-15.753 64.1658 -64.3561 180.234 108.857
-15.8042 64.0883 -64.2802 180.232 108.913
-15.855 64.0097 -64.2043 180.234 108.97
-15.908 63.9305 -64.1259 180.234 109.03
-15.9571 63.8489 -64.0409 180.23 109.089
-16.01 63.7635 -63.9528 180.23 109.15
-16.0624 63.6829 -63.8749 180.23 109.211
-16.1175 63.5979 -63.7915 180.231 109.273
-16.1699 63.5157 -63.7115 180.238 109.339
-16.2235 63.4355 -63.6283 180.237 109.397
-16.2774 63.3529 -63.552 180.243 109.455
-16.3315 63.2675 -63.4704 180.249 109.52
-16.3812 63.1822 -63.3851 180.252 109.574
-16.4336 63.1 -63.3 180.255 109.629
-16.4883 63.015 -63.2141 180.253 109.686
-16.538 62.9292 -63.1299 180.254 109.745
-16.5893 62.8493 -63.0477 180.247 109.808
-16.6389 62.7699 -62.9678 180.241 109.864
-16.6935 62.684 -62.8771 180.237 109.923
-16.7421 62.6025 -62.7965 180.235 109.979
-16.7924 62.5225 -62.7079 180.234 110.035
-16.8475 62.4403 -62.6247 180.232 110.1
-16.8977 62.3614 -62.5457 180.232 110.16
-16.9567 62.2738 -62.4632 180.232 110.227
-17.0087 62.1899 -62.3811 180.238 110.283
-17.065 62.106 -62.2973 180.241 110.346
-17.1223 62.0239 -62.2137 180.243 110.411
-17.1791 61.9363 -62.1327 180.247 110.472
-17.2364 61.8536 -62.0507 180.248 110.535
-17.2867 61.7678 -61.9642 180.25 110.594
-17.3379 61.689 -61.8834 180.251 110.651
-17.3892 61.6076 -61.8047 180.251 110.712
-17.4415 61.5278 -61.7253 180.251 110.777
-17.4929 61.4462 -61.6443 180.25 110.837
-17.542 61.3612 -61.5529 180.243 110.9
-17.5977 61.2754 -61.465 180.239 110.96
-17.6446 61.1973 -61.3866 180.238 111.016
-17.6959 61.1164 -61.3045 180.241 111.076
-17.7498 61.038 -61.2305 180.242 111.139
-17.8007 60.956 -61.1499 180.244 111.197
-17.8526 60.8734 -61.0711 180.247 111.252
-17.9022 60.7874 -60.9886 180.25 111.315
-17.9553 60.7043 -60.9098 180.254 111.375
-18.0067 60.618 -60.8252 180.251 111.43
-18.0591 60.5354 -60.7438 180.247 111.489
-18.1105 60.4503 -60.6642 180.248 111.551
-18.1656 60.363 -60.5812 180.248 111.617
-18.2181 60.2814 -60.5004 180.251 111.679
-18.269 60.1953 -60.4117 180.249 111.737
-18.3171 60.1163 -60.3327 180.248 111.792
-18.3707 60.0352 -60.2537 180.25 111.851
-18.4182 59.9607 -60.18 180.251 111.909
-18.468 59.8786 -60.1015 180.248 111.969
-18.5194 59.8002 -60.0267 180.253 112.026
-18.5757 59.7166 -59.9379 180.251 112.091
-18.627 59.6367 -59.8559 180.25 112.153
-18.6741 59.559 -59.782 180.251 112.209
-18.7239 59.4784 -59.7046 180.256 112.265
-18.7732 59.4051 -59.6315 180.259 112.319
-18.8256 59.3222 -59.5438 180.258 112.38
-18.8797 59.2381 -59.4562 180.254 112.441
-18.9305 59.1588 -59.3759 180.256 112.505
-18.9857 59.0757 -59.2951 180.253 112.565
-19.0344 58.9964 -59.217 180.253 112.62
-19.0848 58.9097 -59.1302 180.252 112.681
-19.1405 58.8267 -59.0452 180.251 112.742
-19.1985 58.7418 -58.9609 180.252 112.806
-19.2494 58.6619 -58.8816 180.253 112.865
-19.2959 58.5879 -58.8076 180.253 112.924
-19.3488 58.5102 -58.7326 180.253 112.987
-19.4025 58.4286 -58.6509 180.25 113.045
-19.4555 58.3461 -58.5706 180.252 113.109
-19.5103 58.2594 -58.4871 180.253 113.172
-19.5638 58.178 -58.4073 180.249 113.235
-19.6185 58.0939 -58.3244 180.245 113.297
-19.6721 58.0108 -58.2456 180.246 113.361
-19.7219 57.9242 -58.1543 180.241 113.422
-19.7685 57.8399 -58.0701 180.242 113.476
-19.822 57.7559 -57.985 180.243 113.537
-19.8729 57.6751 -57.9014 180.241 113.597
-19.9299 57.5877 -57.8141 180.239 113.659
-19.9814 57.5031 -57.7306 180.243 113.719
-20.0367 57.4174 -57.6439 180.241 113.778
-20.0876 57.3302 -57.5556 180.242 113.833
-20.1423 57.2468 -57.4709 180.242 113.899
-20.1975 57.1622 -57.387 180.244 113.962
-20.2452 57.0881 -57.3126 180.246 114.015
-20.307 56.993 -57.2225 180.25 114.085
-20.365 56.9068 -57.1418 180.257 114.148
-20.4194 56.8163 -57.0511 180.252 114.207
-20.4725 56.7331 -56.9697 180.253 114.267
-20.5268 56.6439 -56.886 180.255 114.332
-20.5771 56.5626 -56.8029 180.255 114.389
-20.6307 56.476 -56.717 180.26 114.45
-20.6833 56.39 -56.629 180.257 114.507
-20.7353 56.2994 -56.543 180.259 114.56
-20.791 56.2155 -56.4553 180.261 114.622
-20.8425 56.127 -56.3674 180.262 114.68
-20.8956 56.0391 -56.2848 180.266 114.742
-20.9508 55.9515 -56.1984 180.266 114.802
-20.9958 55.8693 -56.1099 180.265 114.856
-21.0479 55.7857 -56.0255 180.268 114.908
-21.0994 55.6993 -55.9366 180.275 114.967
-21.1547 55.6107 -55.8511 180.279 115.027
-21.2045 55.5253 -55.7673 180.279 115.081
-21.2594 55.4325 -55.6727 180.281 115.141
-21.3093 55.3456 -55.584 180.278 115.202
-21.3563 55.2655 -55.5058 180.278 115.256
-21.416 55.1716 -55.4126 180.277 115.321
-21.4708 55.0834 -55.3243 180.275 115.383
-21.5206 55.0024 -55.241 180.271 115.446
-21.5802 54.9167 -55.1565 180.269 115.513
-21.6275 54.8318 -55.077 180.271 115.568
-21.6834 54.7426 -54.9926 180.275 115.635
-21.7322 54.6598 -54.9056 180.271 115.694
-21.7833 54.5747 -54.8236 180.272 115.756
-21.8363 54.5003 -54.7525 180.274 115.818
-21.8905 54.4164 -54.6698 180.277 115.885
-21.942 54.3315 -54.5811 180.272 115.946
-21.9986 54.2431 -54.4864 180.271 116.006
-22.0485 54.1634 -54.4091 180.276 116.069
-22.0968 54.0787 -54.3242 180.272 116.126
-22.1489 53.9943 -54.2409 180.276 116.188
-22.1991 53.9149 -54.1582 180.27 116.25
-22.2473 53.8338 -54.0758 180.271 116.31
-22.3005 53.7438 -53.985 180.268 116.371
-22.351 53.6599 -53.8999 180.268 116.43
-22.4003 53.5787 -53.8204 180.263 116.49
-22.4507 53.4981 -53.7422 180.263 116.55
-22.5084 53.4067 -53.656 180.265 116.612
-22.5631 53.3219 -53.5699 180.266 116.674
-22.6174 53.2323 -53.4793 180.263 116.732
-22.6677 53.155 -53.4052 180.268 116.793
-22.7248 53.0652 -53.3179 180.27 116.851
-22.7791 52.9736 -53.2242 180.272 116.909
-22.8242 52.892 -53.1408 180.269 116.96
-22.8748 52.8045 -53.0507 180.269 117.018
-22.9264 52.7206 -52.9688 180.273 117.073
-22.979 52.6398 -52.8878 180.271 117.133
-23.0316 52.5536 -52.8024 180.271 117.195
-23.0884 52.4724 -52.7206 180.271 117.261
-23.1411 52.3902 -52.6363 180.275 117.318
-23.1987 52.3004 -52.5443 180.282 117.376
-23.2558 52.2112 -52.4517 180.283 117.432
-23.3065 52.1257 -52.3679 180.284 117.482
-23.362 52.0339 -52.2767 180.282 117.539
-23.4143 51.9469 -52.1893 180.283 117.594
-23.4703 51.8596 -52.1049 180.287 117.654
-23.5221 51.772 -52.0185 180.293 117.707
-23.5852 51.6794 -51.9285 180.294 117.77
-23.6462 51.591 -51.8386 180.292 117.833
-23.7011 51.503 -51.7534 180.296 117.893
-23.7535 51.4189 -51.6689 180.295 117.949
-23.8081 51.3384 -51.5845 180.295 118.016
-23.863 51.2585 -51.5038 180.295 118.073
-23.9191 51.1658 -51.4129 180.299 118.134
-23.9722 51.0826 -51.3306 180.3 118.193
-24.02 51.0032 -51.2491 180.301 118.247
-24.0754 50.9097 -51.1586 180.304 118.307
-24.1298 50.8186 -51.0675 180.303 118.365
-24.1869 50.7279 -50.9773 180.303 118.426
-24.2369 50.6452 -50.8966 180.304 118.485
-24.2847 50.5673 -50.8159 180.303 118.539
-24.3369 50.4753 -50.7221 180.303 118.598
-24.3919 50.3857 -50.6336 180.303 118.656
-24.4433 50.2959 -50.5441 180.302 118.709
-24.4937 50.2129 -50.4653 180.305 118.765
-24.5497 50.1254 -50.3779 180.309 118.829
-24.6014 50.0375 -50.2894 180.309 118.888
-24.6503 49.9559 -50.2076 180.307 118.944
-24.7028 49.8746 -50.1227 180.302 119.002
-24.7567 49.7845 -50.033 180.297 119.059
-24.8121 49.6951 -49.9402 180.297 119.117
-24.8668 49.6116 -49.8558 180.295 119.182
-24.9125 49.5338 -49.7784 180.299 119.235
-24.9697 49.4375 -49.6816 180.298 119.295
-25.018 49.354 -49.5989 180.296 119.35
-25.0714 49.2645 -49.5093 180.297 119.406
-25.1225 49.1769 -49.4228 180.299 119.465
-25.172 49.0901 -49.3405 180.302 119.518
-25.2232 49.0012 -49.2577 180.309 119.575
-25.2739 48.919 -49.1749 180.317 119.633
-25.3294 48.826 -49.0853 180.316 119.691
-25.3799 48.742 -49.005 180.316 119.748
-25.43 48.6572 -48.9167 180.313 119.805
-25.4835 48.5686 -48.8334 180.316 119.861
-25.5331 48.4802 -48.7455 180.318 119.913
-25.5831 48.3961 -48.6599 180.318 119.969
-25.632 48.3132 -48.5759 180.317 120.023
-25.6869 48.2315 -48.4951 180.323 120.084
-25.7309 48.1539 -48.4155 180.324 120.13
-25.781 48.0703 -48.3284 180.318 120.189
-25.8326 47.9821 -48.2402 180.32 120.246
-25.8871 47.8937 -48.1537 180.319 120.304
-25.936 47.8087 -48.0687 180.319 120.365
-25.9917 47.7206 -47.9785 180.314 120.419
-26.0469 47.6303 -47.8889 180.318 120.477
-26.1007 47.5477 -47.8023 180.313 120.537
-26.1525 47.4649 -47.7195 180.309 120.598
-26.2085 47.3797 -47.6372 180.308 120.662
-26.2651 47.2953 -47.5511 180.307 120.727
-26.3162 47.2092 -47.4625 180.305 120.782
-26.373 47.1185 -47.371 180.303 120.841
-26.4213 47.0382 -47.2873 180.303 120.9
-26.4712 46.9574 -47.2043 180.296 120.958
-26.5287 46.8729 -47.1168 180.294 121.022
-26.5809 46.7933 -47.039 180.296 121.078
-26.6333 46.7044 -46.9461 180.294 121.137
-26.6853 46.6113 -46.8485 180.29 121.194
-26.7354 46.5252 -46.7683 180.294 121.256
-26.7896 46.437 -46.6795 180.295 121.31
-26.843 46.3537 -46.5976 180.293 121.369
-26.8959 46.2659 -46.5121 180.293 121.427
-26.9493 46.1811 -46.4337 180.299 121.49
-27.0006 46.0969 -46.3486 180.299 121.546
-27.0555 46.0112 -46.2688 180.3 121.606
-27.109 45.9254 -46.1861 180.307 121.67
-27.1658 45.8373 -46.0964 180.305 121.73
-27.2191 45.7506 -46.008 180.303 121.791
-27.2741 45.6634 -45.9178 180.299 121.85
-27.3286 45.5797 -45.8314 180.3 121.908
-27.3842 45.4942 -45.7474 180.299 121.964
-27.4382 45.4135 -45.6656 180.295 122.024
-27.489 45.3257 -45.5808 180.296 122.083
-27.5441 45.2388 -45.494 180.296 122.146
-27.6009 45.1492 -45.403 180.297 122.202
-27.65 45.0711 -45.3267 180.297 122.256
-27.7082 44.9829 -45.2384 180.297 122.316
-27.7643 44.8956 -45.1514 180.296 122.379
-27.8183 44.8074 -45.0656 180.294 122.44
-27.8772 44.7213 -44.978 180.29 122.502
-27.935 44.6339 -44.8901 180.289 122.562
-27.9884 44.5491 -44.8044 180.293 122.623
-28.0441 44.4632 -44.7218 180.29 122.687
-28.0914 44.3846 -44.6428 180.288 122.745
-28.1429 44.2993 -44.5585 180.291 122.797
-28.1979 44.211 -44.4691 180.292 122.856
-28.2595 44.126 -44.3841 180.292 122.919
-28.3145 44.0413 -44.2993 180.289 122.977
-28.3634 43.9595 -44.2208 180.296 123.037
-28.4124 43.8807 -44.1426 180.294 123.095
-28.4597 43.8036 -44.0646 180.296 123.152
-28.5143 43.7168 -43.984 180.299 123.211
-28.5602 43.6308 -43.9009 180.301 123.262
-28.6134 43.5439 -43.8172 180.306 123.324
-28.6592 43.4641 -43.7344 180.306 123.379
-28.7076 43.3829 -43.6527 180.305 123.434
-28.7623 43.2979 -43.5658 180.305 123.49
-28.8182 43.2103 -43.4813 180.31 123.547
-28.8763 43.1144 -43.3842 180.313 123.605
-28.9288 43.0261 -43.3005 180.318 123.663
-28.9818 42.9382 -43.2119 180.318 123.719
-29.035 42.8471 -43.1206 180.32 123.776
-29.0836 42.7606 -43.0385 180.323 123.826
-29.1361 42.6744 -42.9514 180.321 123.886
-29.1881 42.5865 -42.8699 180.326 123.944
-29.2439 42.495 -42.7766 180.327 124.005
-29.2996 42.4041 -42.6937 180.329 124.064
-29.3547 42.3189 -42.6051 180.328 124.126
-29.4105 42.232 -42.5178 180.329 124.184
-29.467 42.1337 -42.4225 180.337 124.241
-29.5249 42.0442 -42.3359 180.34 124.306
-29.5785 41.9568 -42.2497 180.344 124.363
-29.6294 41.8711 -42.1688 180.348 124.417
-29.6923 41.7783 -42.0799 180.353 124.484
-29.7545 41.6887 -41.9915 180.357 124.549
-29.8114 41.6053 -41.9077 180.358 124.609
-29.8676 41.5154 -41.8164 180.352 124.668
-29.9183 41.4314 -41.7343 180.349 124.725
-29.968 41.3409 -41.6438 180.346 124.779
-30.0209 41.2559 -41.5568 180.348 124.836
-30.0717 41.1709 -41.4675 180.342 124.896
-30.1191 41.0877 -41.3897 180.34 124.958
-30.1731 41.0038 -41.3075 180.341 125.021
-30.2206 40.9224 -41.227 180.342 125.078
-30.2726 40.8342 -41.1437 180.344 125.133
-30.3235 40.7496 -41.0587 180.346 125.192
-30.3796 40.6635 -40.9715 180.34 125.253
-30.4348 40.5757 -40.8816 180.34 125.314
-30.4902 40.4867 -40.7893 180.337 125.374
-30.5462 40.3985 -40.7035 180.339 125.431
-30.5997 40.3125 -40.6163 180.341 125.49
-30.6588 40.2234 -40.5254 180.34 125.552
-30.7144 40.1342 -40.4357 180.341 125.609
-30.7691 40.047 -40.3517 180.341 125.67
-30.8239 39.9535 -40.2539 180.338 125.731
-30.8814 39.866 -40.1676 180.334 125.789
-30.94 39.7785 -40.077 180.333 125.851
-30.9908 39.6976 -39.9928 180.33 125.905
-31.0484 39.6081 -39.9056 180.331 125.976
-31.1031 39.5249 -39.8224 180.329 126.031
-31.1617 39.4318 -39.7286 180.328 126.088
-31.2103 39.3525 -39.6467 180.324 126.143
-31.2673 39.261 -39.5487 180.32 126.202
-31.3197 39.1785 -39.4667 180.318 126.266
-31.3726 39.0972 -39.3878 180.319 126.327
-31.4284 39.0098 -39.2976 180.312 126.386
-31.4807 38.9213 -39.2116 180.314 126.443
-31.534 38.8322 -39.1275 180.317 126.495
-31.5871 38.7481 -39.0402 180.313 126.556
-31.6398 38.6587 -38.9493 180.311 126.615
-31.7011 38.5661 -38.8568 180.313 126.677
-31.7566 38.4822 -38.7771 180.319 126.743
-31.8025 38.3995 -38.6942 180.317 126.801
-31.8535 38.3165 -38.6095 180.321 126.861
-31.9019 38.2307 -38.5255 180.321 126.916
-31.9512 38.1508 -38.4435 180.321 126.969
-31.9976 38.0702 -38.3634 180.324 127.026
-32.0438 37.9863 -38.2841 180.331 127.079
-32.103 37.8936 -38.1864 180.332 127.144
-32.1577 37.812 -38.0989 180.331 127.202
-32.2168 37.726 -38.012 180.335 127.261
-32.2712 37.637 -37.9274 180.336 127.319
-32.3304 37.5494 -37.8394 180.333 127.38
-32.3818 37.4674 -37.7577 180.329 127.438
-32.4328 37.3829 -37.6762 180.33 127.5
-32.4886 37.2971 -37.591 180.331 127.56
-32.5478 37.2106 -37.5034 180.331 127.619
-32.5986 37.1266 -37.4203 180.336 127.675
-32.6516 37.0365 -37.3291 180.334 127.726
-32.7116 36.9497 -37.2407 180.328 127.789
-32.7657 36.8673 -37.1599 180.329 127.849
-32.8203 36.7828 -37.0747 180.332 127.911
-32.8664 36.6985 -36.9879 180.332 127.963
-32.9146 36.6131 -36.9045 180.333 128.019
-32.969 36.5272 -36.8209 180.335 128.074
-33.0259 36.444 -36.74 180.334 128.137
-33.0785 36.3614 -36.6605 180.338 128.197
-33.1363 36.269 -36.5745 180.341 128.255
-33.1938 36.1791 -36.4844 180.344 128.317
-33.2454 36.092 -36.3982 180.341 128.374
-33.3016 35.9953 -36.3064 180.342 128.426
-33.3493 35.9124 -36.2256 180.345 128.481
-33.4026 35.8246 -36.1365 180.348 128.543
-33.4604 35.7358 -36.0493 180.351 128.599
-33.5182 35.6416 -35.9513 180.352 128.66
-33.5669 35.5558 -35.8673 180.352 128.713
-33.6145 35.4716 -35.7812 180.346 128.77
-33.667 35.3871 -35.6949 180.345 128.829
-33.7239 35.3005 -35.6055 180.342 128.892
-33.7753 35.2127 -35.5178 180.344 128.95
-33.8248 35.123 -35.4328 180.345 129.003
-33.8704 35.0433 -35.355 180.346 129.053
-33.9289 34.9541 -35.2661 180.351 129.116
-33.9866 34.8614 -35.1791 180.356 129.175
-34.0434 34.775 -35.0939 180.356 129.238
-34.1037 34.6854 -35.0035 180.359 129.299
-34.1597 34.593 -34.9091 180.356 129.354
-34.2134 34.5043 -34.8223 180.356 129.412
-34.2661 34.4151 -34.7351 180.359 129.47
-34.3199 34.3328 -34.6502 180.358 129.527
-34.3766 34.2443 -34.5608 180.359 129.584
-34.4354 34.1461 -34.4587 180.356 129.648
-34.492 34.0582 -34.3665 180.357 129.706
-34.5484 33.9765 -34.2836 180.358 129.767
-34.6064 33.8933 -34.1957 180.354 129.827
-34.6639 33.808 -34.11 180.352 129.886
-34.7192 33.7229 -34.0208 180.347 129.945
-34.7691 33.6405 -33.9375 180.345 129.996
-34.8212 33.5535 -33.846 180.347 130.06
-34.8732 33.461 -33.7579 180.349 130.119
-34.9262 33.3706 -33.6667 180.348 130.173
-34.9732 33.2871 -33.5829 180.345 130.23
-35.0287 33.1972 -33.4962 180.346 130.289
-35.0869 33.1067 -33.4094 180.354 130.353
-35.1427 33.0177 -33.3196 180.356 130.418
-35.1973 32.9272 -33.2336 180.355 130.475
-35.2505 32.8391 -33.1471 180.354 130.534
-35.3084 32.7458 -33.0562 180.357 130.595
-35.3644 32.656 -32.9719 180.362 130.655
-35.4147 32.5696 -32.8864 180.359 130.712
-35.472 32.475 -32.7879 180.353 130.775
-35.5253 32.3853 -32.6985 180.352 130.835
-35.5737 32.3005 -32.614 180.348 130.894
-35.6258 32.217 -32.5288 180.347 130.951
-35.6792 32.1267 -32.44 180.348 131.014
-35.7324 32.0407 -32.3546 180.35 131.075
-35.7792 31.9573 -32.2692 180.35 131.131
-35.827 31.877 -32.1901 180.353 131.189
-35.8805 31.7841 -32.0986 180.353 131.249
-35.9312 31.6979 -32.0126 180.355 131.306
-35.9852 31.6135 -31.9272 180.354 131.365
-36.0407 31.5267 -31.8399 180.355 131.43
-36.0976 31.4396 -31.7526 180.356 131.494
-36.1558 31.3502 -31.6676 180.355 131.561
-36.2117 31.2691 -31.5901 180.355 131.622
-36.2701 31.1755 -31.4934 180.354 131.686
-36.3224 31.0887 -31.4081 180.357 131.739
-36.3792 30.9987 -31.3178 180.354 131.8
-36.4309 30.908 -31.2262 180.351 131.86
-36.4807 30.8222 -31.1335 180.348 131.917
-36.5366 30.7356 -31.0459 180.347 131.985
-36.5927 30.6447 -30.9466 180.34 132.051
-36.6431 30.565 -30.8658 180.34 132.117
-36.6983 30.4724 -30.7693 180.333 132.183
-36.7478 30.3875 -30.6874 180.336 132.242
-36.7995 30.3035 -30.6052 180.335 132.302
-36.8477 30.2239 -30.5221 180.328 132.361
-36.8947 30.1379 -30.4427 180.33 132.42
-36.9462 30.0499 -30.3582 180.327 132.478
-36.9996 29.9592 -30.2709 180.324 132.543
-37.0475 29.8783 -30.192 180.324 132.601
-37.095 29.7958 -30.1132 180.326 132.666
-37.1403 29.7115 -30.0282 180.326 132.723
-37.1914 29.629 -29.9503 180.33 132.785
-37.2458 29.5405 -29.8525 180.322 132.849
-37.3038 29.4549 -29.771 180.321 132.918
-37.356 29.3719 -29.6881 180.317 132.976
-37.4037 29.2933 -29.6013 180.311 133.033
-37.4536 29.2135 -29.5233 180.312 133.092
-37.5074 29.1281 -29.4372 180.312 133.161
-37.5633 29.0348 -29.343 180.308 133.221
-37.6148 28.9515 -29.2589 180.307 133.28
-37.6709 28.8642 -29.1733 180.313 133.342
-37.7265 28.7769 -29.0845 180.316 133.404
-37.7781 28.695 -28.9977 180.312 133.464
-37.8298 28.6075 -28.9129 180.315 133.527
