4
-0.50046 89.9221 -89.9489 180.007 90.0359
-0.55481 89.9168 -89.9468 180.007 90.0354
-0.614309 89.9024 -89.9285 180.008 90.0381
-0.681073 89.8863 -89.9165 180.009 90.045
-0.736563 89.8796 -89.9135 180.014 90.0467
-0.798984 89.8659 -89.9017 180.009 90.0463
-0.856955 89.855 -89.893 180.007 90.0516
-0.911465 89.8451 -89.8814 180.007 90.0529
-0.967571 89.8328 -89.8704 180.006 90.0527
-1.02974 89.8207 -89.8631 180.006 90.0549
-1.08887 89.8063 -89.849 180.012 90.0543
-1.149 89.7947 -89.8405 180.01 90.0597
-1.20775 89.7854 -89.8319 180.008 90.0603
-1.26427 89.7754 -89.8243 180.008 90.0575
-1.32708 89.7664 -89.8205 180.008 90.0616
-1.39001 89.7562 -89.8089 180.007 90.0614
-1.44959 89.7442 -89.8008 180.008 90.0638
-1.51242 89.7363 -89.7982 180.006 90.0654
-1.57235 89.726 -89.7897 180.006 90.068
-1.62706 89.72 -89.7949 180.008 90.0701
-1.68004 89.7116 -89.7953 180.015 90.0668
-1.7373 89.704 -89.7887 180.014 90.066
-1.79439 89.6951 -89.7818 180.014 90.0656
-1.85197 89.6829 -89.77 180.014 90.0682
-1.91281 89.6732 -89.7611 180.013 90.071
-1.96834 89.6677 -89.7557 180.011 90.0669
-2.02571 89.6598 -89.7506 180.016 90.0702
-2.08415 89.6509 -89.7405 180.016 90.0667
-2.14367 89.6432 -89.7289 180.012 90.07
-2.20696 89.6314 -89.71 180.01 90.0763
-2.26517 89.6239 -89.7022 180.005 90.0771
-2.32874 89.6106 -89.6935 180.006 90.0805
-2.39478 89.604 -89.6825 180.001 90.0887
-2.44905 89.5953 -89.6748 179.996 90.0884
-2.50624 89.59 -89.6708 179.996 90.0919
-2.56295 89.5805 -89.6627 179.991 90.0896
-2.62357 89.5726 -89.6623 179.994 90.0916
-2.68395 89.5618 -89.6545 179.996 90.0921
-2.74435 89.5478 -89.6447 179.998 90.0889
-2.80935 89.532 -89.6293 180 90.0929
-2.86916 89.5207 -89.6223 180.005 90.0907
-2.9233 89.5093 -89.6157 180.003 90.0868
-2.98047 89.4967 -89.6036 180.002 90.0849
-3.0455 89.4833 -89.599 180.006 90.0893
-3.17721 89.4971 -89.6713 180.033 90.1504
-3.05133 89.5826 -89.9493 180.072 90.0597
-2.8737 89.8202 -90.1966 180.082 90.0585
-2.62426 90.075 -90.8492 180.252 90.0416
-2.47599 90.2464 -90.5304 180.117 90.018
-2.27853 90.4798 -90.768 180.116 90.0186
-2.10005 90.6797 -90.9603 180.101 90.0115
-1.86799 90.9266 -91.2017 180.093 90.001
-1.65789 91.1508 -91.4215 180.086 89.9914
-1.42881 91.3942 -91.6578 180.08 89.9793
-1.23896 91.6022 -91.8611 180.071 89.9708
-1.0517 91.806 -92.0572 180.067 89.9689
-0.836522 92.0351 -92.2808 180.057 89.9636
-0.647197 92.2438 -92.4812 180.054 89.9568
-0.489062 92.4191 -92.6505 180.05 89.944
-0.331883 92.5947 -92.8209 180.049 89.9362
-0.17371 92.7669 -92.984 180.049 89.9269
-0.0222555 92.9368 -93.15 180.047 89.9201
0.119413 93.0936 -93.2994 180.045 89.9169
0.264321 93.2549 -93.4552 180.045 89.9049
0.387317 93.3923 -93.5863 180.042 89.8953
0.518933 93.532 -93.7243 180.044 89.8795
0.637293 93.6726 -93.8629 180.045 89.8779
0.741187 93.7949 -93.9787 180.037 89.8737
0.862236 93.9379 -94.1139 180.036 89.8655
0.959482 94.0511 -94.2236 180.032 89.8614
1.05948 94.1764 -94.3464 180.032 89.8598
1.16328 94.2976 -94.4569 180.03 89.8552
1.28117 94.4333 -94.5868 180.03 89.8441
1.35296 94.5199 -94.6685 180.031 89.8351
1.44515 94.6307 -94.7749 180.03 89.8265
1.52098 94.7257 -94.8655 180.03 89.8215
1.60553 94.8307 -94.9669 180.032 89.8122
1.67096 94.9123 -95.0502 180.033 89.8107
1.75415 95.0139 -95.1464 180.035 89.8002
1.83255 95.1056 -95.2314 180.033 89.7854
1.9105 95.1956 -95.3223 180.036 89.7757
1.97318 95.2817 -95.4047 180.037 89.7711
2.03382 95.3688 -95.4832 180.036 89.7712
2.08188 95.4374 -95.5469 180.031 89.7677
2.13443 95.5117 -95.6221 180.035 89.7601
2.1985 95.595 -95.7021 180.038 89.7514
2.25731 95.6733 -95.782 180.038 89.744
2.30719 95.746 -95.8514 180.035 89.7387
2.36953 95.8227 -95.9244 180.038 89.7297
2.41357 95.891 -95.9873 180.035 89.7299
2.45824 95.9505 -96.0473 180.038 89.7168
2.50895 96.0211 -96.1134 180.035 89.7112
2.55241 96.0895 -96.1821 180.035 89.7118
2.59773 96.1533 -96.2439 180.036 89.7059
2.6497 96.2247 -96.312 180.032 89.6916
2.69379 96.2934 -96.3767 180.031 89.6903
2.73273 96.3511 -96.4329 180.033 89.6798
2.76906 96.4119 -96.4862 180.03 89.6771
2.80971 96.4714 -96.5403 180.026 89.6722
2.85367 96.5357 -96.6045 180.024 89.6653
2.89036 96.5879 -96.6581 180.026 89.654
2.9248 96.6499 -96.7207 180.023 89.6528
2.96236 96.7062 -96.7799 180.023 89.644
2.99439 96.7593 -96.8307 180.02 89.6375
3.01837 96.8077 -96.8792 180.022 89.6307
3.06749 96.8772 -96.9447 180.021 89.6228
3.08947 96.9212 -96.9852 180.018 89.6171
3.12726 96.9798 -97.0453 180.019 89.6122
3.16125 97.0377 -97.1033 180.02 89.6078
3.18444 97.0834 -97.1448 180.016 89.6061
3.21976 97.1418 -97.2042 180.018 89.5986
3.24249 97.189 -97.2517 180.018 89.5921
3.265 97.2304 -97.2908 180.016 89.5837
3.28915 97.2779 -97.3361 180.018 89.5803
3.31585 97.3225 -97.3872 180.025 89.5724
3.34303 97.3656 -97.4331 180.026 89.5651
3.35943 97.401 -97.4702 180.026 89.5633
3.38317 97.4497 -97.516 180.025 89.5623
3.40873 97.4948 -97.5594 180.026 89.5571
3.42914 97.5339 -97.5989 180.03 89.5467
3.45212 97.5788 -97.6433 180.026 89.5456
3.46569 97.6176 -97.6797 180.021 89.5401
3.47874 97.6503 -97.7065 180.019 89.5321
3.50088 97.6964 -97.7507 180.021 89.5233
3.51531 97.7263 -97.7763 180.02 89.5095
3.53218 97.7666 -97.8152 180.017 89.5083
3.55622 97.8155 -97.8635 180.016 89.4954
3.57318 97.853 -97.9021 180.017 89.4851
3.58315 97.8888 -97.9409 180.016 89.4825
3.61255 97.9418 -97.9885 180.012 89.4665
3.62415 97.9775 -98.0251 180.016 89.4694
3.64024 98.0149 -98.0587 180.014 89.4611
3.65977 98.0603 -98.1061 180.018 89.4549
3.67057 98.0988 -98.1457 180.018 89.4528
3.69043 98.1412 -98.1876 180.015 89.4491
3.69864 98.1744 -98.2196 180.013 89.4414
3.71542 98.2092 -98.2528 180.012 89.4355
3.72157 98.2434 -98.2868 180.013 89.4282
3.73809 98.2815 -98.3234 180.008 89.423
3.75798 98.3219 -98.3612 180.008 89.4192
3.76991 98.3591 -98.4005 180.01 89.4145
3.77731 98.3985 -98.4331 180.002 89.4087
3.78648 98.4333 -98.4656 179.997 89.4009
3.79612 98.468 -98.4991 180.001 89.3949
3.79947 98.4957 -98.5241 179.996 89.3878
3.80233 98.5237 -98.5507 179.992 89.3808
3.80645 98.5553 -98.58 179.99 89.3803
3.81986 98.5912 -98.6177 179.99 89.374
3.82628 98.6258 -98.6515 179.99 89.3716
3.83072 98.6477 -98.6714 179.988 89.3645
3.8374 98.681 -98.6988 179.986 89.3608
3.83999 98.7092 -98.7278 179.983 89.3592
3.84973 98.743 -98.7614 179.984 89.3522
3.86329 98.7806 -98.798 179.988 89.3436
3.87691 98.8208 -98.8353 179.986 89.3399
3.88781 98.8569 -98.8704 179.987 89.3371
3.9022 98.8972 -98.907 179.983 89.3309
3.9085 98.9285 -98.9392 179.985 89.3247
3.91992 98.9662 -98.9752 179.984 89.3197
3.92786 98.9975 -99.0042 179.98 89.3095
3.94148 99.0382 -99.0468 179.979 89.3012
3.94709 99.0677 -99.0793 179.983 89.2971
3.94685 99.0895 -99.0995 179.986 89.2917
3.95766 99.1229 -99.1319 179.987 89.2892
3.96582 99.1653 -99.1755 179.989 89.2866
3.97253 99.2 -99.2095 179.988 89.2896
3.9839 99.233 -99.2423 179.984 89.2772
3.9848 99.2569 -99.2688 179.987 89.2688
3.99163 99.2898 -99.2974 179.986 89.2676
4.00244 99.3278 -99.3377 179.989 89.2622
4.01224 99.3613 -99.3751 179.99 89.2455
4.01924 99.395 -99.4018 179.984 89.2446
4.0355 99.4326 -99.4416 179.982 89.2358
4.04448 99.4709 -99.4819 179.982 89.2265
4.05037 99.4981 -99.5087 179.984 89.2178
4.05633 99.5293 -99.539 179.981 89.2034
4.05668 99.5591 -99.5826 179.996 89.1923
4.06292 99.5923 -99.6037 180.004 89.183
4.07087 99.6263 -99.6333 179.997 89.1727
4.07028 99.6519 -99.6564 179.997 89.1668
4.08472 99.6921 -99.6884 179.995 89.1581
4.05319 99.6945 -98.4628 179.507 89.1338
4.10723 99.7591 -99.8428 179.997 89.106
4.15864 99.8538 -99.9759 180.007 89.1054
4.24905 99.9801 -100.097 180.007 89.1022
4.34345 100.103 -100.212 180.002 89.0878
4.43023 100.221 -100.324 180 89.0773
4.50989 100.328 -100.419 179.987 89.0649
4.58261 100.437 -100.52 179.993 89.0546
4.66307 100.544 -100.587 179.987 89.0442
4.73787 100.646 -100.677 179.992 89.034
4.8303 100.771 -100.799 179.996 89.0221
4.92466 100.898 -100.928 180 89.0109
5.01163 101.014 -101.046 179.999 89.0056
5.07783 101.113 -101.142 180.001 88.9961
5.14541 101.214 -101.242 180 88.9887
5.20445 101.308 -101.335 179.994 88.9817
5.28831 101.422 -101.446 179.992 88.973
5.33708 101.497 -101.507 179.98 88.9627
5.39346 101.585 -101.587 179.974 88.9501
5.43917 101.666 -101.664 179.975 88.9428
5.49043 101.752 -101.753 179.981 88.937
5.54866 101.838 -101.836 179.981 88.9272
5.60491 101.928 -101.925 179.983 88.9152
5.65978 102.017 -102.005 179.979 88.9078
5.71872 102.107 -102.092 179.984 88.8968
5.77215 102.186 -102.169 179.984 88.8831
5.8288 102.271 -102.253 179.987 88.8702
5.87776 102.355 -102.328 179.977 88.8642
5.93676 102.448 -102.411 179.972 88.8551
5.99141 102.537 -102.497 179.964 88.8494
6.0523 102.631 -102.588 179.963 88.8412
6.09721 102.71 -102.66 179.961 88.8347
6.14092 102.783 -102.734 179.96 88.8246
6.17578 102.853 -102.799 179.963 88.8198
6.22176 102.932 -102.878 179.966 88.8125
6.27648 103.016 -102.962 179.97 88.7988
6.30865 103.071 -103.017 179.968 88.791
6.36051 103.155 -103.095 179.968 88.7779
6.40507 103.233 -103.173 179.972 88.7695
6.45261 103.31 -103.249 179.975 88.7558
6.4917 103.379 -103.323 179.98 88.7437
6.5386 103.449 -103.397 179.984 88.733
6.56835 103.509 -103.451 179.983 88.7259
6.60651 103.576 -103.518 179.982 88.7146
6.64695 103.642 -103.585 179.984 88.7
6.70259 103.723 -103.659 179.982 88.6878
6.73467 103.785 -103.72 179.983 88.6741
6.76742 103.852 -103.784 179.985 88.665
6.8008 103.925 -103.854 179.982 88.6614
6.82787 103.993 -103.92 179.983 88.6627
6.86646 104.062 -103.984 179.98 88.6556
6.88578 104.113 -104.024 179.973 88.6542
6.89688 104.155 -104.063 179.969 88.6439
6.92271 104.217 -104.131 179.974 88.6378
6.95439 104.281 -104.187 179.969 88.632
6.98415 104.341 -104.248 179.966 88.6311
7.00825 104.398 -104.307 179.97 88.6235
7.05283 104.48 -104.393 179.975 88.6181
7.06193 104.519 -104.432 179.978 88.6093
7.0906 104.577 -104.493 179.983 88.5931
7.11169 104.636 -104.55 179.984 88.5859
7.1321 104.691 -104.604 179.982 88.5766
7.15172 104.746 -104.655 179.979 88.5712
7.16578 104.797 -104.702 179.977 88.5611
7.18535 104.853 -104.757 179.978 88.5591
7.19857 104.899 -104.803 179.983 88.5533
7.22089 104.949 -104.854 179.984 88.5379
7.24009 104.997 -104.902 179.984 88.5287
7.26158 105.052 -104.957 179.981 88.5173
7.28486 105.103 -105.003 179.985 88.5031
7.30793 105.164 -105.071 179.986 88.4926
7.33658 105.226 -105.132 179.985 88.4843
7.35663 105.278 -105.185 179.987 88.4785
7.37406 105.328 -105.233 179.985 88.4684
7.39855 105.39 -105.289 179.979 88.4598
7.40914 105.44 -105.332 179.97 88.4563
7.42988 105.496 -105.389 179.972 88.4527
7.45287 105.553 -105.445 179.971 88.4501
7.4652 105.604 -105.496 179.971 88.4474
7.48792 105.657 -105.546 179.974 88.4354
7.50318 105.704 -105.589 179.975 88.4263
7.52696 105.764 -105.655 179.975 88.4174
7.5484 105.82 -105.71 179.975 88.4083
7.56295 105.873 -105.762 179.975 88.4036
7.57363 105.919 -105.813 179.974 88.3933
7.59796 105.977 -105.865 179.97 88.3778
7.6079 106.027 -105.919 179.975 88.3745
7.61708 106.069 -105.959 179.969 88.3684
7.62979 106.113 -105.995 179.964 88.359
7.66398 106.18 -106.056 179.958 88.3466
7.66702 106.22 -106.095 179.96 88.3403
7.67815 106.27 -106.144 179.961 88.3353
7.69411 106.322 -106.199 179.962 88.3258
7.71443 106.378 -106.253 179.96 88.3184
7.72537 106.425 -106.297 179.958 88.3126
7.74403 106.482 -106.351 179.956 88.3037
7.76152 106.537 -106.402 179.953 88.2976
7.76608 106.587 -106.454 179.948 88.2916
7.78693 106.641 -106.508 179.949 88.2824
7.80268 106.685 -106.556 179.947 88.2661
7.81384 106.733 -106.611 179.953 88.2624
7.82838 106.78 -106.653 179.95 88.2574
7.83647 106.821 -106.694 179.954 88.2433
7.84809 106.87 -106.742 179.954 88.2357
7.85313 106.906 -106.781 179.954 88.2329
7.85884 106.949 -106.82 179.954 88.2251
7.86032 106.991 -106.86 179.952 88.219
7.87229 107.032 -106.899 179.948 88.2131
7.87575 107.076 -106.943 179.95 88.2088
7.87966 107.112 -106.978 179.946 88.2047
7.88776 107.156 -107.015 179.943 88.1992
7.89936 107.203 -107.06 179.942 88.1918
7.91555 107.253 -107.111 179.943 88.1896
7.92232 107.295 -107.153 179.943 88.1881
7.93088 107.344 -107.206 179.941 88.1865
7.94657 107.394 -107.257 179.944 88.1817
7.96031 107.448 -107.312 179.943 88.1767
7.9709 107.487 -107.352 179.947 88.1705
7.98381 107.533 -107.397 179.942 88.1629
7.99375 107.575 -107.436 179.94 88.1524
8.00455 107.624 -107.483 179.939 88.147
8.01506 107.667 -107.532 179.942 88.1427
8.02506 107.715 -107.578 179.934 88.1358
8.03657 107.761 -107.623 179.931 88.1309
8.04602 107.811 -107.672 179.929 88.1296
8.03593 107.855 -107.613 179.829 88.1415
8.05516 107.91 -107.926 184.827 88.8661
8.04885 107.95 -107.832 164.398 114.048
8.06196 107.993 -107.871 155.396 138.709
8.07905 108.049 -107.924 200.396 139.44
8.09387 108.097 -107.976 160.474 94.4399
8.09848 108.141 -108.018 191.307 126.969
8.11177 108.189 -108.069 149.355 81.9685
8.12031 108.229 -108.117 155.198 112.717
8.13285 108.271 -108.159 155.172 67.7171
8.14782 108.318 -108.198 200.172 85.0158
8.14639 108.349 -108.228 187.773 40.0158
8.16956 108.405 -108.284 232.773 -4.98424
8.1934 108.458 -108.336 187.773 -49.9842
8.21153 108.508 -108.389 232.773 -4.98424
8.22275 108.552 -108.433 187.773 -49.9842
8.23575 108.597 -108.476 228.208 -4.98424
8.25208 108.645 -108.53 236.872 40.0158
8.26491 108.692 -108.574 198.782 85.0158
8.28257 108.745 -108.632 181.965 89.9019
8.28825 108.783 -108.676 205.772 67.2107
8.291 108.821 -108.716 194.512 44.6052
8.30637 108.867 -108.764 193.959 44.593
8.31119 108.903 -108.798 193.935 44.5536
8.32373 108.95 -108.842 193.915 44.5111
8.33469 108.991 -108.88 193.9 44.4672
8.33959 109.031 -108.917 193.886 44.4282
8.35806 109.082 -108.964 193.878 44.3854
8.3594 109.121 -109.001 199.214 62.4815
8.36064 109.154 -109.032 167.998 107.481
8.38433 109.213 -109.091 212.998 140.66
8.39045 109.252 -109.134 167.998 156.607
8.39942 109.295 -109.174 157.451 111.607
8.40456 109.333 -109.213 202.451 128.298
8.42519 109.384 -109.261 209.596 138.993
8.43683 109.427 -109.301 164.596 93.9933
8.44804 109.475 -109.35 209.596 138.993
8.45985 109.525 -109.396 195.201 93.9933
8.47138 109.572 -109.444 200.754 138.993
8.48369 109.625 -109.501 184.752 107.333
8.49576 109.664 -109.542 194.084 143.066
8.50258 109.71 -109.584 188.328 149.932
8.52126 109.763 -109.636 157.802 104.932
8.53 109.807 -109.678 156.73 149.932
8.54063 109.851 -109.725 168.098 157.538
8.54055 109.889 -109.766 158.33 170.113
8.55412 109.935 -109.813 154.793 125.113
8.56608 109.98 -109.857 199.793 147.21
8.57656 110.023 -109.899 157.317 102.21
8.59706 110.079 -109.951 193.72 147.21
8.60475 110.112 -109.986 161.161 102.21
8.62063 110.162 -110.035 179.817 140.066
8.61981 110.201 -110.075 152.069 95.0658
8.62381 110.239 -110.106 195.265 50.0658
8.63335 110.29 -110.155 189.244 5.06584
8.63868 110.329 -110.19 149.683 -39.9342
8.63525 110.367 -110.229 194.683 5.06584
8.64655 110.404 -110.268 162.489 50.0658
8.64206 110.442 -110.309 183.083 95.0658
8.6547 110.489 -110.352 196.228 140.066
8.65865 110.53 -110.393 209.933 144.753
8.65972 110.563 -110.425 196.399 167.052
8.66221 110.607 -110.472 191.251 127.528
8.66281 110.642 -110.503 192.306 82.5275
8.66689 110.676 -110.542 178.968 113.712
8.666 110.71 -110.568 215.716 106.788
8.67604 110.757 -110.618 203.493 151.788
8.68717 110.801 -110.663 195.914 106.788
8.69719 110.851 -110.713 225.425 132.838
8.703 110.893 -110.756 205.729 87.838
8.70494 110.928 -110.789 181.072 42.838
8.71252 110.973 -110.839 204.674 87.838
8.71027 111 -110.863 197.855 101.768
8.71452 111.043 -110.911 213.408 56.768
8.72709 111.091 -110.965 203.52 11.768
8.73472 111.135 -111.006 192.995 56.768
8.74238 111.173 -111.047 185.884 11.768
8.74993 111.216 -111.094 230.884 56.768
8.75442 111.253 -111.136 209.854 11.768
8.75473 111.294 -111.182 234.362 56.768
8.76742 111.344 -111.23 211.082 101.768
8.77468 111.379 -111.27 228.832 98.5255
8.77565 111.414 -111.304 223.907 102.45
8.78489 111.459 -111.344 219.122 128.306
8.80462 111.509 -111.396 208.797 147.249
8.81937 111.566 -111.454 214.417 133.458
8.82459 111.603 -111.491 212.718 129.315
8.83247 111.65 -111.536 210.184 133.83
8.83684 111.687 -111.573 214.879 116.234
8.85006 111.733 -111.616 213.794 119.762
8.86083 111.778 -111.653 207.744 137.469
8.86192 111.819 -111.698 215.617 133.834
8.87135 111.862 -111.737 208.237 149.295
8.87482 111.902 -111.776 212.755 136.631
8.89569 111.955 -111.828 209.469 103.034
8.89004 111.984 -111.86 191.364 72.0793
8.90039 112.028 -111.898 194.954 75.291
8.89828 112.065 -111.931 194.928 75.2639
8.90289 112.106 -111.971 194.911 75.2319
8.91496 112.152 -112.01 194.892 75.2023
8.9298 112.205 -112.069 194.875 75.1635
8.93622 112.248 -112.116 194.864 75.1303
8.95388 112.299 -112.169 194.857 75.0998
8.959 112.339 -112.208 194.836 75.0631
8.95634 112.369 -112.239 194.822 75.0285
8.9637 112.413 -112.285 194.813 74.9993
8.96202 112.441 -112.313 194.799 74.9662
8.96668 112.491 -112.363 194.781 74.9344
8.96801 112.53 -112.409 194.765 74.9056
8.9666 112.566 -112.445 194.747 74.8763
8.96484 112.594 -112.472 194.73 74.8352
8.97559 112.645 -112.524 194.712 74.8034
8.9744 112.689 -112.565 194.694 74.7704
8.97332 112.721 -112.596 194.675 74.7341
8.97876 112.769 -112.636 194.651 74.6983
8.98565 112.81 -112.676 194.636 74.6608
8.98869 112.854 -112.719 194.62 74.6217
9.00332 112.912 -112.774 194.603 74.5858
9.00457 112.942 -112.803 194.588 74.5423
9.01093 112.981 -112.85 194.578 74.4957
9.02681 113.034 -112.903 194.569 74.4542
9.03286 113.075 -112.943 194.559 74.4161
9.03616 113.112 -112.977 194.55 74.3737
9.04083 113.157 -113.02 194.542 74.3346
9.04296 113.194 -113.057 194.533 74.2976
9.05839 113.243 -113.107 194.528 74.2567
9.06152 113.283 -113.15 194.518 74.2177
9.0711 113.329 -113.197 194.51 74.1737
9.08413 113.37 -113.237 194.499 74.1269
9.08752 113.404 -113.272 194.481 74.0874
9.09092 113.441 -113.308 194.467 74.0487
9.09354 113.479 -113.347 194.459 74.0054
9.10737 113.525 -113.394 194.457 73.9546
9.11155 113.562 -113.432 194.45 73.9149
9.11771 113.614 -113.487 194.45 73.8723
9.12826 113.657 -113.534 194.45 73.8215
9.13982 113.704 -113.574 194.443 73.7732
9.14667 113.748 -113.614 194.437 73.7328
9.14963 113.785 -113.653 194.429 73.6879
9.14539 113.813 -113.68 194.42 73.6419
9.14155 113.847 -113.713 194.412 73.5994
9.14326 113.883 -113.749 194.406 73.5508
9.14602 113.915 -113.779 194.401 73.5035
9.14845 113.952 -113.808 194.388 73.4489
9.14966 113.991 -113.847 194.383 73.3983
9.15138 114.029 -113.886 194.375 73.3455
9.14995 114.064 -113.918 194.367 73.2974
9.1488 114.099 -113.951 194.362 73.2513
9.15561 114.144 -113.992 194.353 73.2084
9.15605 114.177 -114.022 194.344 73.1566
9.15544 114.214 -114.057 194.34 73.1129
9.15752 114.249 -114.09 194.335 73.0674
9.14532 114.278 -114.114 194.33 73.0231
9.1565 114.321 -114.16 194.328 72.9711
9.15732 114.352 -114.198 194.331 72.9214
9.1606 114.399 -114.247 194.326 72.875
9.1555 114.43 -114.279 194.325 72.8318
9.16114 114.466 -114.311 194.319 72.7834
9.16465 114.506 -114.351 194.321 72.736
9.16289 114.544 -114.387 194.314 72.685
9.16524 114.581 -114.421 194.311 72.6377
9.16553 114.617 -114.452 194.35 73.3813
9.1629 114.654 -114.495 187.317 28.3813
9.17065 114.694 -114.537 193.849 73.3813
9.16766 114.728 -114.572 202.474 87.4442
9.17905 114.771 -114.612 183.177 115.293
9.17989 114.812 -114.65 199.764 160.293
9.17749 114.847 -114.686 194.388 115.293
9.17281 114.882 -114.705 186.364 85.4241
9.16476 114.914 -114.711 178.999 85.6991
9.17759 114.961 -114.792 181.035 86.5285
9.19656 115.019 -114.856 181.299 87.437
9.20198 115.061 -114.897 181.366 88.0428
9.20393 115.099 -114.935 181.409 88.4563
9.21878 115.15 -114.982 181.442 88.7406
9.22122 115.191 -115.021 181.469 88.9735
9.2272 115.235 -115.063 181.492 89.1589
9.23163 115.279 -115.106 181.511 89.3086
9.22923 115.317 -115.143 181.529 89.4228
9.23347 115.361 -115.181 181.544 89.5081
9.23191 115.398 -115.219 181.562 89.5929
9.24005 115.438 -115.263 181.576 89.6356
9.24217 115.482 -115.309 181.593 89.6694
9.24852 115.526 -115.351 181.607 89.7073
9.24232 115.558 -115.389 181.626 89.7646
9.24696 115.598 -115.427 181.638 89.7973
9.24775 115.634 -115.464 181.654 89.8098
9.25069 115.676 -115.505 181.664 89.8289
9.24421 115.709 -115.531 181.672 89.8615
9.24667 115.749 -115.574 181.686 89.8843
9.25238 115.791 -115.612 181.693 89.9025
9.24661 115.826 -115.645 181.705 89.9119
9.25665 115.873 -115.684 181.704 89.9076
9.25665 115.905 -115.72 181.721 89.9028
9.26298 115.952 -115.764 181.732 89.9025
9.2631 115.99 -115.805 181.738 89.9115
9.26337 116.026 -115.844 181.753 89.9171
9.25946 116.06 -115.878 181.759 89.9143
9.26234 116.105 -115.925 181.766 89.9185
9.26722 116.151 -115.974 181.776 89.922
9.26891 116.191 -116.021 181.789 89.9207
9.26985 116.227 -116.053 181.794 89.9196
9.27229 116.271 -116.092 181.801 89.921
9.27484 116.309 -116.131 181.808 89.9165
9.27392 116.348 -116.165 181.813 89.9232
9.26573 116.377 -116.192 181.815 89.9192
9.26777 116.414 -116.229 181.818 89.9201
9.27472 116.462 -116.273 181.821 89.9169
9.27675 116.5 -116.312 181.826 89.9102
9.2786 116.536 -116.347 181.83 89.9076
9.28781 116.579 -116.393 181.839 89.8989
9.29336 116.623 -116.423 181.841 89.8924
9.29048 116.654 -116.454 181.85 89.8896
9.29362 116.703 -116.501 181.848 89.8916
9.29428 116.734 -116.541 181.853 89.887
9.29214 116.767 -116.562 181.855 89.8807
9.3006 116.816 -116.599 181.838 89.8795
9.30069 116.852 -116.618 181.836 89.8814
9.29858 116.889 -116.658 181.823 89.8773
9.30249 116.931 -116.709 181.821 89.8696
9.30032 116.963 -116.742 181.816 89.8636
9.29586 116.994 -116.779 181.818 89.8492
9.28839 117.025 -116.824 181.878 89.8423
9.28906 117.06 -116.862 181.894 89.8362
9.28792 117.097 -116.9 181.901 89.8325
9.28753 117.138 -116.938 181.904 89.8269
9.27978 117.172 -116.971 181.908 89.8175
9.2738 117.205 -117.007 181.912 89.8117
9.2793 117.251 -117.05 181.912 89.8021
9.26734 117.28 -117.078 181.912 89.8003
9.26375 117.317 -117.118 181.918 89.7933
9.26172 117.355 -117.152 181.919 89.7816
9.25998 117.39 -117.191 181.926 89.7708
9.2622 117.432 -117.235 181.928 89.7568
9.27138 117.474 -117.281 181.934 89.7465
9.26749 117.51 -117.313 181.934 89.7362
9.26701 117.544 -117.355 181.941 89.7274
9.27164 117.583 -117.395 181.946 89.7184
9.2711 117.623 -117.434 181.953 89.712
9.27247 117.662 -117.472 181.955 89.7027
9.27728 117.705 -117.524 181.967 89.6993
9.27532 117.745 -117.567 181.974 89.6955
9.27426 117.782 -117.606 181.977 89.6906
9.28261 117.826 -117.649 181.978 89.6832
9.2832 117.867 -117.694 181.98 89.6716
9.2824 117.899 -117.729 181.986 89.6649
9.28016 117.939 -117.768 181.987 89.6581
9.27911 117.979 -117.811 181.996 89.6507
9.27986 118.015 -117.845 181.996 89.638
9.28918 118.057 -117.883 182.001 89.6257
9.29538 118.099 -117.921 181.999 89.62
9.30767 118.146 -117.967 182.004 89.6128
9.30931 118.178 -117.998 182.013 89.6012
9.31678 118.218 -118.041 182.016 89.5913
9.31402 118.258 -118.081 182.017 89.5863
9.3233 118.305 -118.129 182.024 89.5809
9.31928 118.345 -118.18 182.034 89.5702
9.31551 118.383 -118.22 182.038 89.5613
9.32539 118.422 -118.255 182.037 89.5481
9.31799 118.454 -118.287 182.041 89.5437
9.32384 118.498 -118.336 182.047 89.5354
9.32219 118.533 -118.37 182.046 89.5225
9.31277 118.557 -118.396 182.045 89.5109
9.31584 118.595 -118.434 182.047 89.5028
9.31888 118.636 -118.47 182.042 89.4978
9.31363 118.672 -118.504 182.044 89.493
9.31673 118.708 -118.538 182.041 89.4895
9.32746 118.752 -118.581 182.037 89.4742
9.33385 118.789 -118.624 182.039 89.4607
9.33492 118.823 -118.667 182.047 89.4544
9.32905 118.857 -118.699 182.046 89.4498
9.3229 118.891 -118.736 182.047 89.4507
9.32315 118.936 -118.778 182.043 89.4461
9.32059 118.973 -118.814 182.041 89.437
9.31668 119.011 -118.849 182.042 89.4304
9.32702 119.051 -118.895 182.047 89.4187
9.33477 119.096 -118.94 182.045 89.411
9.32991 119.124 -118.971 182.05 89.39
9.33136 119.164 -119.017 182.055 89.3774
9.33478 119.201 -119.052 182.052 89.3653
9.32955 119.235 -119.084 182.047 89.3524
9.32755 119.269 -119.128 182.054 89.3447
9.33796 119.313 -119.17 182.051 89.3262
9.33492 119.348 -119.21 182.052 89.3159
9.33215 119.384 -119.247 182.049 89.3027
9.32265 119.418 -119.28 182.045 89.2947
9.32044 119.458 -119.319 182.043 89.2887
9.32785 119.503 -119.361 182.04 89.2814
9.32998 119.546 -119.404 182.041 89.2753
9.32994 119.587 -119.444 182.038 89.2646
9.32985 119.627 -119.483 182.036 89.2528
9.34236 119.676 -119.537 182.038 89.2427
9.34569 119.722 -119.587 182.039 89.2298
9.34552 119.766 -119.629 182.038 89.2227
9.34439 119.809 -119.668 182.036 89.2154
9.34862 119.849 -119.711 182.039 89.1985
9.35497 119.893 -119.753 182.039 89.1855
9.35333 119.933 -119.792 182.037 89.1738
9.36245 119.983 -119.839 182.041 89.1639
9.37309 120.035 -119.893 182.039 89.1578
9.36737 120.069 -119.928 182.037 89.1538
9.36768 120.113 -119.97 182.031 89.1503
9.36521 120.148 -120.007 182.033 89.1361
9.36714 120.189 -120.045 182.029 89.1241
9.37162 120.231 -120.086 182.029 89.1106
9.37724 120.274 -120.123 182.029 89.094
9.37637 120.307 -120.15 182.024 89.0805
9.36784 120.344 -120.187 182.025 89.0701
9.36772 120.379 -120.224 182.029 89.057
9.37103 120.422 -120.271 182.029 89.049
9.3673 120.46 -120.308 182.027 89.0392
9.36959 120.499 -120.35 182.026 89.0289
9.37052 120.539 -120.39 182.025 89.0154
9.36775 120.575 -120.424 182.025 89.0056
9.37528 120.622 -120.47 182.025 88.996
9.37366 120.66 -120.506 182.021 88.9864
9.373 120.701 -120.551 182.024 88.973
9.36912 120.737 -120.591 182.023 88.9634
9.37221 120.784 -120.633 182.024 88.9526
9.37258 120.827 -120.667 182.018 88.9437
9.37854 120.87 -120.715 182.021 88.9293
9.37801 120.909 -120.749 182.019 88.9159
9.37614 120.949 -120.788 182.021 88.9136
9.37503 120.953 -120.791 182.021 88.9116
9.37503 120.953 -120.791 182.021 88.9116
9.37503 120.953 -120.791 182.021 88.9116
9.37503 120.953 -120.791 182.021 88.9116
9.37503 120.953 -120.791 182.021 88.9116
9.37503 120.953 -120.791 182.021 88.9116
9.37503 120.953 -120.791 182.021 88.9116
9.37503 120.953 -120.791 182.021 88.9116
9.37503 120.953 -120.791 182.021 88.9116
9.37503 120.953 -120.791 182.021 88.9116
9.37503 120.953 -120.791 182.021 88.9116
9.37503 120.953 -120.791 182.021 88.9116
9.37503 120.953 -120.791 182.021 88.9116
9.37503 120.953 -120.791 182.021 88.9116
9.37503 120.953 -120.791 182.021 88.9116
9.37503 120.953 -120.791 182.021 88.9116
9.37503 120.953 -120.791 182.021 88.9116
9.37503 120.953 -120.791 182.021 88.9116
9.37503 120.953 -120.791 182.021 88.9116
9.37503 120.953 -120.791 182.021 88.9116
9.37503 120.953 -120.791 182.021 88.9116
9.37503 120.953 -120.791 182.021 88.9116
9.37503 120.953 -120.791 182.021 88.9116
9.37503 120.953 -120.791 182.021 88.9116
9.37503 120.953 -120.791 182.021 88.9116
9.37503 120.953 -120.791 182.021 88.9116
9.37503 120.953 -120.791 182.021 88.9116
9.37503 120.953 -120.791 182.021 88.9116
9.37503 120.953 -120.791 182.021 88.9116
9.37503 120.953 -120.791 182.021 88.9116
9.37503 120.953 -120.791 182.021 88.9116
9.37503 120.953 -120.791 182.021 88.9116
9.37503 120.953 -120.791 182.021 88.9116
9.37503 120.953 -120.791 182.021 88.9116
9.37503 120.953 -120.791 182.021 88.9116
9.37503 120.953 -120.791 182.021 88.9116
9.37503 120.953 -120.791 182.021 88.9116
9.37503 120.953 -120.791 182.021 88.9116
9.37503 120.953 -120.791 182.021 88.9116
9.37503 120.953 -120.791 182.021 88.9116
9.37503 120.953 -120.791 182.021 88.9116
9.37503 120.953 -120.791 182.021 88.9116
9.37503 120.953 -120.791 182.021 88.9116
9.37503 120.953 -120.791 182.021 88.9116
9.37503 120.953 -120.791 182.021 88.9116
9.37503 120.953 -120.791 182.021 88.9116
9.37503 120.953 -120.791 182.021 88.9116
9.37503 120.953 -120.791 182.021 88.9116
9.37503 120.953 -120.791 182.021 88.9116
9.37503 120.953 -120.791 182.021 88.9116
9.37503 120.953 -120.791 182.021 88.9116
9.37503 120.953 -120.791 182.021 88.9116
9.37503 120.953 -120.791 182.021 88.9116
9.37503 120.953 -120.791 182.021 88.9116
9.37503 120.953 -120.791 182.021 88.9116
9.37503 120.953 -120.791 182.021 88.9116
9.37503 120.953 -120.791 182.021 88.9116
9.37503 120.953 -120.791 182.021 88.9116
9.37503 120.953 -120.791 182.021 88.9116
9.37503 120.953 -120.791 182.021 88.9116
9.37503 120.953 -120.791 182.021 88.9116
9.37503 120.953 -120.791 182.021 88.9116
9.37503 120.953 -120.791 182.021 88.9116
9.37503 120.953 -120.791 182.021 88.9116
9.37503 120.953 -120.791 182.021 88.9116
9.37503 120.953 -120.791 182.021 88.9116
9.37503 120.953 -120.791 182.021 88.9116
9.37503 120.953 -120.791 182.021 88.9116
9.37503 120.953 -120.791 182.021 88.9116
9.37503 120.953 -120.791 182.021 88.9116
9.37503 120.953 -120.791 182.021 88.9116
9.37503 120.953 -120.791 182.021 88.9116
9.37503 120.953 -120.791 182.021 88.9116
9.37503 120.953 -120.791 182.021 88.9116
9.37503 120.953 -120.791 182.021 88.9116
9.37503 120.953 -120.791 182.021 88.9116
9.37503 120.953 -120.791 182.021 88.9116
9.37503 120.953 -120.791 182.021 88.9116
9.37503 120.953 -120.791 182.021 88.9116
9.37503 120.953 -120.791 182.021 88.9116
9.37503 120.953 -120.791 182.021 88.9116
9.37503 120.953 -120.791 182.021 88.9116
9.37503 120.953 -120.791 182.021 88.9116
9.37503 120.953 -120.791 182.021 88.9116
9.37503 120.953 -120.791 182.021 88.9116
9.37503 120.953 -120.791 182.021 88.9116
9.37503 120.953 -120.791 182.021 88.9116
9.37503 120.953 -120.791 182.021 88.9116
9.37503 120.953 -120.791 182.021 88.9116
9.37503 120.953 -120.791 182.021 88.9116
9.37503 120.953 -120.791 182.021 88.9116
