4
-0.277419 89.9936 -86.6823 177.557 90.3697
-0.494961 89.8445 -87.2882 178.116 90.5314
-0.422565 89.9171 -86.9002 177.777 90.4744
-0.476159 89.9155 -86.9762 177.872 90.4995
-0.5162 89.9104 -87.0013 177.988 90.514
-0.56247 89.8909 -86.8642 177.902 90.5271
-0.656423 89.8244 -87.5656 178.463 90.5962
-0.565339 89.8788 -87.9955 179.069 90.5785
-0.556829 89.9455 -86.2278 177.322 90.5724
-0.603899 89.9258 -86.637 177.663 90.6527
-0.802711 89.7838 -86.986 178.066 90.7319
-0.639743 89.9036 -86.5172 177.648 90.6331
-0.880846 89.7474 -87.7578 178.671 90.801
-0.958325 89.7148 -87.293 178.326 90.9003
-0.990364 89.7099 -87.1978 178.294 90.9856
-1.0309 89.6916 -86.9652 178.089 90.9833
-1.12127 89.6458 -86.8861 178.095 91.0713
-1.18086 89.5966 -86.811 178.062 91.0765
-1.2422 89.5456 -86.6939 178.055 91.0938
-1.14427 89.5416 -86.6826 178.048 90.9668
-1.26543 89.434 -86.6675 178.135 91.0436
-1.42213 89.1949 -86.6271 178.302 90.9798
-1.48281 89.0911 -86.478 178.245 90.908
-1.54714 88.9595 -86.2918 178.226 90.8361
-1.6039 88.8267 -86.1258 178.213 90.7614
-1.69192 88.6706 -85.9711 178.206 90.727
-1.74505 88.544 -85.7826 178.191 90.6756
-1.83376 88.3969 -85.6154 178.197 90.6201
-1.90612 88.2493 -85.4429 178.2 90.5693
-1.96152 88.1148 -85.2847 178.198 90.5267
-2.02576 87.9976 -85.1472 178.204 90.4579
-2.07344 87.8818 -85.0029 178.193 90.397
-2.14439 87.7386 -84.8452 178.205 90.3376
-2.19762 87.6122 -84.7009 178.2 90.2729
-2.24149 87.506 -84.5689 178.202 90.218
-2.3204 87.3927 -84.6465 178.327 90.2265
-2.62429 87.1765 -85.3464 178.702 90.4932
-2.3326 87.3194 -87.6086 179.866 90.337
-2.21541 87.559 -87.9835 179.898 90.3225
-2.45985 87.3316 -85.631 178.795 90.4715
-2.40344 87.7018 -85.8074 178.711 90.7762
-2.34522 87.9578 -86.0173 178.636 91.5623
-1.94448 88.1401 -86.1766 178.593 91.5644
-1.58713 88.3692 -86.4458 178.621 91.315
-1.70728 88.0443 -86.1129 178.635 90.9092
-1.84101 88.0038 -86.068 178.622 91.3426
-1.89018 87.9267 -85.9912 178.624 91.3164
-1.84907 87.9966 -86.0616 178.624 91.28
-1.84564 88.033 -86.0995 178.623 91.259
-1.93942 87.9398 -86.0092 178.634 91.2093
-1.94173 87.9741 -86.0474 178.639 91.1981
-1.94049 87.9807 -86.0531 178.637 91.2015
-1.98515 87.9916 -86.0568 178.631 91.252
-1.98057 88.0022 -86.0635 178.623 91.2754
-1.98871 88.0124 -86.0722 178.624 91.2995
-1.98668 88.041 -86.0967 178.624 91.3084
-2.00667 88.0384 -86.089 178.627 91.3028
-2.0152 88.0308 -86.0816 178.63 91.2905
-2.02379 88.0342 -86.0828 178.628 91.2928
-2.02086 88.0487 -86.0955 178.627 91.2822
-2.04025 88.0501 -86.0969 178.625 91.2887
-2.04324 88.0548 -86.0988 178.619 91.2823
-2.03812 88.067 -86.1151 178.62 91.265
-2.05039 88.0836 -86.1284 178.62 91.276
-2.05212 88.0985 -86.1371 178.619 91.2689
-2.05121 88.0992 -86.1366 178.616 91.2565
-2.04583 88.0987 -86.1365 178.612 91.2408
-2.05037 88.1111 -86.1493 178.616 91.2484
-2.06977 88.1018 -86.1398 178.619 91.242
-2.06124 88.1143 -86.1526 178.617 91.2295
-2.05194 88.1249 -86.1623 178.614 91.2336
-2.0576 88.1309 -86.1686 178.612 91.2497
-2.0615 88.142 -86.1752 178.614 91.2491
-2.05626 88.1423 -86.1754 178.611 91.2457
-2.04307 88.1579 -86.1932 178.613 91.239
-2.04935 88.1716 -86.21 178.616 91.2392
-2.04465 88.1793 -86.2173 178.612 91.2493
-2.02833 88.1945 -86.2306 178.61 91.2435
-2.02622 88.2023 -86.2444 178.617 91.2372
-2.029 88.2076 -86.2507 178.618 91.2354
-2.01784 88.2181 -86.2663 178.617 91.233
-2.00403 88.2137 -86.2644 178.614 91.2468
-2.00942 88.2103 -86.2549 178.612 91.2464
-2.01443 88.2222 -86.265 178.609 91.2764
-2.00549 88.225 -86.2711 178.61 91.2734
-1.99918 88.2251 -86.2636 178.606 91.268
-2.00166 88.2338 -86.273 178.608 91.2756
-2.00265 88.2355 -86.2762 178.607 91.265
-1.99407 88.2458 -86.284 178.605 91.2796
-2.00347 88.2428 -86.2807 178.61 91.2818
-2.00024 88.2363 -86.2742 178.61 91.2794
-2.00999 88.2304 -86.2678 178.607 91.2979
-2.00855 88.2322 -86.27 178.608 91.3017
-2.02007 88.2202 -86.2615 178.605 91.3094
-2.02371 88.2194 -86.264 178.612 91.3123
-2.04295 88.2075 -86.2506 178.612 91.3093
-2.05698 88.1982 -86.2414 178.612 91.3237
-2.05808 88.2072 -86.2541 178.612 91.3232
-2.05645 88.205 -86.2578 178.613 91.323
-2.06262 88.2153 -86.268 178.614 91.3186
-2.07925 88.2074 -86.2587 178.61 91.3284
-2.07794 88.2164 -86.2663 178.603 91.3248
-2.0827 88.2173 -86.2712 178.601 91.3178
-2.08023 88.2286 -86.2804 178.601 91.3108
-2.08462 88.2291 -86.2804 178.601 91.3176
-2.08875 88.219 -86.2694 178.6 91.3216
-2.08822 88.214 -86.2652 178.6 91.3108
-2.08642 88.2204 -86.2684 178.6 91.2976
-2.10397 88.2089 -86.2591 178.6 91.3229
-2.10506 88.2082 -86.2628 178.601 91.3206
-2.09683 88.2016 -86.2573 178.603 91.311
-2.09218 88.2054 -86.2581 178.6 91.305
-2.09699 88.2032 -86.2533 178.601 91.2981
-2.1021 88.1944 -86.2433 178.599 91.3025
-2.09956 88.2032 -86.2482 178.597 91.298
-2.10143 88.2068 -86.2561 178.598 91.2947
-2.10336 88.2072 -86.2585 178.606 91.2964
-2.09825 88.2117 -86.2615 178.607 91.3015
-2.09983 88.2061 -86.2606 178.612 91.2969
-2.08436 88.2092 -86.2611 178.61 91.2845
-2.07649 88.2134 -86.2637 178.611 91.2849
-2.06797 88.2133 -86.2614 178.605 91.2762
-2.06892 88.2247 -86.2765 178.607 91.27
-2.06655 88.2183 -86.2726 178.607 91.2587
-2.06657 88.2184 -86.2752 178.606 91.2563
-2.07202 88.2166 -86.2734 178.607 91.2598
-2.0761 88.2051 -86.2625 178.604 91.2453
-2.07629 88.205 -86.2635 178.604 91.2375
-2.07687 88.2001 -86.2541 178.604 91.2425
-2.07808 88.1963 -86.2523 178.602 91.2388
-2.07362 88.1904 -86.2483 178.607 91.2281
-2.0634 88.1923 -86.2536 178.608 91.2115
-2.05597 88.1873 -86.2515 178.614 91.2071
-2.05244 88.1975 -86.2599 178.614 91.2019
-2.05281 88.192 -86.2521 178.613 91.197
-2.0388 88.1955 -86.2574 178.612 91.1917
-2.02964 88.1994 -86.2581 178.605 91.1838
-2.02995 88.1849 -86.2431 178.605 91.1687
-2.03363 88.1949 -86.2511 178.607 91.1706
-2.03526 88.1933 -86.2449 178.605 91.1809
-2.03624 88.1966 -86.2494 178.608 91.1798
-2.01036 88.2046 -86.2618 178.612 91.169
-2.0096 88.2142 -86.2696 178.608 91.1663
-2.0145 88.2175 -86.2756 178.609 91.1701
-2.02007 88.22 -86.2757 178.61 91.1717
-2.01518 88.2219 -86.2783 178.605 91.1529
-2.01967 88.2153 -86.2717 178.606 91.1598
-2.01318 88.2149 -86.2779 178.611 91.1599
-2.01483 88.2251 -86.2872 178.613 91.1597
-2.01933 88.2234 -86.2886 178.616 91.1534
-2.02316 88.2299 -86.288 178.611 91.1692
-2.02368 88.2355 -86.2917 178.612 91.1735
-2.01183 88.2384 -86.2986 178.616 91.1621
-2.00864 88.2448 -86.3069 178.618 91.1578
-2.00732 88.2346 -86.2894 178.608 91.1581
-2.0103 88.2381 -86.292 178.606 91.1732
-2.00971 88.2507 -86.3036 178.6 91.1746
-2.01162 88.2432 -86.2954 178.601 91.1693
-2.00803 88.2471 -86.3016 178.604 91.162
-2.01182 88.245 -86.3026 178.605 91.165
-1.99612 88.2524 -86.3057 178.603 91.1435
-1.99359 88.2526 -86.3091 178.6 91.1349
-1.99248 88.2476 -86.3035 178.601 91.1301
-1.99031 88.2369 -86.2946 178.606 91.1212
-1.98783 88.2379 -86.3022 178.609 91.1091
-1.99228 88.2333 -86.2971 178.607 91.1122
-1.98979 88.2347 -86.3013 178.608 91.1073
-1.99817 88.2206 -86.2875 178.612 91.1064
-1.99271 88.2167 -86.28 178.612 91.1016
-1.98997 88.2067 -86.2679 178.609 91.087
-1.98746 88.2018 -86.2618 178.607 91.0818
-1.98282 88.2014 -86.2633 178.608 91.0825
-1.98686 88.1977 -86.2603 178.605 91.0789
-1.98967 88.1895 -86.2488 178.605 91.0753
-2.0005 88.1823 -86.245 178.607 91.0795
-2.00201 88.1706 -86.2344 178.604 91.0863
-2.00615 88.167 -86.2335 178.605 91.1116
-2.00479 88.1707 -86.2365 178.606 91.1142
-2.0083 88.169 -86.2382 178.608 91.1286
-2.01721 88.163 -86.2259 178.603 91.122
-2.0185 88.1574 -86.2219 178.604 91.112
-2.02359 88.1579 -86.2182 178.603 91.11
-2.0216 88.1506 -86.2177 178.604 91.1051
-2.03672 88.1425 -86.209 178.599 91.1159
-2.04891 88.1374 -86.2035 178.603 91.1338
-2.0524 88.1383 -86.2083 178.605 91.1413
-2.05208 88.1448 -86.2128 178.606 91.1462
-2.06352 88.1393 -86.2061 178.606 91.1596
-2.05386 88.1471 -86.215 178.603 91.1608
-2.05081 88.1544 -86.2236 178.604 91.1663
-2.06211 88.1462 -86.2202 178.604 91.1762
-2.06434 88.1469 -86.2189 178.604 91.1951
-2.07699 88.1404 -86.2103 178.6 91.2072
-2.07521 88.1367 -86.207 178.599 91.213
-2.07706 88.13 -86.1994 178.599 91.2094
-2.08152 88.1175 -86.1856 178.596 91.2085
-2.08249 88.1191 -86.191 178.599 91.2072
-2.08572 88.1102 -86.1801 178.595 91.2093
-2.07418 88.113 -86.1891 178.595 91.2009
-2.07607 88.1102 -86.1879 178.594 91.2029
-2.07978 88.0981 -86.1785 178.598 91.1961
-2.07848 88.0925 -86.1727 178.601 91.1939
-2.07474 88.0851 -86.1647 178.602 91.1976
-2.06635 88.0872 -86.1688 178.605 91.1918
-2.07653 88.08 -86.1572 178.606 91.2023
-2.07165 88.0775 -86.1529 178.6 91.2012
-2.07655 88.0726 -86.1472 178.598 91.2024
-2.08034 88.0706 -86.147 178.596 91.2021
-2.07803 88.0766 -86.1571 178.598 91.2019
-2.06945 88.0678 -86.1487 178.597 91.1928
-2.06994 88.0712 -86.1498 178.601 91.1932
-2.06618 88.0655 -86.144 178.599 91.1893
-2.0759 88.0622 -86.1379 178.599 91.1976
-2.08118 88.0563 -86.1322 178.605 91.1859
-2.08066 88.0539 -86.1326 178.605 91.1823
-2.08551 88.0541 -86.1269 178.605 91.1784
-2.08675 88.0495 -86.1141 178.597 91.1711
-2.08739 88.0463 -86.1117 178.594 91.1713
-2.08048 88.0507 -86.1105 178.594 91.168
-2.07147 88.0671 -86.1311 178.598 91.1578
-2.07832 88.0598 -86.1234 178.6 91.1561
-2.07942 88.0563 -86.1232 178.602 91.1607
-2.08107 88.0603 -86.1282 178.606 91.1668
-2.08066 88.0552 -86.122 178.607 91.1591
-2.07499 88.0584 -86.1251 178.609 91.1534
-2.07249 88.0635 -86.1284 178.609 91.1541
-2.06152 88.0686 -86.1341 178.609 91.1527
-2.05775 88.0678 -86.1334 178.609 91.1444
-2.04394 88.078 -86.145 178.609 91.1383
-2.03675 88.0941 -86.1626 178.612 91.1457
-2.0367 88.1004 -86.1679 178.611 91.148
-2.03796 88.0979 -86.1583 178.611 91.1493
-2.03603 88.1018 -86.1617 178.614 91.1499
-2.04048 88.0968 -86.154 178.612 91.1499
-2.04361 88.1 -86.1554 178.609 91.1567
-2.03894 88.1034 -86.1634 178.611 91.1632
-2.03884 88.1048 -86.1605 178.607 91.1628
-2.04177 88.1037 -86.1652 178.611 91.1778
-2.03601 88.1069 -86.1652 178.612 91.1694
-2.04143 88.0917 -86.1475 178.611 91.1536
-2.05283 88.0854 -86.1339 178.607 91.176
-2.04546 88.0882 -86.1411 178.609 91.1744
-2.04548 88.0876 -86.1345 178.608 91.1724
-2.05127 88.0799 -86.1258 178.609 91.174
-2.05323 88.0782 -86.1247 178.612 91.1929
-2.03878 88.0862 -86.1362 178.613 91.1767
-2.04409 88.086 -86.1332 178.611 91.1699
-2.04086 88.0822 -86.1311 178.61 91.1699
-2.04415 88.0886 -86.1347 178.614 91.1718
-2.03661 88.0961 -86.1495 178.617 91.1644
-2.03442 88.1014 -86.1585 178.619 91.1608
-2.02484 88.0999 -86.1584 178.617 91.1541
-2.02195 88.0997 -86.1613 178.616 91.1501
-2.02159 88.1018 -86.1656 178.618 91.1528
-2.01281 88.1025 -86.1677 178.618 91.1523
-2.00769 88.11 -86.1763 178.621 91.1542
-2.00709 88.1037 -86.1713 178.62 91.1478
-2.00529 88.105 -86.1719 178.618 91.1588
-2.00757 88.1064 -86.1809 178.618 91.1618
-2.01541 88.1005 -86.1739 178.621 91.1669
-2.01739 88.0921 -86.1675 178.621 91.1689
-2.02277 88.0962 -86.1773 178.623 91.1826
-2.01785 88.1067 -86.1857 178.619 91.1811
-2.01371 88.1082 -86.1898 178.62 91.178
-2.00798 88.1056 -86.1847 178.619 91.1837
-2.01112 88.0967 -86.1765 178.619 91.1855
-2.00811 88.0941 -86.1724 178.62 91.1819
-2.00963 88.0907 -86.1639 178.616 91.1788
-2.01185 88.0994 -86.1755 178.617 91.184
-2.01491 88.0917 -86.1697 178.616 91.1885
-2.01938 88.0917 -86.1684 178.618 91.1895
-2.02793 88.0809 -86.1556 178.615 91.1915
-2.03176 88.0829 -86.1592 178.613 91.1905
-2.04002 88.0759 -86.1485 178.611 91.1912
-2.04 88.0771 -86.1484 178.608 91.1939
-2.04114 88.0718 -86.1435 178.606 91.1938
-2.03541 88.0748 -86.1425 178.6 91.1956
-2.03929 88.0709 -86.1354 178.597 91.2027
-2.03506 88.0728 -86.1396 178.597 91.1927
-2.03182 88.074 -86.1398 178.597 91.1989
-2.03686 88.0665 -86.132 178.598 91.2002
-2.028 88.0712 -86.1402 178.594 91.1962
-2.02604 88.0693 -86.137 178.594 91.1897
-2.0305 88.0673 -86.1341 178.602 91.1859
-2.03359 88.066 -86.132 178.608 91.1868
-2.03517 88.0637 -86.1324 178.608 91.1904
-2.03505 88.0682 -86.135 178.606 91.1921
-2.03429 88.0664 -86.1314 178.609 91.1904
-2.03253 88.0658 -86.129 178.605 91.1978
-2.02993 88.0691 -86.1325 178.604 91.2031
-2.03804 88.0703 -86.1361 178.602 91.2145
-2.03901 88.0778 -86.1448 178.601 91.2112
-2.05167 88.0734 -86.1397 178.6 91.2282
-2.04929 88.0728 -86.1367 178.595 91.2254
-2.05113 88.0753 -86.1397 178.592 91.2262
-2.05932 88.0719 -86.1332 178.589 91.228
-2.06004 88.0751 -86.1366 178.591 91.2321
-2.0671 88.0722 -86.1318 178.588 91.2345
-2.05923 88.0919 -86.155 178.593 91.2383
-2.05628 88.0905 -86.1513 178.591 91.2383
-2.05508 88.0911 -86.1505 178.59 91.2415
-2.05207 88.0974 -86.1526 178.586 91.2379
-2.04893 88.1118 -86.164 178.582 91.2329
-2.04976 88.1134 -86.1667 178.581 91.2354
-2.05495 88.106 -86.155 178.574 91.2394
-2.04877 88.1032 -86.1502 178.576 91.2313
-2.05076 88.1062 -86.1513 178.575 91.232
-2.05212 88.1028 -86.1468 178.569 91.2345
-2.04391 88.1081 -86.1523 178.567 91.2322
-2.04689 88.1069 -86.1505 178.565 91.2374
-2.04425 88.1013 -86.1453 178.562 91.2387
-2.04424 88.0957 -86.1427 178.564 91.236
-2.04514 88.0974 -86.1418 178.561 91.2405
-2.04509 88.0961 -86.1413 178.563 91.2442
-2.04755 88.0948 -86.1343 178.558 91.2554
-2.05022 88.0987 -86.1326 178.562 91.2536
-2.05839 88.096 -86.1287 178.564 91.252
-2.06466 88.0922 -86.1259 178.563 91.2452
-2.06516 88.0909 -86.1263 178.563 91.2511
-2.06584 88.0898 -86.1187 178.565 91.2448
-2.06378 88.0867 -86.1215 178.567 91.2479
-2.06617 88.0867 -86.1214 178.567 91.2554
-2.07367 88.0742 -86.11 178.569 91.2551
-2.07626 88.0775 -86.1119 178.569 91.2523
-2.06846 88.0857 -86.1205 178.572 91.2515
-2.07259 88.0875 -86.1249 178.577 91.2562
-2.06823 88.0854 -86.1219 178.579 91.2523
-2.08038 88.0757 -86.114 178.581 91.2539
-2.084 88.0742 -86.1132 178.58 91.2571
-2.0927 88.0717 -86.1086 178.579 91.2613
-2.0993 88.0742 -86.113 178.581 91.2553
-2.10918 88.0749 -86.118 178.581 91.2614
-2.10797 88.0803 -86.1236 178.584 91.2662
-2.10054 88.0808 -86.1176 178.579 91.2586
-2.10304 88.0846 -86.117 178.577 91.2564
-2.11102 88.0897 -86.1199 178.574 91.2734
-2.11202 88.0843 -86.1115 178.576 91.2778
-2.11508 88.0829 -86.1112 178.576 91.2852
-2.12316 88.0849 -86.1132 178.577 91.2997
-2.12618 88.0839 -86.1126 178.581 91.302
-2.12425 88.0849 -86.1137 178.578 91.2965
-2.12254 88.0813 -86.109 178.572 91.2947
-2.12016 88.0856 -86.1115 178.571 91.3004
-2.10867 88.0866 -86.1095 178.574 91.2984
-2.11097 88.0873 -86.1063 178.571 91.3066
-2.11048 88.0821 -86.0991 178.569 91.297
-2.10789 88.0826 -86.0967 178.567 91.3058
-2.11138 88.0901 -86.1034 178.566 91.313
-2.11313 88.0846 -86.1024 178.571 91.3139
-2.1058 88.0964 -86.1141 178.571 91.3072
-2.11064 88.098 -86.1192 178.577 91.3195
-2.108 88.0987 -86.1207 178.577 91.3137
-2.11498 88.0999 -86.1204 178.58 91.3179
-2.11502 88.1054 -86.129 178.584 91.3163
-2.11755 88.0998 -86.1298 178.587 91.3096
-2.13166 88.0918 -86.1195 178.588 91.3074
-2.14215 88.0776 -86.1048 178.593 91.3042
-2.13715 88.0857 -86.1134 178.602 91.2979
-2.13128 88.087 -86.1187 178.608 91.2883
-2.13481 88.0901 -86.1237 178.613 91.2935
-2.13425 88.0925 -86.1244 178.616 91.3007
-2.1302 88.095 -86.1337 178.621 91.3015
-2.12889 88.0993 -86.1389 178.623 91.3015
-2.13268 88.0937 -86.1368 178.624 91.2971
-2.12678 88.1059 -86.1503 178.627 91.2937
-2.1238 88.1062 -86.1482 178.622 91.2919
-2.11626 88.1063 -86.1519 178.623 91.2914
-2.12616 88.1137 -86.1581 178.619 91.3027
-2.12934 88.1168 -86.1575 178.617 91.3113
-2.12669 88.1199 -86.1593 178.616 91.3195
-2.12541 88.1223 -86.1606 178.617 91.3213
-2.12162 88.1185 -86.1551 178.618 91.3176
-2.11739 88.1279 -86.1679 178.622 91.3223
-2.11293 88.1313 -86.1678 178.62 91.3222
-2.10452 88.1378 -86.1788 178.621 91.3121
-2.10609 88.1258 -86.1656 178.621 91.3144
-2.10385 88.1349 -86.1798 178.621 91.3276
-2.11342 88.1316 -86.1737 178.619 91.3529
-2.11376 88.1297 -86.169 178.617 91.3456
-2.11191 88.1368 -86.1775 178.617 91.3555
-2.11381 88.1325 -86.1773 178.616 91.3521
-2.11371 88.1321 -86.1765 178.613 91.3492
-2.10978 88.1336 -86.1779 178.612 91.3548
-2.1072 88.1359 -86.1826 178.616 91.3479
-2.11092 88.1345 -86.1804 178.612 91.3516
-2.11025 88.1312 -86.179 178.614 91.3439
-2.11325 88.1356 -86.1828 178.611 91.351
-2.11298 88.1434 -86.1899 178.614 91.3495
-2.11857 88.1452 -86.1911 178.609 91.3565
-2.12641 88.1406 -86.187 178.61 91.3664
-2.12648 88.1425 -86.1846 178.607 91.3602
-2.12472 88.1563 -86.1986 178.606 91.3572
-2.12627 88.1656 -86.2004 178.598 91.3669
-2.11993 88.1677 -86.2072 178.605 91.3613
-2.11669 88.1633 -86.2021 178.604 91.3604
-2.10845 88.1715 -86.2088 178.605 91.3589
-2.10713 88.1696 -86.207 178.604 91.354
-2.10231 88.1753 -86.2103 178.602 91.3508
-2.08834 88.1794 -86.2143 178.602 91.3394
-2.08772 88.1826 -86.2232 178.601 91.3427
-2.09205 88.1842 -86.224 178.601 91.3478
-2.08809 88.1814 -86.2208 178.602 91.3388
-2.08265 88.1854 -86.226 178.601 91.3326
-2.08668 88.1885 -86.2258 178.597 91.3462
-2.09411 88.1765 -86.2172 178.603 91.3465
-2.08771 88.1806 -86.2189 178.606 91.3412
-2.08895 88.1885 -86.2289 178.61 91.3462
-2.08191 88.188 -86.2316 178.613 91.34
-2.07256 88.1827 -86.2238 178.608 91.3262
-2.05692 88.1925 -86.2315 178.604 91.3196
-2.04818 88.1972 -86.2354 178.608 91.3149
-2.05527 88.1911 -86.2323 178.61 91.319
-2.05982 88.1801 -86.2234 178.611 91.3104
-2.05373 88.18 -86.2211 178.613 91.3042
