4
0.00283997 89.9998 -89.9265 180.131 89.994
-0.00390289 89.9903 -89.9083 180.153 89.9973
-0.00449108 89.9905 -89.9003 180.17 89.9986
-0.00113063 89.9904 -89.8901 172.819 84.9333
0.00139412 89.9901 -89.8817 154.998 56.3751
0.00885432 89.9912 -89.8805 138.689 16.9986
0.00665094 89.9929 -89.8741 141.715 18.8057
0.00826695 89.9921 -89.8681 146.668 19.435
0.0107128 89.9894 -89.8594 146.777 19.1948
0.0119895 89.9897 -89.8481 151.661 48.4249
0.010473 89.9891 -89.8388 160.536 90.0356
0.0161124 89.991 -89.8339 162.431 90.062
0.01855 89.9873 -89.8251 193.796 89.9491
0.0226422 89.9864 -89.8139 196.028 89.9548
0.0286299 89.9896 -89.8084 155.037 90.1175
0.0202284 89.9878 -89.8022 148.402 90.1698
0.0215609 89.9841 -89.789 153.728 90.1302
0.014536 89.9764 -89.7689 182.883 90.0167
0.016551 89.9745 -89.759 189.734 89.9984
0.0196666 89.9739 -89.7453 154.993 90.1483
0.017499 89.9698 -89.7352 145.749 90.2035
0.0126437 89.9715 -89.7225 153.377 90.1868
0.00798174 89.9673 -89.7074 188.861 90.0508
0.00933933 89.9648 -89.6967 188.977 89.9878
0.00698225 89.9691 -89.6909 144.691 91.4765
0.00906579 89.9737 -89.6825 150.333 90.2106
0.0101381 89.9788 -89.6738 181 90.0325
0.0122299 89.9771 -89.6634 193.985 90.0031
0.0104141 89.9783 -89.6565 156.389 90.1337
0.00518543 89.9756 -89.6392 148.407 90.6977
0.00765508 89.981 -89.6336 167.335 90.2379
0.00117544 89.9759 -89.6177 171.35 90.0492
-0.00350628 89.9725 -89.6048 173.519 90.0712
-0.00362613 89.9744 -89.5959 172.549 90.0668
-0.00188618 89.9773 -89.5871 172.523 90.0606
-0.00270706 89.9783 -89.5786 172.532 90.0616
-0.00344054 89.9787 -89.5695 172.54 90.0621
-0.00389729 89.9772 -89.562 172.549 90.0619
-0.00930024 89.9715 -89.5419 172.554 90.0589
-0.00363957 89.9743 -89.5302 172.561 90.0589
-0.00484245 89.9689 -89.516 172.572 90.0581
-0.00700299 89.963 -89.4985 172.575 90.0563
-0.00921145 89.9648 -89.4901 172.585 90.0592
-0.00603542 89.9634 -89.4814 172.593 90.0579
-0.00745701 89.9593 -89.4699 172.607 90.0574
-0.00681437 89.956 -89.4572 172.616 90.054
-0.00915241 89.9549 -89.4438 172.621 90.0579
-0.00151848 89.9633 -89.4413 172.63 90.0587
-0.000322836 89.9624 -89.4315 172.647 90.0555
-0.00246662 89.9613 -89.4152 172.654 90.0536
-0.000340931 89.9615 -89.413 172.667 90.0506
0.00392425 89.9627 -89.404 172.677 90.0426
0.00981335 89.9681 -89.4021 172.691 90.037
0.0102165 89.967 -89.3921 172.704 90.0319
0.0108706 89.9648 -89.3854 172.719 90.0278
0.0138287 89.97 -89.3804 172.729 90.0207
0.0123621 89.9702 -89.3669 172.738 90.0201
0.0112181 89.9678 -89.3578 172.752 90.0171
0.00934079 89.9679 -89.3484 172.764 90.0191
0.0100396 89.9661 -89.3372 172.774 90.0172
0.00558163 89.9636 -89.3224 172.785 90.016
0.00544813 89.9598 -89.3111 172.8 90.0113
0.00506287 89.9656 -89.3088 172.818 90.0121
0.00781743 89.9651 -89.3009 172.828 90.014
0.00781388 89.9671 -89.2984 172.847 90.0096
0.00644219 89.9635 -89.2839 172.858 90.009
0.00708024 89.9661 -89.2792 172.87 90.0071
0.00701263 89.9643 -89.2685 172.886 90.0049
0.00449719 89.9639 -89.2585 172.901 90.0104
0.00219202 89.963 -89.2438 172.915 90.0146
-0.000910328 89.9631 -89.2337 172.928 90.014
0.00351889 89.9622 -89.224 172.939 90.0104
0.003045 89.9649 -89.2188 172.949 90.0105
0.00266566 89.9661 -89.2089 172.961 90.0115
-0.00116561 89.961 -89.193 172.974 90.0134
-0.00158885 89.9633 -89.1864 172.994 90.0086
-0.00275364 89.9626 -89.1749 173.003 90.0067
-0.00163525 89.9615 -89.1671 173.024 90.0036
-0.0043773 89.9596 -89.1557 173.039 90.0032
-0.00452354 89.9588 -89.1476 173.051 90.0022
-0.00873984 89.957 -89.1363 173.065 89.9978
-0.0164675 89.9509 -89.1178 173.079 90.0025
-0.0179242 89.9496 -89.1063 173.094 90.0059
-0.0199227 89.9452 -89.0924 173.111 90.0039
-0.0201882 89.9459 -89.0807 173.127 90.0066
-0.0232011 89.9413 -89.068 173.143 90.0029
-0.0243362 89.9422 -89.0614 173.161 90.0018
-0.0237731 89.9406 -89.0503 173.176 89.994
-0.0243524 89.9415 -89.046 173.192 89.9909
-0.0241385 89.941 -89.0354 173.206 89.9875
-0.0274571 89.9328 -89.0191 173.222 89.9883
-0.0275904 89.9305 -89.0094 173.239 89.9877
-0.026777 89.9275 -88.9991 173.254 89.9824
-0.0355345 89.92 -88.9828 173.272 89.9866
-0.0313984 89.9251 -88.984 173.293 89.9883
-0.035514 89.9181 -88.9659 173.308 89.9871
-0.0304418 89.9206 -88.9596 173.322 89.9861
-0.0291069 89.9219 -88.9527 173.344 89.979
-0.0284444 89.9196 -88.9437 173.366 89.9789
-0.02151 89.9224 -88.9383 173.385 89.9734
-0.0216888 89.9235 -88.9328 169.143 89.9741
-0.0257136 89.9172 -88.9183 141.144 90.1831
-0.0285352 89.9163 -88.9065 124.735 90.4542
-0.0280076 89.9141 -88.8933 114.169 90.7566
-0.0312259 89.9117 -88.8828 125.561 90.3451
-0.0279462 89.9118 -88.8762 145.889 90.0412
-0.0265976 89.9148 -88.8711 162.038 89.9135
-0.027714 89.9137 -88.8597 169.874 89.925
-0.0319403 89.9075 -88.839 172.496 89.9439
-0.030941 89.9061 -88.8338 170.324 89.9903
-0.0263898 89.9096 -88.8299 170.346 90.0021
-0.0298186 89.9075 -88.8163 170.424 90.0054
-0.0317197 89.907 -88.8061 170.832 90.0066
-0.0357871 89.9029 -88.7975 171.285 90.0057
-0.0369216 89.9014 -88.7815 171.634 90.0062
-0.0428607 89.8951 -88.7693 172.098 90.0062
-0.0421631 89.8976 -88.7615 172.539 90.0023
-0.0444561 89.8951 -88.7481 172.997 89.9996
-0.04804 89.8933 -88.7368 173.553 89.9957
-0.0434933 89.8903 -88.7206 174.064 89.9865
-0.0441245 89.8943 -88.7173 174.564 89.9833
-0.0461008 89.8961 -88.711 175.038 89.9778
-0.0434874 89.8987 -88.7084 175.562 89.9742
-0.0436787 89.8984 -88.7007 175.979 89.9685
-0.0459627 89.8995 -88.6914 176.511 89.9643
-0.0440212 89.8958 -88.6789 176.912 89.956
-0.0451504 89.8972 -88.6701 177.344 89.9517
-0.0441029 89.9012 -88.6639 177.773 89.9513
-0.0432503 89.9004 -88.6557 178.203 89.9463
-0.0458532 89.9002 -88.6438 178.555 89.946
-0.0423052 89.9071 -88.644 183.125 90.0029
-0.0399503 89.9082 -88.6364 214.185 89.8994
-0.0392099 89.9091 -88.6299 224.008 89.8665
-0.0376546 89.912 -88.6211 212.155 89.869
-0.0322188 89.9131 -88.6133 197.099 89.8868
-0.0262758 89.9177 -88.614 182.905 89.923
-0.0187449 89.9197 -88.6106 165.143 90.0003
-0.0184914 89.9185 -88.6041 154.246 90.087
-0.0198574 89.9187 -88.5969 163.531 89.9801
-0.0213479 89.9187 -88.5931 169.609 89.9535
-0.0181676 89.9157 -88.5797 173.918 91.0136
-0.019801 89.9186 -88.5738 176.863 86.4726
-0.0201198 89.9193 -88.5663 182.923 73.1279
-0.0192993 89.922 -88.5624 189.842 69.6046
-0.0204465 89.926 -88.5561 192.105 73.3309
-0.0187612 89.928 -88.5535 190.874 82.3581
-0.0157597 89.928 -88.5431 181.181 86.9586
-0.0184952 89.9212 -88.5312 181.349 87.8547
-0.0172953 89.9222 -88.5253 183.913 84.3211
-0.0162578 89.9212 -88.5189 179.069 76.0307
-0.0155496 89.9182 -88.5099 194.173 89.2516
-0.0103874 89.9192 -88.4999 193.142 87.7044
-0.00845006 89.9197 -88.4931 192.478 89.8844
-0.00475571 89.9199 -88.4879 190.745 79.0046
-0.00217882 89.9169 -88.4803 167.574 87.8057
-0.0025686 89.9123 -88.4691 174.249 75.53
0.000210863 89.912 -88.4663 175.441 73.5341
-0.00029012 89.9076 -88.4545 174.896 82.523
-0.00283551 89.9028 -88.443 176.226 81.9487
-0.00302827 89.9063 -88.439 176.607 77.7216
-0.00249922 89.9057 -88.4295 139.847 32.7216
-0.00682992 89.9059 -88.4223 97.8725 -12.2784
-0.00806544 89.9072 -88.4169 95.4905 -57.2784
-0.00689643 89.9042 -88.4078 96.364 -102.278
-0.00376528 89.9054 -88.4001 98.8111 -72.261
-0.00415142 89.9054 -88.3934 111.793 -29.4685
0.000589533 89.9129 -88.392 156.793 15.5315
0.00114996 89.914 -88.3841 171.158 58.2371
0.00211392 89.9179 -88.3827 171.164 58.2374
0.000684245 89.919 -88.3749 171.166 58.2396
0.00258575 89.9231 -88.3752 171.172 58.2402
0.00224554 89.9209 -88.3633 185.958 38.5643
-0.000965512 89.9208 -88.3535 185.957 38.5661
0.000297805 89.9261 -88.35 180.949 46.195
0.00112537 89.927 -88.3435 180.623 46.5729
-0.00209828 89.9229 -88.3342 169.814 67.7396
-0.000895082 89.9243 -88.3266 181.506 49.239
-0.00619798 89.9228 -88.3205 178.476 52.026
-0.00212 89.9253 -88.3177 168.813 76.351
-0.00392858 89.9245 -88.313 169.479 80.1542
-0.00165987 89.9211 -88.3 169.581 79.0563
0.00706599 89.9251 -88.3037 169.221 78.9779
0.0112195 89.9269 -88.3008 171.957 69.9066
0.00960656 89.9228 -88.2878 191.584 35.9455
0.00960082 89.9259 -88.2841 190.07 35.3975
0.0106188 89.9276 -88.2819 181.597 47.6251
0.0104092 89.93 -88.2776 190.533 61.3727
0.00940527 89.9325 -88.2699 180.817 80.42
0.0104896 89.9348 -88.2661 180.678 70.1211
0.00433507 89.9285 -88.2545 172.47 65.5227
0.00618635 89.9334 -88.2484 172.617 77.9408
0.0113719 89.9309 -88.2392 176.876 89.7647
0.0134764 89.9318 -88.234 176.921 89.9677
0.0129728 89.9337 -88.2291 176.981 89.992
0.0200398 89.932 -88.2235 177.037 89.9932
0.0173963 89.9327 -88.2217 177.099 89.9961
0.01999 89.9304 -88.2133 177.161 89.9894
0.0188926 89.9274 -88.2078 177.215 89.9817
0.0156843 89.9289 -88.2061 177.022 86.9189
0.0124645 89.9253 -88.1971 195.401 67.6537
0.0101129 89.9242 -88.1879 193.492 71.6568
0.00476862 89.9176 -88.1781 189.381 75.2576
0.00668525 89.9158 -88.1646 187.688 84.4655
0.00731861 89.9131 -88.1523 185.759 86.6283
0.00973112 89.9139 -88.1457 184.575 79.9983
0.0143187 89.9189 -88.1395 181.453 79.8903
0.00938465 89.9155 -88.128 176.195 63.047
0.00541723 89.9123 -88.1217 137.46 18.047
0.00416728 89.9146 -88.1202 93.1245 63.047
0.00733565 89.9164 -88.1159 96.9433 108.047
0.0083479 89.9175 -88.1066 96.863 153.047
0.00848958 89.9172 -88.1011 95.255 108.047
0.013671 89.9208 -88.0963 106.98 63.047
0.0134645 89.9211 -88.0907 141.898 18.047
0.0158947 89.9277 -88.0926 172.054 53.2206
0.0151583 89.9273 -88.0862 169.102 84.1527
0.0109408 89.9266 -88.0801 169.075 84.0727
0.0218793 89.9326 -88.0786 177.757 50.7278
0.0195696 89.9333 -88.0709 192.326 31.2545
0.0240668 89.9363 -88.0665 192.352 30.308
0.0226444 89.9357 -88.06 188.604 34.6755
0.020778 89.9368 -88.0521 184.157 37.7729
0.0199491 89.9365 -88.0464 168.362 78.9406
0.0160873 89.9384 -88.0444 171.423 85.1281
0.0168017 89.936 -88.0345 170.925 86.9444
0.0136032 89.9377 -88.0294 170.116 86.2969
0.0142268 89.9433 -88.029 169.614 85.5105
0.0117256 89.9442 -88.0231 169.182 84.5019
0.0145966 89.9436 -88.0199 168.592 83.1918
0.0148116 89.939 -88.01 167.714 81.4543
0.011785 89.9388 -88.0052 168.035 78.3701
0.0117627 89.9393 -87.9947 165.873 67.0434
0.0123821 89.9392 -87.9863 162.086 74.239
0.00986117 89.9353 -87.9771 163.492 87.4684
0.00725222 89.9297 -87.9612 163.324 90.0921
0.00285673 89.9266 -87.9471 163.61 90.0649
-0.00109059 89.9252 -87.9397 163.895 90.0462
-0.00245531 89.9255 -87.9317 164.2 90.0206
-0.00117521 89.9264 -87.9258 164.479 90.0025
-0.00379087 89.9226 -87.916 164.745 89.9893
-0.00203469 89.9207 -87.9093 165.003 89.9716
-0.00630207 89.9158 -87.9006 165.246 89.9635
-0.00227435 89.9126 -87.8877 165.471 89.9414
0.00583774 89.914 -87.8859 165.693 89.9248
0.0083548 89.9177 -87.8784 165.923 89.9154
0.00642308 89.9204 -87.8722 166.14 89.907
0.00781604 89.9203 -87.866 166.345 89.8951
0.00940004 89.923 -87.8648 166.551 89.8786
0.00960283 89.9205 -87.8583 166.739 89.8689
0.0107462 89.9184 -87.8459 166.935 89.8565
0.0116538 89.9171 -87.8385 167.124 89.8416
0.00866462 89.9148 -87.8315 167.301 89.8302
0.0108227 89.9094 -87.8151 167.472 89.8134
0.0120933 89.91 -87.8052 167.623 89.8023
0.0111331 89.9139 -87.803 167.789 89.7923
0.0185233 89.9168 -87.7962 167.947 89.7708
0.0176027 89.9168 -87.7901 168.105 89.7503
0.0110843 89.9151 -87.7818 168.264 89.7395
0.0115037 89.9131 -87.7758 168.399 89.7328
0.0155275 89.9115 -87.7638 168.527 89.72
0.00983213 89.912 -87.7589 168.664 89.7183
0.00799508 89.9055 -87.7485 168.795 89.7095
0.00871935 89.9081 -87.7422 168.924 89.6902
0.00906211 89.9094 -87.7375 169.046 89.6739
0.00806275 89.9117 -87.7323 169.162 89.6604
0.0136161 89.9132 -87.732 169.291 89.652
0.00984312 89.9097 -87.7233 169.405 89.6443
0.0128384 89.9104 -87.7135 169.517 89.6421
0.0151396 89.9132 -87.7051 169.623 89.6381
0.0141076 89.9131 -87.699 169.733 89.6296
0.0167296 89.9105 -87.6902 169.843 89.6238
0.0162465 89.9089 -87.6855 169.953 89.6159
0.0207367 89.9118 -87.6808 170.053 89.6074
0.0239547 89.9112 -87.6741 170.156 89.5958
0.0242326 89.9066 -87.6641 170.257 89.5786
0.02387 89.9054 -87.6597 170.361 89.5742
0.0233419 89.9049 -87.6581 170.457 89.5696
0.0236039 89.9022 -87.6537 170.554 89.5571
0.0242959 89.9041 -87.6544 170.648 89.5585
0.0239153 89.9 -87.6429 170.738 89.5584
0.021542 89.8962 -87.6337 170.831 89.5604
0.0200174 89.8973 -87.6316 170.917 89.5582
0.0233958 89.8968 -87.6322 171.008 89.5546
0.0219953 89.8989 -87.6303 171.095 89.5535
0.0219765 89.9018 -87.6278 171.18 89.5527
0.0183395 89.8937 -87.6159 171.262 89.554
0.0205643 89.8937 -87.6112 171.342 89.5535
0.0212315 89.8959 -87.6123 171.422 89.5548
0.0224995 89.8946 -87.6085 171.501 89.5533
0.0223123 89.8939 -87.606 171.576 89.5496
0.0161555 89.8911 -87.5958 171.647 89.5523
0.0148682 89.8906 -87.5884 171.723 89.5583
0.0623937 89.9392 -93.6621 171.796 89.5483
-0.941192 85.4971 -90.3815 173.358 94.7654
-4.8876 80.114 -75.1738 175.61 96.7771
-5.01021 80.4261 -77.4299 174.747 96.0382
-8.25701 80.4044 -76.0609 172.158 91.2168
-31.231 54.478 -97.9402 173.436 96.3626
13.769 99.478 -96.8591 172.244 91.9757
19.9289 110.39 -103.753 172.361 88.7494
-2.97596 85.0184 -89.645 172.618 92.1251
-3.53154 85.7213 -85.5784 172.398 90.3485
0.0537273 89.9308 -92.7335 172.465 89.5287
0.0229785 89.8962 -92.7113 172.527 89.5334
0.026446 89.8995 -92.7072 172.592 89.5398
0.027924 89.9027 -92.7037 172.652 89.5375
0.0289329 89.9086 -92.7037 172.713 89.5365
0.0273684 89.9077 -92.7004 172.773 89.5383
0.0260712 89.9055 -92.6952 172.83 89.5405
0.0224117 89.9063 -92.6894 172.89 89.5429
0.020013 89.9083 -92.6861 172.951 89.543
0.0214397 89.9101 -92.6806 173.012 89.543
0.0231969 89.9111 -92.6705 173.069 89.5477
0.0297147 89.9123 -92.6644 173.121 89.5442
0.0259471 89.91 -92.6577 173.168 89.5463
0.0319808 89.912 -92.6538 173.23 89.5471
0.0305368 89.905 -92.6422 173.286 89.5454
0.0321013 89.9038 -92.6436 173.344 89.5444
0.0353092 89.9012 -92.6344 173.393 89.5471
0.0346524 89.9045 -92.6353 173.455 89.5475
0.0313217 89.9025 -92.6295 173.503 89.5474
0.0253515 89.8975 -92.6208 173.559 89.5496
0.0235288 89.8973 -92.6181 173.611 89.5549
0.0228926 89.8964 -92.6121 173.665 89.5546
0.0219848 89.8907 -92.5997 173.711 89.5554
0.0215697 89.888 -92.5975 173.767 89.5548
0.0184629 89.8895 -92.5958 173.822 89.5587
0.0155242 89.8858 -92.5919 173.872 89.5563
0.0144963 89.8822 -92.5853 173.924 89.5566
0.0100459 89.8797 -92.579 173.979 89.5578
0.00536755 89.8722 -92.5676 174.033 89.5559
0.00629284 89.8712 -92.5636 174.08 89.5519
0.00381832 89.8735 -92.5678 174.132 89.5549
0.00224229 89.8685 -92.5583 174.179 89.5548
0.00421888 89.8739 -92.5607 174.223 89.5571
0.00137024 89.8767 -92.5583 174.268 89.5593
0.00109423 89.8766 -92.5529 174.315 89.5584
0.00264437 89.8802 -92.557 174.364 89.5624
-0.00080257 89.8776 -92.5521 174.41 89.5661
-2.05295e-05 89.8828 -92.5549 174.452 89.57
0.00760224 89.8805 -92.5495 174.493 89.5674
0.00595508 89.8808 -92.5446 174.537 89.5706
0.00860211 89.8861 -92.5396 174.58 89.5737
0.00773146 89.8861 -92.5365 174.629 89.5749
0.00642265 89.8855 -92.5378 174.681 89.5807
0.0100878 89.889 -92.536 174.726 89.5805
0.00283762 89.8873 -92.5264 174.767 89.5836
0.00898042 89.8913 -92.5229 175.426 89.5713
0.00775971 89.8946 -92.5216 178.831 89.6679
0.0055576 89.8946 -92.5164 181.498 102.762
0.00157131 89.8943 -92.5094 187.078 108.361
-0.000123771 89.8938 -92.5065 186.599 108.253
0.00141353 89.8938 -92.5034 187.228 106.875
0.00110913 89.9034 -92.5106 175.259 88.519
0.00100989 89.9026 -92.5046 183.143 66.241
0.00371434 89.9006 -92.5009 185.881 59.0878
0.00594199 89.9015 -92.4994 177.972 83.4868
0.00109271 89.8993 -92.4947 183.767 104.845
-0.00130492 89.9011 -92.4935 187.669 104.216
-0.00526985 89.9019 -92.492 179.86 70.7189
-0.00968592 89.9039 -92.4901 192.517 53.6499
-0.00700945 89.9045 -92.4861 200.315 46.9641
-0.00852405 89.9089 -92.4882 206.077 45.5479
-0.00329723 89.9138 -92.4863 208.732 46.8429
0.0138838 89.9176 -92.4828 185.2 74.6036
0.01002 89.917 -92.472 183.267 102.798
0.0124565 89.9208 -92.4697 187.947 111.636
0.0100578 89.9191 -92.4628 190.57 112.862
0.0081514 89.9153 -92.451 188.911 111.181
0.00928157 89.9165 -92.4505 165.318 81.5232
0.0101827 89.9151 -92.4482 189.656 36.5232
0.0128299 89.9197 -92.4462 205.249 33.9499
0.014407 89.9217 -92.4443 206.089 36.4174
0.0106602 89.9182 -92.4384 183.999 60.8169
0.00924363 89.9131 -92.428 176.363 89.4992
0.0104457 89.914 -92.4216 176.674 89.8252
0.00377013 89.9091 -92.4072 176.693 89.8617
0.0101463 89.9087 -92.403 176.785 89.8747
0.00916769 89.9022 -92.3913 176.934 89.8771
0.0124236 89.8979 -92.3845 177.1 89.8725
0.0136004 89.8964 -92.3828 177.188 89.8648
0.0138532 89.8981 -92.3779 177.311 89.8609
0.0146096 89.8973 -92.3725 177.488 89.8491
0.0120931 89.8902 -92.3589 177.645 89.8399
0.00890257 89.8885 -92.357 177.846 89.8322
0.00217317 89.8892 -92.3525 178.091 89.8271
0.00128093 89.8915 -92.3474 178.296 89.8164
-0.00183326 89.8888 -92.338 178.499 89.8094
0.00127468 89.8916 -92.3335 178.694 89.7984
-0.000489152 89.8911 -92.327 178.897 89.7909
0.00307862 89.8868 -92.321 179.085 89.7842
0.00699105 89.8905 -92.3173 179.935 83.5758
0.00642406 89.8879 -92.3109 190.086 57.4126
0.00476732 89.8869 -92.3025 198.065 53.2201
0.00458789 89.8864 -92.2967 201.379 49.2048
0.00442625 89.883 -92.2901 203.226 46.3814
0.00451893 89.8874 -92.2886 204.756 47.8241
0.00516788 89.8866 -92.2812 205.285 46.6942
0.00255731 89.8878 -92.285 200.616 51.9698
0.00521997 89.8854 -92.278 192.967 68.5443
0.011087 89.8832 -92.2726 184.909 78.796
0.0104375 89.8841 -92.2718 186.595 84.8221
0.0124138 89.88 -92.2596 185.374 88.4131
0.0128982 89.8774 -92.2574 185.768 88.8797
0.0107358 89.8749 -92.2518 188.586 77.4593
0.0122099 89.8773 -92.2496 192.06 65.8132
0.0100925 89.8745 -92.2401 195.281 60.5737
0.0114416 89.8722 -92.2376 197.352 59.6812
0.0172607 89.8719 -92.2299 195.374 61.58
0.0136445 89.8743 -92.2285 188.603 76.6252
0.0120051 89.8715 -92.2248 184.042 85.561
0.014055 89.8694 -92.2196 186.272 86.7533
0.0166756 89.8724 -92.2188 189.545 86.1412
0.0182869 89.875 -92.2196 186.79 89.6303
0.0183445 89.8699 -92.2115 186.917 89.7532
0.0183239 89.8685 -92.2112 187.06 89.7938
0.018334 89.8625 -92.1985 187.199 89.8073
0.0166892 89.86 -92.1972 187.324 89.8103
0.0153351 89.8568 -92.1923 187.452 89.8066
0.0153217 89.859 -92.1857 187.571 89.8023
0.0164309 89.8609 -92.1859 187.685 89.7938
0.0145015 89.859 -92.1758 187.796 89.7848
0.0178988 89.8591 -92.1735 187.903 89.7749
0.0170211 89.8588 -92.1701 188.001 89.7691
0.0213582 89.8573 -92.1627 188.104 89.7582
0.0181631 89.8605 -92.1599 188.208 89.7526
0.0185239 89.8594 -92.1557 188.303 89.7445
0.020889 89.857 -92.1445 188.399 89.7364
0.0223591 89.8563 -92.1391 188.485 89.7259
0.0204324 89.8521 -92.139 188.577 89.7208
0.0156026 89.8451 -92.1289 188.657 89.7134
0.0140756 89.8445 -92.1216 188.738 89.7073
0.0150833 89.8434 -92.1217 188.816 89.7022
0.0174273 89.8459 -92.119 188.9 89.6962
0.0182666 89.843 -92.1072 188.976 89.6848
0.0202195 89.8481 -92.1099 189.048 89.6754
0.0229328 89.8496 -92.1054 189.128 89.6691
0.0237463 89.8495 -92.1006 189.204 89.6615
0.022454 89.8489 -92.0876 189.269 89.6606
0.0211718 89.8478 -92.0834 189.339 89.6579
0.0233897 89.8519 -92.0779 189.411 89.6513
0.0189844 89.844 -92.069 189.482 89.6461
0.0208562 89.8403 -92.0629 189.547 89.6346
0.0185461 89.8366 -92.0603 189.616 89.6332
0.0181069 89.8359 -92.055 189.68 89.6273
0.0166532 89.8382 -92.052 189.754 89.6224
0.0137758 89.8414 -92.0515 189.828 89.6214
0.0133384 89.835 -92.0442 189.899 89.6103
0.00932357 89.8215 -92.0253 189.955 89.5923
0.0103171 89.8262 -92.0291 190.016 89.5895
0.013158 89.8272 -92.0276 190.084 89.5844
0.0116127 89.8327 -92.0285 190.153 89.5834
0.00895569 89.8265 -92.0141 190.224 89.579
0.0110985 89.8301 -92.0118 190.296 89.5767
0.0119839 89.8347 -92.0118 190.374 89.5727
0.00723871 89.8364 -92.0039 190.43 89.5708
0.014543 89.8417 -92.0054 190.436 89.5646
0.0147692 89.8403 -92.0023 190.446 89.5642
0.0140951 89.8381 -91.9955 190.45 89.5672
0.0105041 89.8408 -91.9958 190.46 89.5715
0.0124312 89.8377 -91.9925 190.465 89.5678
0.0146477 89.8421 -91.988 190.467 89.5637
0.0145939 89.8464 -91.9863 190.486 89.5628
0.0149416 89.8497 -91.985 190.542 89.5606
0.0120743 89.8496 -91.9825 190.634 89.5615
0.016342 89.8552 -91.9792 190.764 89.555
0.0140271 89.8551 -91.9723 190.902 89.5592
0.0167022 89.8541 -91.9674 191.044 89.5533
0.0177906 89.8576 -91.9656 191.173 89.5514
0.0184732 89.8586 -91.967 191.259 89.5498
0.0214171 89.8636 -91.9667 191.304 89.5484
0.0233696 89.8755 -91.9733 191.324 89.5606
0.0255977 89.8773 -91.9726 191.326 89.5598
0.0248515 89.8768 -91.9704 191.338 89.5597
0.0196822 89.8739 -91.9623 191.365 89.5647
0.0151737 89.8753 -91.9578 191.401 89.5648
0.0129598 89.8689 -91.9474 191.437 89.568
0.0118754 89.8717 -91.9478 191.472 89.5703
0.00998533 89.8698 -91.9392 191.503 89.5678
0.00458835 89.851 -91.9173 191.543 89.5535
0.00557836 89.8484 -91.9108 191.577 89.5497
0.00782923 89.8484 -91.9054 191.614 89.5504
0.0120033 89.8644 -91.9198 188.768 73.5726
0.0122036 89.8673 -91.9181 193.36 49.6321
0.0133273 89.8704 -91.9188 201.965 44.3792
0.00735485 89.8629 -91.9104 186.729 62.5822
0.00570581 89.864 -91.9054 189.496 81.5212
0.002555 89.8654 -91.9024 189.545 87.7155
0.00478836 89.8606 -91.893 183.356 89.6726
0.00799821 89.8652 -91.8938 183.397 89.7539
0.00639846 89.862 -91.886 183.442 89.7738
0.00505948 89.8648 -91.8813 183.482 89.7814
0.00195166 89.867 -91.8811 183.527 89.787
0.000645735 89.8645 -91.877 183.6 89.7822
0.00336429 89.865 -91.8744 183.671 89.7739
0.00300007 89.863 -91.8649 183.727 89.7674
0.00299696 89.861 -91.862 183.792 89.7608
0.00128922 89.8579 -91.8536 183.849 89.7548
-0.00176862 89.8597 -91.8501 186.864 76.3029
-0.00302838 89.862 -91.8493 198.22 52.67
-0.0015234 89.8569 -91.8382 203.66 49.0434
-0.00855317 89.8533 -91.8293 194.234 54.9766
-0.00925166 89.8492 -91.8177 184.157 87.2203
-0.0133069 89.8463 -91.811 183.18 90.5615
-0.0120925 89.8465 -91.8023 183.189 89.753
-0.0155616 89.8477 -91.7982 183.263 89.8081
-0.0180589 89.8451 -91.7902 183.328 89.8207
-0.0239113 89.8427 -91.7798 183.395 89.817
-0.0237818 89.8446 -91.7828 183.474 89.8133
-0.0251174 89.8401 -91.7701 183.541 89.8051
-0.0256314 89.8386 -91.7676 183.606 89.7979
-0.0257751 89.8363 -91.7643 183.67 89.7879
-1.72354 89.8329 -90.4771 182.448 91.4754
-0.344747 89.8351 -90.2631 182.282 90.09
-0.307085 89.8364 -90.2537 182.315 90.0455
-0.270879 89.8437 -90.2523 182.351 90.0018
-0.240678 89.8455 -90.2415 182.37 89.9679
-0.221615 89.8394 -90.2257 182.397 89.9382
-0.19846 89.8459 -90.228 182.427 89.914
-0.183296 89.8476 -90.2228 182.45 89.8881
-0.16996 89.8491 -90.2154 182.48 89.866
-0.159142 89.8447 -90.2013 182.505 89.846
-0.151293 89.8464 -90.1977 182.526 89.8337
-0.140194 89.8464 -90.1973 182.553 89.8143
-0.1316 89.8462 -90.1932 182.584 89.8007
-0.127063 89.8461 -90.1892 182.614 89.7866
-0.119419 89.8475 -90.1817 182.634 89.7765
-0.105201 89.8512 -90.18 182.659 89.7554
-0.0992265 89.8497 -90.1717 182.682 89.7472
-0.0893312 89.8446 -90.1576 182.708 89.7248
-0.0927449 89.8278 -90.1348 182.73 89.6976
-0.0874277 89.8246 -90.1227 182.752 89.6886
-0.0833273 89.8228 -90.1155 182.775 89.6802
-0.0789912 89.8212 -90.1049 182.794 89.6707
-0.0759511 89.8181 -90.0936 182.812 89.6642
-0.0738814 89.8131 -90.0811 182.844 89.6565
-0.0715762 89.8128 -90.077 182.887 89.6536
-0.0694642 89.8099 -90.0695 182.933 89.6506
-0.0611973 89.8088 -90.0615 183.006 89.6428
-0.0568692 89.8087 -90.056 183.094 89.6336
-0.0515797 89.811 -90.0501 183.193 89.6234
-0.0481538 89.8174 -90.054 183.29 89.6198
-0.0500061 89.812 -90.0369 183.382 89.6179
-0.0459925 89.8093 -90.0281 183.442 89.6127
-0.043644 89.8105 -90.0218 183.456 89.6149
-0.0434579 89.8096 -90.0127 183.504 89.6073
-0.0451568 89.8094 -90.0051 183.544 89.6056
-0.0428232 89.8093 -90.0011 183.585 89.6049
-0.0442633 89.8102 -89.9975 183.621 89.6084
-0.0433998 89.8091 -89.9902 183.626 89.6073
-0.0431953 89.808 -89.9781 183.612 89.6082
-0.0400835 89.8071 -89.9705 183.619 89.6065
-0.0406558 89.805 -89.966 183.625 89.6063
-0.0382155 89.8063 -89.9598 183.643 89.6078
-0.0334305 89.8079 -89.959 183.655 89.6056
-0.0359766 89.8137 -89.9595 183.666 89.6094
-0.0360183 89.8143 -89.9505 183.676 89.6106
-0.0353252 89.8135 -89.9443 183.695 89.6077
-0.0321535 89.8133 -89.9345 183.71 89.6077
-0.0332878 89.8143 -89.9281 183.726 89.6074
-0.0307673 89.8206 -89.9269 183.744 89.61
-0.0303535 89.8242 -89.923 183.759 89.6111
-0.0289813 89.8282 -89.9218 183.768 89.6171
-0.0281652 89.8274 -89.9221 183.786 89.6124
-0.0259215 89.8267 -89.9175 183.808 89.6101
-0.02349 89.8337 -89.9163 183.821 89.6137
-0.021678 89.8323 -89.9081 183.84 89.6132
-0.0234757 89.8344 -89.9092 183.862 89.6159
-0.0199182 89.839 -89.9099 183.88 89.6164
-0.0220235 89.8395 -89.9073 183.9 89.6258
-0.01553 89.858 -89.9255 183.918 89.6301
-0.0162344 89.8569 -89.9146 183.933 89.6311
-0.0173304 89.859 -89.9114 183.947 89.6338
-0.0206335 89.8532 -89.9011 183.972 89.6346
-0.0168344 89.856 -89.8992 183.989 89.6376
-0.0147142 89.8561 -89.8911 184.009 89.6345
-0.015805 89.8559 -89.8891 184.035 89.6366
-0.0109335 89.863 -89.8909 184.048 89.6364
-0.00928043 89.865 -89.8876 184.069 89.6362
-0.00818081 89.8664 -89.8808 184.088 89.6366
-0.00752402 89.8678 -89.8783 184.106 89.6365
-0.00688355 89.8673 -89.8739 184.131 89.6351
-0.00801227 89.8676 -89.8667 184.152 89.6342
-0.0116978 89.8652 -89.8561 184.166 89.6356
-0.0135029 89.8627 -89.8469 184.188 89.6347
-0.0118186 89.8588 -89.8327 184.206 89.6322
-0.012601 89.8587 -89.8244 184.222 89.6302
-0.00986381 89.8566 -89.8147 184.242 89.6261
-0.0137593 89.8514 -89.8093 184.263 89.6272
-0.0171597 89.8493 -89.8033 184.287 89.6321
-0.016692 89.8491 -89.7993 184.31 89.6305
-0.0179357 89.8454 -89.7916 184.332 89.6279
-0.0179551 89.8454 -89.787 184.353 89.6258
-0.0192842 89.8426 -89.7752 184.377 89.6267
-0.013782 89.841 -89.7668 184.399 89.6227
-0.0147341 89.8392 -89.7639 184.42 89.6232
-0.0125754 89.8407 -89.7637 184.439 89.624
-0.0189474 89.8351 -89.7506 184.461 89.6297
-0.0141587 89.8404 -89.7483 184.487 89.6307
-0.0160608 89.8383 -89.7459 184.534 89.6323
-0.0195224 89.8317 -89.7355 184.575 89.6321
-0.0182039 89.8308 -89.7299 184.622 89.6312
-0.0247414 89.8266 -89.7196 184.655 89.6334
-0.023615 89.8294 -89.7143 184.709 89.6336
-0.0255011 89.8292 -89.7088 184.79 89.638
-0.0225456 89.8322 -89.6978 184.871 89.6328
-0.0221891 89.8325 -89.6927 184.94 89.6315
-0.0191581 89.8304 -89.6838 185.016 89.6317
-0.0143916 89.8327 -89.6785 185.09 89.6328
-0.0125041 89.8288 -89.6772 185.175 89.6305
-0.0133312 89.83 -89.6731 185.253 89.6362
-0.00996692 89.8316 -89.6707 185.332 89.6337
-0.00793466 89.8262 -89.6651 185.408 89.6349
-0.00755074 89.8237 -89.6543 185.481 89.6406
-0.0107325 89.8213 -89.6451 185.553 89.6434
-0.0123398 89.8203 -89.6366 185.625 89.6455
-0.0158094 89.8195 -89.6305 185.7 89.6511
-0.0155495 89.8248 -89.6284 185.774 89.6529
-0.0121576 89.8278 -89.6303 185.848 89.6547
-0.0136199 89.8272 -89.6222 185.921 89.6543
-0.0135915 89.8259 -89.6163 185.989 89.6563
-0.0123597 89.8272 -89.6129 186.06 89.6507
-0.0148657 89.8235 -89.6074 186.134 89.6524
-0.0125234 89.8232 -89.6011 186.201 89.6494
-0.0121174 89.8256 -89.5924 186.269 89.6519
-0.00895629 89.8266 -89.5893 185.51 89.1545
-0.0131513 89.8248 -89.5895 188.36 73.3426
-0.00910479 89.8303 -89.5874 193.531 52.9031
-0.0124873 89.8279 -89.5768 199.291 50.1725
-0.00409629 89.8317 -89.5701 199.991 49.1934
-0.00884852 89.8268 -89.5613 193.957 71.6648
-0.00812379 89.8294 -89.5592 195.602 81.6573
-0.00707505 89.8296 -89.5517 190.206 81.5941
-0.0087378 89.8285 -89.5411 190.537 82.3778
-0.00867727 89.8215 -89.5294 191.079 68.1057
-0.00420583 89.8261 -89.5343 194.477 47.5194
-0.00103834 89.8247 -89.5281 197.941 42.8462
-0.00414204 89.8214 -89.5195 197.865 43.5831
-0.000592708 89.8233 -89.5159 195.76 68.0604
-0.00095197 89.8191 -89.5063 197.721 76.9339
-0.00139985 89.8126 -89.4958 197.429 77.2169
-0.00247273 89.8093 -89.4878 195.736 70.5614
-0.00449017 89.8071 -89.4831 197.21 89.5378
-0.00629232 89.8087 -89.48 196.652 89.6397
-0.00568986 89.8087 -89.4783 196.765 89.6745
-0.00300009 89.8122 -89.4779 196.876 89.6911
-0.00588596 89.81 -89.471 196.999 89.6941
-0.00322852 89.8098 -89.4632 197.118 89.6967
-0.00207421 89.8066 -89.4516 197.236 89.6901
-0.00185829 89.81 -89.4517 197.35 89.6857
-0.00516126 89.8086 -89.4429 197.412 89.68
-0.00554739 89.8064 -89.4338 197.448 89.6771
-0.0125099 89.8052 -89.4301 197.487 89.6768
-0.0130472 89.8081 -89.4255 187.367 88.7221
-0.0165811 89.8069 -89.4153 187.751 54.176
-0.0180428 89.8095 -89.414 206.403 39.7938
-0.0208997 89.8071 -89.4091 207.729 42.5799
-0.0194781 89.8089 -89.4055 198.497 56.6661
-0.0197994 89.8091 -89.4024 188.294 78.8891
-0.0188937 89.8109 -89.3975 187.853 89.301
-0.0181777 89.8096 -89.3914 189.189 91.3809
-0.0194458 89.8057 -89.3844 193.356 90.7382
-0.0214202 89.8097 -89.3795 195.597 74.5914
-0.017666 89.8119 -89.3711 205.381 59.5547
-0.0147524 89.8177 -89.3709 208.029 52.8239
-0.0142767 89.8196 -89.3637 207.466 51.8719
-0.00882971 89.8217 -89.3575 201.761 64.1351
-0.00741874 89.8251 -89.3563 193.539 80.7512
-0.00719676 89.8177 -89.3449 190.834 87.9829
-0.00302278 89.8232 -89.3436 192.985 86.6984
-0.00126814 89.8231 -89.3388 190.711 69.9876
-0.00199393 89.8244 -89.3356 198.09 53.355
0.00233278 89.8255 -89.3326 200.397 47.8625
-0.00247056 89.8265 -89.3305 205.893 46.0459
-0.00375866 89.8261 -89.3197 200.286 59.9007
-0.00650433 89.8269 -89.313 191.37 75.0299
-0.00711742 89.8235 -89.3057 193.257 84.333
-0.00634293 89.8315 -89.3026 190.932 88.5677
-0.00554372 89.8355 -89.2955 191.134 66.9403
-0.00695454 89.8361 -89.2863 204.093 48.9608
-0.0101832 89.8344 -89.2813 207.58 48.5613
-0.00743812 89.8344 -89.2708 200.072 69.3774
-0.00396525 89.8359 -89.2684 191.088 84.2291
-0.00369046 89.8333 -89.2554 194.92 72.1533
0.000821281 89.8386 -89.2581 198.336 52.2668
-0.00113509 89.8352 -89.2493 189.791 82.7794
-0.000417394 89.8318 -89.237 191.388 90.5842
-0.00137088 89.8328 -89.2319 192.787 89.7842
-0.00170496 89.8312 -89.227 192.876 89.8182
-0.00523004 89.8299 -89.2204 192.961 89.8322
-0.00642696 89.8282 -89.2083 193.034 89.8286
-0.00849633 89.8257 -89.2048 193.118 89.8267
-0.00797158 89.8209 -89.1931 193.193 89.8194
-0.00833463 89.8188 -89.1835 193.264 89.8155
-0.00933438 89.8202 -89.1809 193.341 89.8106
-0.0110988 89.817 -89.1687 193.398 89.8088
-0.0115551 89.8129 -89.1586 193.465 89.8032
-0.0162072 89.8088 -89.1513 193.526 89.797
-0.0205742 89.8049 -89.1421 193.583 89.7959
-0.0229975 89.8051 -89.1304 193.646 89.7874
-0.0258726 89.8003 -89.1195 193.705 89.7802
-0.0239553 89.797 -89.1087 193.763 89.7728
-0.0224375 89.8008 -89.1051 193.81 89.7679
-0.021028 89.8013 -89.1024 193.859 89.7671
-0.0208308 89.7988 -89.0917 193.907 89.7636
-0.0230816 89.7978 -89.081 193.956 89.7649
-0.0181014 89.8011 -89.0789 194.011 89.759
-0.0149696 89.7972 -89.0653 194.06 89.7534
-0.0126515 89.8012 -89.0616 194.099 89.75
-0.0101731 89.7988 -89.0538 194.143 89.7442
-0.00881664 89.8014 -89.0516 194.188 89.737
-0.00629263 89.7981 -89.0444 194.237 89.7271
-0.00307123 89.8033 -89.0428 194.284 89.7198
9.26504e-05 89.8052 -89.0386 194.335 89.7111
-0.00382009 89.796 -89.0203 194.38 89.6985
-0.00777441 89.7959 -89.0111 194.42 89.6978
-0.0078438 89.7958 -89.0027 194.461 89.6954
-0.00435464 89.8017 -89.0032 194.492 89.6891
-0.0107723 89.7965 -88.9955 194.532 89.6912
-0.0140896 89.791 -88.989 194.571 89.6859
