4
0.0165674 90 -90.0407 180.029 89.9815
0.00878684 90.0059 90.0101 0.00292922 -89.928
0.0207876 90.0008 -90.0657 180.053 89.9908
0.0129368 90.0061 90.0196 0.00517581 -89.8989
0.0348937 89.9905 -90.0871 180.082 89.9838
0.010564 90.0057 90.0213 0.00571337 -89.8646
0.0217964 89.9977 -90.1146 180.086 89.9855
0.0279053 90.0055 90.0286 0.0133277 -89.8609
-0.00451557 89.9835 -90.1085 180.085 89.9951
0.0362521 90.0018 90.0291 0.0242239 -89.8425
0.00754897 89.9987 -90.1294 180.079 89.9934
0.0362093 90.0071 90.0173 0.0144898 -89.8132
-0.0219146 89.9937 -90.1152 180.057 90.015
0.0317923 90.0097 90.0067 0.0172912 -89.7536
-0.0459888 89.983 -90.1013 180.053 90.0255
0.0139925 89.9994 90.0068 0.0241183 -89.7157
-0.0539707 89.9906 -90.1091 180.045 90.0265
0.0215067 90.0156 89.9939 0.0130112 -89.6963
-0.0823727 89.9733 -90.0959 180.058 90.0394
0.0220415 90.0094 89.9986 0.00985331 -89.6666
-0.0801769 89.9683 -90.0731 180.061 90.0404
0.0278449 90.0276 89.9837 0.00524236 -89.6247
-0.0697902 89.9754 -90.067 180.057 90.0469
0.0312041 90.0243 89.9862 0.00434398 -89.6048
-0.0721686 89.981 -90.0681 180.059 90.0364
0.0298335 90.0302 89.9864 -0.000265432 -89.5848
-0.028569 89.9835 -90.0731 180.057 90.0078
0.0279056 90.0506 89.9631 0.000253663 -89.5274
-0.0268639 89.9722 -90.0642 180.058 90.0153
0.0279948 90.0498 89.9478 0.00586596 -89.505
-0.0441042 89.9447 -90.0212 180.042 90.0185
0.0159657 90.0572 89.9421 0.0128105 -89.4642
-0.0622549 89.9235 -89.9608 180.028 90.0453
0.0237634 90.0644 89.9298 0.00927903 -89.4494
-0.0690905 89.9037 -89.9202 180.012 90.0644
0.0183832 90.0699 89.9239 0.00385326 -89.4307
-0.0764784 89.8716 -89.8203 179.941 90.0666
0.0171779 90.0629 89.9267 0.00164872 -89.4134
-0.0430077 89.8572 -89.7096 179.848 90.0387
0.00253715 90.073 89.9188 0.00230188 -89.387
-0.0366523 89.85 -89.6445 179.8 90.0198
0.0109337 90.0849 89.9055 0.000719093 -89.3689
-0.0213716 89.874 -89.6158 179.718 90.0309
-0.000125989 90.0849 89.8996 0.00807112 -89.3556
-0.0308807 89.8356 -89.5597 179.686 90.0268
0.00308148 90.0716 89.9389 -0.000460018 -89.3541
-0.0703945 89.8335 -89.6336 179.763 90.0608
0.0121911 90.0775 89.9272 -0.00687918 -89.3608
-0.108374 89.8301 -89.6752 179.825 90.1145
0.0109573 90.0803 89.9213 -0.00822151 -89.3689
-0.126407 89.8477 -89.7593 179.876 90.1295
0.014016 90.085 89.9221 -0.011178 -89.3725
-0.136617 89.8507 -89.8148 179.912 90.1303
-0.000938019 90.0879 89.9116 -0.0223377 -89.4255
-0.14461 89.8367 -89.8327 179.925 90.1281
-0.00557667 90.0974 89.8968 -0.0394854 -89.4768
-0.17639 89.8329 -89.851 179.952 90.1412
0.000707385 90.0934 89.9089 -0.0512119 -89.5255
-0.200151 89.8218 -89.8486 179.969 90.1365
-0.000230825 90.0945 89.8958 -0.0544877 -89.5686
-0.210807 89.81 -89.8416 179.977 90.1622
-0.0086392 90.0847 89.9191 -0.0655147 -89.6061
-0.17889 89.7845 -89.6949 179.871 90.1125
-0.0136258 90.0761 89.9253 -0.0664374 -89.6685
-0.171894 89.7558 -89.6124 179.794 90.0891
-0.0117057 90.0994 89.9057 -0.0569643 -89.6995
-0.177048 89.7536 -89.5689 179.749 90.0942
-0.0141899 90.0986 89.9003 -0.0611782 -89.7282
-0.17673 89.7384 -89.5275 179.731 90.0838
-0.0195714 90.0961 89.9078 -0.0653938 -89.7532
-0.167577 89.7363 -89.5209 179.732 90.0743
-0.0122321 90.1156 89.8911 -0.0605353 -89.7796
-0.181813 89.7262 -89.5097 179.729 90.0779
-0.0187307 90.1254 89.8908 -0.051538 -89.8116
-0.171105 89.7338 -89.517 179.717 90.0731
-0.00433911 90.1372 89.8709 -0.0480575 -89.8607
-0.177885 89.7282 -89.5215 179.716 90.0607
-0.0083622 90.1398 89.8748 -0.0581053 -89.8922
-0.176744 89.7194 -89.5668 179.755 90.0545
-0.000251071 90.1452 89.8662 -0.0602033 -89.9355
-0.208309 89.7215 -89.6733 179.859 90.0965
-0.00310421 90.1582 89.849 -0.0523634 -89.933
-0.212364 89.7235 -89.735 179.913 90.1056
-0.00698307 90.1608 89.8459 -0.0523073 -89.9656
-0.229663 89.7082 -89.7621 179.96 90.1181
-0.00958972 90.1554 89.8536 -0.0545773 -89.9793
-0.252566 89.7093 -89.8037 179.995 90.1564
-0.0105639 90.1522 89.8539 -0.0507102 -89.9884
-0.266876 89.7168 -89.8208 180.002 90.1612
-0.0124371 90.1572 89.8453 -0.0442617 -90.0092
-0.253382 89.7182 -89.8247 180.008 90.1661
-0.0133874 90.1708 89.8385 -0.0501857 -90.0455
-0.250294 89.7053 -89.8209 180.022 90.1602
-0.00437894 90.1746 89.8298 -0.0558359 -90.0723
-0.225958 89.724 -89.8589 180.039 90.144
-0.00070113 90.1721 89.827 -0.0608373 -90.0931
-0.211875 89.7215 -89.8559 180.038 90.1205
0.00905148 90.175 89.8302 -0.0647144 -90.1335
-0.204753 89.7167 -89.8606 180.03 90.1093
0.0220072 90.1751 89.8198 -0.0533072 -90.173
-0.199195 89.7003 -89.8332 180.007 90.0908
0.0248073 90.1708 89.8278 -0.0530373 -90.2002
-0.20275 89.6819 -89.8224 180.004 90.0807
0.0253003 90.1728 89.8197 -0.0496393 -90.2149
-0.192535 89.665 -89.8065 180.009 90.0762
0.0262782 90.1735 89.8246 -0.0413715 -90.2268
-0.161385 89.648 -89.795 180.004 90.0461
0.03823 90.1805 89.8274 -0.0345313 -90.2499
-0.13957 89.6578 -89.7858 179.979 90.0498
0.0499292 90.1773 89.8315 -0.0412035 -90.2625
-0.132379 89.6484 -89.76 179.975 90.0581
0.0484172 90.1746 89.8388 -0.0413127 -90.2694
-0.132946 89.6402 -89.7457 179.979 90.0472
0.0367082 90.1707 89.8467 -0.0353249 -90.2698
-0.139743 89.6539 -89.7739 179.994 90.0721
0.0254352 90.1816 89.8276 -0.0337569 -90.2521
-0.152146 89.6585 -89.7735 179.986 90.0925
0.0362921 90.1889 89.8201 -0.0364887 -90.2583
-0.150371 89.654 -89.7428 179.977 90.0757
0.0339178 90.1965 89.8033 -0.0349844 -90.273
-0.122283 89.685 -89.7882 179.996 90.0854
0.041075 90.2008 89.8075 -0.0462355 -90.2985
-0.100129 89.6926 -89.8001 180.006 90.0665
0.0392802 90.2062 89.8023 -0.0441033 -90.312
-0.0959973 89.6771 -89.7805 180 90.0578
0.0297691 90.2131 89.8084 -0.0503841 -90.3092
-0.0778529 89.6693 -89.7805 179.996 90.0434
0.0434195 90.2043 89.8219 -0.0467216 -90.3384
-0.071631 89.6897 -89.794 180 90.0285
0.025846 90.2097 89.8148 -0.0433973 -90.3495
-0.0664151 89.702 -89.7997 179.99 90.0298
0.0131645 90.2101 89.8111 -0.0255088 -90.3483
-0.0825305 89.7062 -89.8019 179.992 90.0489
0.0131068 90.2212 89.8022 -0.0290873 -90.3416
-0.11228 89.718 -89.7946 179.998 90.0605
0.0208002 90.2299 89.7986 -0.033391 -90.3663
-0.141142 89.7047 -89.7914 179.997 90.0866
0.0226484 90.2529 89.7643 -0.0268788 -90.3882
-0.145114 89.7138 -89.807 179.989 90.0855
0.00242906 90.2568 89.7525 -0.0305126 -90.3683
-0.126241 89.7097 -89.7127 179.903 90.0712
-0.00877263 90.2666 89.7506 -0.0235189 -90.3712
-0.108929 89.694 -89.6489 179.864 90.0523
-0.0109229 90.2627 89.7473 -0.0229913 -90.387
-0.0930716 89.7132 -89.6349 179.814 90.0339
-0.0134258 90.2698 89.7336 -0.0263816 -90.3887
-0.0844555 89.7116 -89.6114 179.786 90.0228
0.000157403 90.2898 89.7148 -0.0324481 -90.3876
-0.0871351 89.6999 -89.5809 179.758 89.9853
-0.00671822 90.2737 89.7368 -0.0304947 -90.3798
-0.080976 89.7121 -89.5621 179.722 89.9877
-0.0177669 90.2702 89.7356 -0.0393481 -90.389
-0.0875416 89.7007 -89.5515 179.705 89.9919
-0.0261733 90.2837 89.7275 -0.0375462 -90.3813
-0.0844133 89.7263 -89.5754 179.701 89.994
-0.0242688 90.2913 89.7221 -0.0317231 -90.3664
-0.0706938 89.7349 -89.5563 179.686 89.9786
-0.0100583 90.3016 89.7026 -0.0265115 -90.363
-0.0702167 89.7485 -89.5315 179.676 89.9959
