4
-0.260664 90.81 -90.8219 182.134 89.483
-0.289954 90.8744 -90.8843 182.317 89.5427
-0.31566 90.9535 -90.962 182.289 89.556
-0.342046 91.032 -91.0379 183.139 89.0325
-0.373156 91.1154 -91.1287 180.825 84.3816
-0.39878 91.1821 -91.2032 175.225 79.5559
0.0386335 89.6475 -89.6463 170.465 75.0532
0.21722 89.5693 -89.5624 171.826 74.8979
0.190045 89.7462 -89.7384 174.517 80.4614
0.16132 89.8048 -89.7948 171.517 62.3426
0.13108 89.8448 -89.8326 176.895 66.2458
3.81732 89.8699 -89.5767 201.898 21.2458
29.0325 89.9129 -77.9353 215.05 -23.7542
28.7695 89.9612 -61.5994 170.05 -68.7542
17.2802 90.0025 -52.2029 141.298 -113.754
18.4754 90.0479 -51.4744 116.816 -158.754
30.0221 90.0942 -56.665 87.0088 -113.754
63.2207 90.139 -79.5845 132.009 -68.7542
64.8182 90.1798 -34.5845 87.0088 -23.7542
19.8182 90.2157 -52.9209 86.9896 21.2458
-16.2287 90.2515 -97.9209 131.99 66.2458
-61.2287 90.2906 -142.921 165.178 111.246
-106.229 90.3253 -139.228 165.919 156.246
-147.53 90.3596 -159.544 190.208 201.246
-102.53 90.3934 -158.103 199.883 207
-70.9836 90.4171 -141.825 212.364 166.695
-69.6751 90.4033 -96.8247 176.149 163.501
-36.9862 90.4631 -95.5234 188.951 118.501
-21.7148 90.499 -93.7379 156.856 73.5005
-59.8211 90.7027 -108.778 191.821 80.0851
-64.9501 90.7675 -96.9913 180.206 125.085
-56.5475 90.8835 -89.8042 172.431 126.289
-55.0898 67.3716 -71.8026 177.922 124.717
-57.7231 50.6392 -54.9445 177.788 127.326
-57.757 50.6125 -55.002 177.851 127.337
-57.7943 50.6124 -55.0504 177.895 127.355
-57.8306 50.5908 -55.0357 177.904 127.366
-57.8585 50.5905 -55.0512 177.918 127.382
-57.8937 50.5867 -55.0461 177.923 127.393
-59.2436 49.2382 -47.4915 174.742 126.934
-81.6213 25.683 -45.6736 159.008 126.368
-80.6428 30.6671 -61.0835 170.022 134.656
-63.2067 44.6075 -64.0075 191.788 126.538
-69.3956 40.2646 -59.0087 177.009 129.778
-68.7204 39.8976 -41.2987 175.769 127.199
-70.7303 37.9645 -43.3812 178.319 127.565
-71.2063 37.5215 -42.9459 178.306 127.581
-71.2421 37.5108 -42.8938 178.283 127.589
-71.28 37.5011 -42.8703 178.272 127.599
-71.3093 37.4916 -42.8417 178.257 127.609
-75.0465 34.4277 -52.565 169.539 129.361
-78.6035 30.6467 -50.986 165.851 129.401
-78.0849 31.1932 -50.95 166.473 129.35
-71.341 37.6258 -44.2887 177.249 127.745
-71.6339 37.2858 -42.8671 178.524 127.68
-71.6745 37.2683 -42.7787 178.501 127.687
-71.5628 37.4093 -42.8912 178.506 127.7
-71.599 37.3962 -42.8468 178.496 127.707
-71.635 37.3869 -42.8243 178.489 127.72
-71.6697 37.3762 -42.8019 178.485 127.727
-71.7102 37.3637 -42.773 178.481 127.74
-71.7437 37.3582 -42.7638 178.481 127.75
-71.7829 37.3459 -42.7463 178.478 127.765
-71.8205 37.3414 -42.7417 178.484 127.781
-71.8613 37.3295 -42.726 178.482 127.795
-71.8987 37.3176 -42.7088 178.474 127.809
-71.9344 37.306 -42.6955 178.474 127.82
-71.9708 37.2887 -42.6706 178.47 127.833
-72.0117 37.2933 -42.6708 178.472 127.85
-72.0492 37.2828 -42.6602 178.47 127.862
-72.0858 37.2747 -42.6533 178.477 127.873
-72.1187 37.2681 -42.6457 178.479 127.885
-72.1632 37.2584 -42.6368 178.479 127.909
-72.201 37.2492 -42.6265 178.475 127.923
-72.237 37.245 -42.6168 178.473 127.938
-72.2761 37.23 -42.5979 178.471 127.952
-72.208 37.328 -42.6311 178.454 127.965
-75.1817 34.0981 -43.7188 167.629 127.25
-77.3059 30.5748 -42.5418 159.84 124.852
-77.2883 30.7278 -43.0078 160.165 125.119
-74.22 35.4787 -42.8269 172.891 127.891
-73.8929 35.7695 -41.1125 178.318 128.035
-73.9369 35.75 -41.0282 178.311 128.046
-73.9773 35.7359 -40.9586 178.31 128.06
-74.0704 35.6679 -40.892 178.308 128.075
-74.1351 35.6281 -40.8321 178.305 128.08
-74.187 35.6013 -40.781 178.293 128.089
-74.1948 35.6183 -40.7452 178.284 128.097
-74.2272 35.6149 -40.7252 178.277 128.11
-74.2582 35.6117 -40.7137 178.274 128.122
-74.4629 35.4228 -40.169 178.222 128.112
-74.6181 35.2693 -38.4032 177.702 128.014
-74.6637 35.255 -39.4486 178.079 128.099
-73.7609 36.1961 -40.462 178.077 128.116
-73.2204 36.7556 -40.431 177.862 128.089
-72.2267 37.7991 -42.8698 178.558 128.188
-72.281 37.7583 -42.8511 178.532 128.201
-72.3208 37.7613 -42.8838 178.524 128.215
-72.3497 37.7542 -42.9117 178.539 128.227
-72.4007 37.731 -42.9555 178.573 128.239
-72.4393 37.7171 -42.9862 178.591 128.256
-72.5364 37.6509 -42.9708 178.603 128.273
-72.5708 37.6422 -42.9654 178.602 128.288
-72.6152 37.6294 -42.9894 178.622 128.308
-72.7924 37.4822 -43.0066 178.702 128.333
-72.8223 37.4735 -42.8623 178.602 128.337
-72.7917 37.5288 -42.8202 178.537 128.342
-72.7782 37.5692 -42.8531 178.535 128.352
-72.818 37.5584 -42.8253 178.525 128.362
-72.8909 37.506 -42.2876 178.27 128.338
-72.9675 37.4301 -40.8208 177.927 128.261
-72.836 37.5747 -40.1876 177.964 128.24
-72.8096 37.6649 -42.5284 178.39 128.39
-70.8799 39.6533 -46.3258 179.29 128.534
-72.0205 38.5564 -45.8039 179.526 128.588
-72.4059 38.2 -45.4977 179.478 128.606
-72.8115 37.7993 -43.9933 178.985 128.534
-72.8202 37.8081 -43.3818 178.655 128.496
-72.8503 37.8065 -43.5249 178.757 128.518
-72.891 37.7845 -43.48 178.764 128.522
-73.4928 37.1856 -40.9338 177.785 128.398
-76.3718 36.8443 -64.3901 170.199 134.37
-92.0216 53.2345 -109.39 183.106 179.37
-53.3979 32.293 -64.3901 143.455 134.37
-97.5051 15.4882 -43.4284 167.064 134.375
-142.505 14.6151 -85.4382 181.688 179.375
-183.831 59.6151 -130.438 189.811 224.375
-183.527 96.2546 -171.942 189.818 269.375
-183.52 96.2121 -171.897 189.823 284.091
-183.513 96.1616 -171.847 189.834 284.078
-183.543 96.1225 -171.811 189.852 284.118
-183.57 96.1633 -171.854 189.865 284.151
-183.575 96.1072 -171.785 189.846 284.139
-183.685 95.709 -171.411 189.898 284.096
-183.718 95.8367 -171.539 189.911 284.131
-183.729 95.8572 -171.553 189.916 284.165
-183.722 95.861 -171.556 189.926 284.178
-183.733 95.8956 -171.59 189.94 284.207
-183.753 95.9107 -171.607 189.958 284.23
-183.774 95.9229 -171.617 189.969 284.256
-183.799 95.9164 -171.615 189.987 284.282
-183.822 95.9316 -171.629 189.998 284.301
-183.862 95.9054 -171.604 190.011 284.339
-183.907 95.9553 -171.654 190.02 284.403
-183.936 95.9574 -171.658 190.036 284.438
-183.952 95.998 -171.699 190.049 284.453
-183.974 95.9876 -171.689 190.064 284.477
-183.965 95.9725 -171.671 190.068 284.464
-183.976 95.9824 -171.676 190.073 284.484
-183.977 95.9778 -171.666 190.078 284.482
-183.974 96.008 -171.697 190.092 284.439
-184.058 96.0291 -171.719 190.103 284.509
-184.095 96.0002 -171.685 190.11 284.532
-184.086 96.0116 -171.695 190.118 284.529
-184.089 96.0152 -171.699 190.125 284.525
-184.062 96.0375 -171.72 190.136 284.501
-184.073 96.062 -171.739 190.144 284.516
-184.093 96.0481 -171.721 190.151 284.541
-184.1 96.0741 -171.745 190.159 284.544
-184.093 96.0627 -171.736 190.174 284.539
-184.093 96.0048 -171.675 190.183 284.543
-184.098 96.0212 -171.693 190.197 284.55
-184.106 96.0093 -171.682 190.211 284.564
-184.103 95.9511 -171.629 190.231 284.556
-184.13 95.9283 -171.607 190.246 284.559
-184.162 95.9228 -171.599 190.257 284.584
-184.151 95.9082 -171.585 190.27 284.566
-184.162 95.8663 -171.54 190.277 284.565
-184.161 95.8498 -171.523 190.292 284.551
-184.174 95.7864 -171.456 190.301 284.573
-184.179 95.7812 -171.454 190.319 284.572
-184.166 95.7562 -171.433 190.342 284.562
-184.181 95.7592 -171.436 190.35 284.582
-184.175 95.7548 -171.428 190.357 284.58
-184.204 95.7511 -171.427 190.376 284.608
-184.208 95.7423 -171.418 190.386 284.615
-184.206 95.7184 -171.395 190.399 284.604
-184.204 95.7145 -171.394 190.417 284.609
-184.209 95.7487 -171.425 190.424 284.61
-184.207 95.708 -171.39 190.448 284.603
-184.206 95.7189 -171.406 190.465 284.601
-184.214 95.701 -171.389 190.477 284.604
-184.21 95.6863 -171.373 190.485 284.602
-184.212 95.7 -171.387 190.498 284.622
-184.206 95.6736 -171.357 190.508 284.606
-184.205 95.6771 -171.357 190.511 284.602
-184.195 95.6774 -171.356 190.519 284.598
-184.196 95.6684 -171.347 190.533 284.604
-184.191 95.6666 -171.343 190.543 284.602
-184.213 95.6634 -171.339 190.55 284.619
-184.19 95.6341 -171.304 190.558 284.597
-184.187 95.5858 -171.259 190.574 284.581
-184.206 95.5742 -171.25 190.589 284.601
-184.224 95.5382 -171.211 190.595 284.601
-184.245 95.4997 -171.177 190.614 284.617
-184.246 95.5062 -171.184 190.629 284.615
-184.299 95.4187 -171.096 190.644 284.638
-184.29 95.3973 -171.073 190.657 284.596
-184.306 95.3602 -171.038 190.674 284.604
-184.307 95.3699 -171.046 190.682 284.611
-184.301 95.3925 -171.067 190.696 284.616
-184.271 95.3729 -171.044 190.704 284.588
-184.256 95.3837 -171.059 190.723 284.579
-184.249 95.3348 -171.011 190.738 284.563
-184.266 95.352 -171.028 190.746 284.581
-184.291 95.3943 -171.073 190.767 284.603
-184.314 95.3661 -171.042 190.775 284.625
-184.328 95.342 -171.017 190.79 284.636
-184.344 95.3273 -171.007 190.81 284.648
-184.34 95.3099 -170.992 190.826 284.645
-184.353 95.3034 -170.984 190.842 284.628
-184.334 95.2809 -170.965 190.86 284.605
-184.34 95.2925 -170.974 190.874 284.608
-184.339 95.2951 -170.984 190.899 284.621
-184.324 95.2471 -170.936 190.913 284.619
-184.31 95.2275 -170.923 190.934 284.601
-184.312 95.2266 -170.923 190.946 284.612
-184.286 95.1667 -170.863 190.954 284.578
-184.284 95.1973 -170.893 190.966 284.589
-184.271 95.1858 -170.879 190.974 284.58
-184.266 95.1696 -170.866 190.99 284.573
-184.281 95.1557 -170.852 191 284.582
-184.35 95.1283 -170.824 191.016 284.645
-184.337 95.0903 -170.786 191.021 284.623
-184.32 95.108 -170.804 191.031 284.612
-184.312 95.0945 -170.79 191.041 284.615
-184.282 95.0738 -170.767 191.053 284.587
-184.281 95.059 -170.752 191.067 284.583
-184.276 95.0312 -170.724 191.075 284.584
-184.272 95.0129 -170.706 191.09 284.573
-184.272 95.0135 -170.706 191.103 284.573
-184.262 95.0227 -170.716 191.114 284.572
-184.241 95.0131 -170.706 191.128 284.554
-184.265 95.0254 -170.715 191.133 284.584
-184.282 95.0217 -170.712 191.144 284.611
-184.271 95.0136 -170.703 191.153 284.598
-184.263 94.9882 -170.684 191.173 284.583
-184.284 95.0005 -170.7 191.192 284.604
-184.31 94.9423 -170.641 191.199 284.624
-184.325 94.9266 -170.626 191.215 284.624
-184.331 94.9224 -170.625 191.234 284.62
-184.352 94.9118 -170.617 191.253 284.632
-184.352 94.8946 -170.597 191.261 284.622
-184.351 94.884 -170.586 191.271 284.625
-184.337 94.8801 -170.582 191.283 284.61
-184.359 94.8515 -170.551 191.292 284.622
-184.35 94.8707 -170.566 191.293 284.619
-184.401 94.8595 -170.556 191.304 284.661
-184.411 94.8608 -170.561 191.317 284.668
-184.4 94.8703 -170.568 191.322 284.669
-184.423 94.8772 -170.574 191.333 284.695
-184.386 94.853 -170.551 191.343 284.65
-184.432 94.8491 -170.543 191.349 284.695
-184.398 94.8226 -170.521 191.369 284.641
-184.415 94.812 -170.511 191.383 284.653
-184.439 94.8032 -170.501 191.39 284.674
-184.413 94.7755 -170.473 191.4 284.649
-184.407 94.7866 -170.484 191.41 284.649
-184.393 94.7593 -170.46 191.425 284.628
-184.376 94.748 -170.446 191.43 284.611
-184.37 94.7435 -170.445 191.444 284.613
-184.359 94.7376 -170.443 191.462 284.604
-184.35 94.7388 -170.444 191.469 284.602
-184.36 94.7431 -170.445 191.473 284.604
-184.344 94.7217 -170.427 191.479 284.588
-184.341 94.7018 -170.411 191.495 284.583
-184.336 94.689 -170.402 191.51 284.58
-184.306 94.6469 -170.364 191.527 284.54
-184.291 94.6428 -170.353 191.53 284.523
-184.315 94.6517 -170.357 191.541 284.556
-184.295 94.6543 -170.357 191.552 284.535
-184.281 94.6494 -170.352 191.56 284.524
-184.27 94.655 -170.361 191.577 284.512
-184.27 94.6654 -170.372 191.587 284.524
-184.259 94.666 -170.374 191.599 284.508
-184.256 94.6523 -170.355 191.606 284.501
-184.24 94.6426 -170.341 191.609 284.475
-184.249 94.6214 -170.322 191.624 284.495
-184.251 94.6402 -170.337 191.629 284.498
-184.236 94.6242 -170.322 191.639 284.48
-184.225 94.6098 -170.309 191.653 284.457
-184.219 94.6015 -170.296 191.654 284.455
-184.218 94.6147 -170.308 191.668 284.452
-184.191 94.6056 -170.295 191.672 284.429
-184.185 94.5987 -170.288 191.688 284.42
-184.176 94.5867 -170.277 191.7 284.411
-184.171 94.5909 -170.284 191.717 284.394
-184.166 94.5924 -170.283 191.726 284.388
-184.154 94.5848 -170.275 191.741 284.372
-184.156 94.5789 -170.267 191.748 284.367
-184.161 94.5962 -170.283 191.756 284.382
-184.141 94.5706 -170.255 191.764 284.351
-184.131 94.5262 -170.21 191.773 284.335
-184.137 94.543 -170.233 191.794 284.351
-184.145 94.5525 -170.246 191.808 284.364
-184.156 94.5319 -170.227 191.824 284.368
-184.142 94.5432 -170.24 191.839 284.35
-184.145 94.5374 -170.235 191.848 284.354
-184.151 94.5473 -170.248 191.865 284.364
-184.293 94.3941 -170.09 191.869 284.524
-184.374 94.4883 -170.18 174.343 305.994
-184.568 94.6731 -170.372 182.299 260.994
-184.814 94.8714 -170.564 216.689 215.994
-184.789 94.8519 -170.549 229.763 170.994
-184.749 94.8374 -170.542 202.176 125.994
-184.692 94.7994 -170.503 185.628 106.982
-184.661 94.7628 -170.472 205.453 91.0095
-184.608 94.7621 -170.48 250.453 126.213
-184.58 94.7325 -170.451 260.644 126.948
-184.557 94.7069 -170.432 215.644 81.9477
-184.54 94.708 -170.435 200.574 82.0213
-184.516 94.6879 -170.417 211.805 96.3994
-184.525 94.6842 -170.421 179.985 71.2424
-184.491 94.667 -170.408 173.832 116.242
-184.464 94.6454 -170.391 201.147 161.242
-184.437 94.6338 -170.379 229.069 206.242
-184.449 94.6032 -170.357 252.497 228.779
-184.408 94.5788 -170.332 238.63 235.66
-184.382 94.5809 -170.333 222.123 259.526
-184.348 94.5588 -170.313 224.481 268.175
-184.337 94.5302 -170.29 218.592 278.732
-184.318 94.4999 -170.263 217.19 276.167
-184.294 94.4857 -170.251 219.403 274.653
-184.256 94.4567 -170.221 219.345 276.852
-184.26 94.4585 -170.224 218.203 277.812
-184.249 94.4481 -170.214 221.04 274.314
-184.244 94.4371 -170.204 230.29 281.137
-184.258 94.4471 -170.22 227.147 275.948
-184.256 94.4404 -170.213 223.262 275.368
-184.241 94.4259 -170.197 220.01 278.58
-184.225 94.4328 -170.199 221.068 279.042
-184.21 94.3977 -170.164 238.267 277.712
-184.198 94.3885 -170.155 221.033 285.721
-184.162 94.3878 -170.155 222.515 284.795
-184.157 94.3846 -170.152 223.661 285.635
-184.159 94.3822 -170.153 224.707 284.435
-184.155 94.3738 -170.149 226.781 283.553
-184.158 94.3814 -170.159 225.678 285.794
-184.179 94.3723 -170.149 225.835 286.001
-184.173 94.3702 -170.144 226.319 285.716
-184.166 94.3484 -170.124 226.22 285.907
-184.156 94.3362 -170.116 225.846 285.986
-184.162 94.3358 -170.114 225.667 286.008
-184.163 94.3039 -170.081 225.823 285.785
-184.163 94.3083 -170.084 225.609 285.888
-184.157 94.2783 -170.058 225.76 285.971
-184.153 94.2699 -170.049 225.926 285.884
-184.173 94.287 -170.069 225.894 286.19
-184.156 94.2798 -170.065 225.795 286.322
-184.172 94.2765 -170.064 225.791 286.38
-184.164 94.2759 -170.067 225.925 286.45
-184.152 94.2367 -170.029 226.086 286.486
-184.169 94.245 -170.034 226.054 286.415
-184.163 94.2172 -170.009 226.102 286.375
-184.145 94.2165 -170.007 226.241 286.423
-184.145 94.2066 -170.002 227.509 287.201
-184.111 94.1908 -169.987 235.483 266.954
-184.109 94.2122 -170.001 245.251 239.329
-184.1 94.2068 -169.998 240.152 253.713
-184.089 94.1935 -169.979 240.175 290.897
-184.1 94.2118 -169.99 240.378 291.068
-184.112 94.213 -169.991 239.804 291.316
-184.088 94.2255 -170.001 238.576 291
-184.074 94.2209 -169.993 236.652 290.673
-184.058 94.1864 -169.956 232.631 274.643
-184.059 94.1954 -169.965 249.649 234.188
-184.034 94.193 -169.958 237.82 252.791
-184.018 94.1846 -169.95 231.821 288.407
-184.035 94.1937 -169.959 229.566 287.509
-184.029 94.1991 -169.962 249.718 242.509
-184.016 94.1843 -169.943 249.416 231.373
-184.018 94.1656 -169.924 231.193 265.764
-184.021 94.163 -169.924 232.946 265.655
-184.019 94.1416 -169.907 265 276.109
-183.844 94.1285 -169.87 265 261.929
-183.515 93.7158 -169.408 265 279.295
-183.526 93.7242 -169.415 265 279.426
-183.553 93.7098 -169.4 265 279.483
-183.601 93.6562 -169.353 265 279.545
-183.621 93.6542 -169.355 265 279.583
-183.651 93.6692 -169.371 265 279.62
-183.655 93.6133 -169.315 265 279.634
-183.801 93.7578 -169.46 265 279.736
-183.806 93.7359 -169.435 265 279.749
-183.92 99.2966 -174.645 265 279.924
-181.023 104.802 -175 265 277.384
-185.397 86.0773 -161.527 265 280.885
-183.116 96.7738 -172.116 265 279.401
-184.48 90.4312 -165.792 265 280.287
-184.598 94.1881 -168.906 265 280.355
-184.469 94.0541 -168.773 265 280.273
-184.423 93.9542 -168.672 265 280.263
-184.344 93.8472 -168.571 265 280.224
-184.283 93.7794 -168.503 265 280.182
-184.282 93.7198 -168.443 265 280.182
-184.262 93.6691 -168.391 265 280.174
-184.219 93.5928 -168.315 265 280.152
-184.178 93.5485 -168.274 265 280.129
-184.131 93.4956 -168.221 265 280.102
-184.094 93.4222 -168.148 265 280.08
-184.058 93.3692 -168.096 265 280.049
-184.038 93.3615 -168.087 265 280.039
-184.013 93.3182 -168.042 265 280.013
-183.994 93.3004 -168.024 265 279.997
-183.98 93.2394 -167.963 265 279.988
-183.98 93.1987 -167.926 265 279.99
-183.942 93.1797 -167.907 265 279.945
-183.942 93.1558 -167.883 265 279.947
-183.933 93.1318 -167.86 265 279.938
-183.912 93.0977 -167.829 265 279.921
-183.911 93.0891 -167.821 265 279.92
-183.889 93.0611 -167.79 265 279.9
-183.88 93.0345 -167.761 265 279.892
-183.872 93.0193 -167.74 265 279.881
-183.841 92.9757 -167.698 265 279.849
-183.829 92.9381 -167.661 265 279.829
-183.839 92.9364 -167.662 265 279.837
-183.825 92.9135 -167.637 265 279.817
-183.826 92.8925 -167.618 265 279.815
-183.831 92.8707 -167.599 265 279.816
-183.83 92.8406 -167.573 265 279.813
-183.821 92.8349 -167.564 265 279.802
-183.797 92.8238 -167.55 265 279.777
-183.794 92.8269 -167.55 265 279.77
-183.8 92.8098 -167.533 265 279.781
-183.793 92.7822 -167.5 265 279.778
-183.787 92.7653 -167.485 265 279.778
-183.786 92.7575 -167.483 265 279.78
-183.782 92.7343 -167.463 265 279.775
-183.787 92.7213 -167.452 265 279.775
-183.779 92.7304 -167.461 265 279.769
-183.803 92.737 -167.465 265 279.791
-183.814 92.736 -167.462 265 279.795
-183.808 92.7124 -167.44 265 279.78
-183.826 92.6202 -167.353 265 291.427
-183.824 92.6074 -167.34 265 298.422
-183.818 92.6152 -167.348 263.008 302.669
-183.83 92.6101 -167.343 265 287.832
-183.819 92.6088 -167.345 265 296.33
-183.825 92.6098 -167.348 265 283.699
-183.838 92.6124 -167.354 265 299.84
-183.828 92.6166 -167.359 265 318.55
-183.822 92.5894 -167.337 265 299.854
-183.833 92.5842 -167.331 265 287.583
-183.828 92.5733 -167.329 265 302.153
-183.835 92.5962 -167.346 265 289.477
-183.826 92.5806 -167.335 265 264.52
-183.822 92.5615 -167.323 265 238.896
-183.833 92.5811 -167.343 265 228.341
-183.826 92.5858 -167.343 265 228.912
-183.796 92.5895 -167.35 265 229.862
-183.8 92.5778 -167.343 265 230.617
-183.792 92.5895 -167.358 264.386 230.992
-183.784 92.5936 -167.366 257.938 231.787
-183.798 92.5982 -167.376 234.984 227.672
-183.793 92.5871 -167.363 234.614 228.377
-183.782 92.5817 -167.357 235.003 228.725
-183.805 92.592 -167.371 229.328 237.169
-183.79 92.5746 -167.353 217.852 246.14
-183.779 92.5471 -167.328 206.662 251.489
-183.762 92.5425 -167.325 217.332 258.829
-183.737 92.5378 -167.318 215.306 258.684
-183.741 92.5395 -167.312 213.784 263.172
-183.727 92.5465 -167.323 214.447 263.542
-183.717 92.5281 -167.305 259.447 267.771
-183.717 92.5113 -167.288 239.329 254.265
-183.718 92.4922 -167.275 218.305 269.929
-183.743 92.4938 -167.281 207.513 299.186
-183.744 92.4959 -167.286 209.675 298.537
-183.743 92.5208 -167.308 214.879 284.234
-183.73 92.5005 -167.292 215.138 284.773
-183.725 92.5181 -167.312 215.396 284.239
-183.73 92.5139 -167.305 216.616 283.011
-183.746 92.517 -167.308 217.465 282.138
-183.726 92.512 -167.306 217.761 282.007
-183.737 92.4888 -167.282 218.118 281.896
-183.742 92.4966 -167.285 218.414 281.978
-183.74 92.5015 -167.292 218.864 281.735
-183.751 92.5219 -167.309 219.105 281.605
-183.753 92.5229 -167.309 219.413 281.545
-183.732 92.5227 -167.306 219.456 281.783
-183.731 92.522 -167.31 219.565 282.013
-183.722 92.5126 -167.307 219.73 282.057
-183.727 92.5076 -167.308 219.748 282.057
-183.72 92.4942 -167.299 219.932 282.12
-183.714 92.4954 -167.305 220.153 282.275
-183.735 92.4956 -167.31 220.286 282.177
-183.727 92.5075 -167.319 220.433 282.22
-183.714 92.4939 -167.312 220.705 282.007
-183.711 92.4876 -167.312 220.675 282.167
-183.696 92.4978 -167.326 221.037 282.295
-183.683 92.4965 -167.329 221.195 282.236
-183.692 92.5136 -167.35 221.352 281.741
-183.679 92.5111 -167.348 221.601 281.713
-183.693 92.5163 -167.359 221.574 281.934
-183.693 92.5175 -167.367 221.524 282.024
-183.685 92.5168 -167.37 221.583 282.302
-183.682 92.5227 -167.377 221.479 282.482
-183.677 92.5209 -167.378 221.435 282.545
-183.677 92.5152 -167.378 221.723 282.482
-183.672 92.5015 -167.365 221.966 282.449
-183.687 92.5113 -167.377 222.047 282.558
-183.699 92.5189 -167.389 221.96 282.768
-183.695 92.5014 -167.373 221.998 282.834
-183.694 92.4926 -167.367 222.431 282.834
-183.701 92.4839 -167.363 222.478 282.831
-183.702 92.4703 -167.352 222.586 282.827
-183.706 92.4677 -167.352 222.568 282.872
-183.691 92.4545 -167.343 222.682 283.003
-183.702 92.4566 -167.348 222.799 283.102
-183.699 92.4601 -167.353 222.544 283.279
-183.698 92.4642 -167.356 219.661 284.114
-183.693 92.4523 -167.348 219.529 283.722
-183.691 92.4485 -167.344 217.263 286.671
-183.701 92.4441 -167.342 204.46 297.389
-183.691 92.4514 -167.349 207.402 294.075
-183.665 92.4344 -167.33 207.82 293.897
-183.653 92.4516 -167.35 208.269 293.956
-183.656 92.4508 -167.349 208.464 293.911
-183.661 92.4556 -167.356 208.833 293.984
-183.636 92.4516 -167.351 208.123 295.09
-183.637 92.4494 -167.356 207.894 295.538
-183.629 92.4626 -167.366 207.796 295.921
-183.62 92.45 -167.358 208.021 296.04
-183.635 92.4492 -167.362 208.188 295.848
-183.649 92.4586 -167.373 208.303 295.764
-183.64 92.4706 -167.388 208.726 295.308
-183.651 92.463 -167.382 209.001 295.089
-183.644 92.4709 -167.397 238.822 276.12
-183.644 92.4666 -167.391 210.251 288.392
-183.665 92.4498 -167.377 224.721 248.314
-183.66 92.4364 -167.366 225.596 293.314
-183.668 92.4346 -167.369 210.48 273.877
-183.656 92.434 -167.366 237.623 242.153
-183.661 92.4483 -167.382 225.906 287.153
-183.671 92.451 -167.381 221.78 281.09
-183.687 92.4506 -167.382 226.572 261.199
-183.691 92.4501 -167.38 227.275 285.507
-183.688 92.4558 -167.386 230.743 297.769
-183.66 92.4438 -167.374 244.851 311.83
-183.674 92.437 -167.371 244.153 305.911
-183.66 92.4358 -167.373 236.838 302.013
-183.665 92.4317 -167.371 222.526 284.095
-183.667 92.4199 -167.361 265 295.595
-183.68 92.4166 -167.363 240.518 313.894
-183.706 92.4355 -167.383 237.482 314.05
-183.737 92.4503 -167.4 265 293.459
-183.732 92.4552 -167.411 265 248.459
-183.703 92.5621 -167.262 265 284.49
-183.671 92.5911 -167.297 265 293.714
-183.652 92.5897 -167.298 265 287.308
-183.774 92.3766 -167.1 265 281.929
-183.823 92.0343 -166.754 265 281.824
-183.752 92.5345 -167.262 265 305.726
-183.716 92.5245 -167.253 265 325.692
-183.699 92.5207 -167.248 265 325.499
-183.682 92.5211 -167.25 265 327.033
-183.655 92.5262 -167.258 265 331.666
-183.654 92.5292 -167.267 265 295.877
-183.67 92.5242 -167.259 265 288.911
-183.666 92.5231 -167.264 265 305.044
-183.679 92.5229 -167.27 265 290.709
-183.679 92.5114 -167.264 265 291.618
-183.679 92.5057 -167.265 265 302.384
-183.69 92.4873 -167.249 265 300.939
-183.709 92.4782 -167.244 265 305.629
-183.7 92.4728 -167.246 265 306.678
-183.698 92.4707 -167.245 265 320.184
-183.698 92.4749 -167.254 265 315.353
-183.686 92.4632 -167.243 265 313.445
-183.683 92.4573 -167.241 265 312.369
-183.683 92.4544 -167.24 262.621 305.649
-183.678 92.4389 -167.229 265 297.083
-183.695 92.4477 -167.24 265 293.564
-183.71 92.4559 -167.254 265 290.575
-183.712 92.4486 -167.251 265 289.333
-183.732 92.4571 -167.268 265 287.723
-183.734 92.4428 -167.257 265 291.025
-183.734 92.4335 -167.254 265 258.315
-183.733 92.4277 -167.246 220 255.163
-183.737 92.4062 -167.227 190.886 281.318
-183.731 92.4026 -167.229 194.886 301.558
-183.727 92.4067 -167.237 206.669 293.664
-183.732 92.4131 -167.247 197.193 294.195
-183.734 92.3997 -167.241 195.667 294.444
-183.734 92.3933 -167.241 194.316 298.722
-183.746 92.4067 -167.259 198.936 299.609
-183.75 92.3989 -167.254 202.757 293.023
-183.744 92.4099 -167.265 202.281 293.156
-183.733 92.3915 -167.25 201.37 293.556
-183.721 92.3899 -167.253 201.122 294.541
-183.723 92.3796 -167.246 200.846 295.185
-183.728 92.3816 -167.252 200.906 295.297
-183.734 92.3683 -167.244 200.771 295.575
-183.745 92.3621 -167.242 201.067 295.393
-183.744 92.3415 -167.23 201.488 294.802
-183.749 92.3294 -167.217 201.733 294.665
-183.736 92.339 -167.231 201.992 294.337
-183.736 92.3394 -167.236 202.116 294.063
-183.728 92.325 -167.23 202.847 294.045
-183.735 92.333 -167.245 203.522 293.924
-183.729 92.3272 -167.244 203.676 293.706
-183.745 92.3397 -167.264 203.736 293.659
-183.767 92.3552 -167.287 203.825 293.11
-183.774 92.3604 -167.296 203.749 293.02
-183.756 92.3569 -167.289 203.743 292.868
-183.749 92.3473 -167.282 203.71 292.989
-183.758 92.3548 -167.294 203.816 293.126
-183.753 92.3541 -167.297 204.196 293.023
-183.759 92.3562 -167.304 204.509 292.796
-183.755 92.3517 -167.305 205.039 292.39
-183.739 92.3469 -167.304 205.193 291.984
-183.741 92.3453 -167.306 205.213 291.55
-183.747 92.37 -167.332 205.306 291.735
-183.737 92.361 -167.328 205.314 291.883
-183.739 92.3741 -167.344 205.398 291.888
-183.757 92.3829 -167.357 205.416 291.811
-183.76 92.3927 -167.369 205.58 291.711
-183.75 92.3996 -167.377 206.108 291.499
-183.731 92.4112 -167.392 206.536 291.929
-183.746 92.4139 -167.398 206.592 292.02
-183.739 92.4148 -167.403 206.652 291.801
-183.738 92.4157 -167.41 206.609 291.807
-183.748 92.4269 -167.422 206.602 291.828
-183.734 92.4208 -167.425 206.821 291.608
-183.737 92.4168 -167.423 206.875 291.523
-183.748 92.4183 -167.43 206.991 291.487
-183.749 92.4147 -167.432 207.045 291.357
-183.726 92.4095 -167.429 207.103 291.118
-183.707 92.4078 -167.435 207.377 291.305
-183.714 92.4078 -167.441 231.05 275.258
-183.72 92.4153 -167.454 229.368 257.415
-183.716 92.4109 -167.458 229.043 250.657
-183.715 92.408 -167.458 215.055 278.489
-183.699 92.4068 -167.462 219.202 286.427
-183.71 92.3952 -167.455 216.405 311.493
-183.722 92.3955 -167.46 223.821 319.442
-183.697 92.3953 -167.464 235.317 305.526
-183.672 92.382 -167.454 227.353 275.788
-183.654 92.2259 -167.188 199.597 257.069
-183.778 47.2259 -122.188 205.082 279.17
-183.688 2.22591 -77.1881 205.136 280.822
-183.634 -42.7741 -32.1881 205.178 280.999
-183.597 -85 12.8119 205.217 281.017
-183.559 -82.4294 9.42486 205.254 280.914
-138.559 -85 20.0188 203.921 236.052
-93.5588 -85 30.4659 192.181 191.052
-48.5588 -85 32.9503 189.825 146.052
-3.5588 -85 35.5091 194.426 101.052
-48.5588 -85 80.5091 184.723 106.363
-93.5588 -85 90.8804 184.211 141.766
-138.559 -85 59.1844 189.676 186.766
-93.5588 -85 48.3717 200.769 168.446
-138.559 -85 5.3114 214.663 213.446
-183.559 -85 5.80317 214.515 258.446
-193.799 -85 5.61999 194.703 297.057
-193.785 -85 5.53419 194.775 297.155
-193.288 -85 5.72465 179.083 342.155
-188.324 -85 8.09161 187.761 297.155
-184.837 -85 11.6549 204.572 252.155
-185.895 -85 14.9678 209.774 207.155
-186.252 -85 13.3547 209.751 162.155
-186.651 -85 12.7853 209.728 117.155
-186.787 -85 12.4626 209.704 90.4043
-186.873 -85 12.2792 209.672 90.4619
-186.918 -85 12.1344 209.647 90.497
-186.959 -85 12.0498 209.625 90.5238
-186.99 -85 11.9755 209.597 90.5603
-187.029 -85 11.8798 209.572 90.6003
-187.049 -85 11.8001 209.545 90.6218
-187.058 -85 11.747 209.518 90.6415
-187.107 -85 11.6271 209.495 90.6852
-187.136 -85 11.5813 209.466 90.7164
-187.169 -85 11.548 209.44 90.7469
-187.199 -85 11.5088 209.416 90.7794
-187.219 -85 11.4705 209.391 90.8006
-187.241 -85 11.4155 209.358 90.8226
-187.215 -85 11.4109 209.326 90.8071
-187.234 -85 11.401 209.3 90.8266
-187.302 -85 11.3574 209.275 90.8924
-187.314 -85 11.3184 209.251 90.9019
-187.329 -85 11.2318 209.226 90.9122
-187.343 -85 11.2249 209.203 90.9327
-187.359 -85 11.1867 209.176 90.9436
-187.385 -85 11.168 209.152 90.9587
-187.41 -85 11.1498 209.126 90.9867
-187.437 -85 11.1172 209.099 91.008
-187.459 -85 11.0365 209.072 91.0303
-187.466 -85 11.002 209.047 91.0377
-187.499 -85 10.9643 209.022 91.0659
-187.488 -85 10.9584 208.998 91.0537
-187.511 -85 10.9217 208.97 91.0709
-187.523 -85 10.875 208.945 91.0798
-187.527 -85 10.8868 208.919 91.0802
-187.496 -85 10.8913 208.897 91.0513
-187.545 -85 10.8542 208.869 91.0931
-187.574 -85 10.8393 208.847 91.1181
-187.57 -85 10.8041 208.823 91.1035
-187.532 -85 10.826 208.799 91.0639
-187.533 -85 10.6835 210.035 91.2145
-187.499 -85 12.5234 198.843 88.84
-187.401 -85 11.9389 205.31 89.7451
-187.399 -85 11.5017 205.439 90.1575
-187.458 -85 11.5355 205.161 90.1612
-187.535 -85 11.55 205.578 90.2388
-187.593 -85 11.5902 205.535 90.2463
-187.631 -85 11.8251 205.515 90.2601
-187.691 -85 11.9579 205.495 90.2902
-187.711 -85 11.876 205.476 90.2952
-187.786 -85 11.7249 205.456 90.2834
-187.845 -85 11.6842 204.095 90.1213
-187.841 -85 11.5933 202.615 89.9101
-187.89 -85 11.5642 202.355 89.8474
-187.926 -85 11.7217 202.332 89.883
-187.461 -85 11.9512 190.232 86.1986
-187.389 -85 11.4388 198.769 131.199
-187.386 -85 11.3851 209.102 176.199
-187.422 -85 11.3359 214.563 221.199
-185.678 -85 13.3766 185.242 266.199
-184.525 -53.7431 -21.3338 181.733 291.387
