4
0.276981 89.7591 -89.757 179.979 89.792
0.313483 89.7304 -89.7383 179.978 89.7677
0.351785 89.7067 -89.7113 179.976 89.744
0.386384 89.6785 -89.6792 179.975 89.7133
0.418403 89.6476 -89.6418 179.974 89.6896
0.440282 89.6229 -89.617 179.978 89.6753
0.469608 89.5977 -89.5926 179.977 89.6565
0.496224 89.5664 -89.5585 179.972 89.6353
0.527987 89.5387 -89.541 179.978 89.6115
0.551148 89.5019 -89.5059 179.976 89.5918
0.576307 89.4722 -89.4756 179.973 89.5696
0.608019 89.4444 -89.4477 179.968 89.5454
0.635651 89.4116 -89.4161 179.966 89.5291
0.668418 89.3854 -89.3884 179.961 89.5039
0.697648 89.3555 -89.3612 179.963 89.4812
0.72889 89.3303 -89.3335 179.962 89.4589
0.762232 89.3006 -89.3133 179.964 89.4312
0.796542 89.2758 -89.2898 179.962 89.4045
0.773304 89.2533 -89.2821 179.977 89.4003
0.809564 89.2275 -89.247 179.958 89.379
0.836157 89.2061 -89.2223 179.96 89.3562
0.844458 89.1802 -89.2277 179.959 89.3469
0.863063 89.1472 -89.1852 179.956 89.323
0.883119 89.1183 -89.1528 179.958 89.2998
0.895962 89.0865 -89.1241 179.961 89.278
0.906537 89.0515 -89.09 179.957 89.2518
0.923694 89.0195 -89.0616 179.96 89.2251
0.931452 88.9897 -89.0256 179.957 89.2009
0.936223 88.9625 -89.0027 179.96 89.1837
0.958459 88.9318 -88.9685 179.957 89.1565
0.969795 88.9006 -88.9333 179.954 89.1422
0.981527 88.8689 -88.9009 179.953 89.1175
0.973918 88.8366 -88.8601 179.95 89.1116
0.965509 88.8087 -88.8384 179.95 89.1092
0.932303 88.7783 -88.817 179.952 89.1295
0.928164 88.7505 -88.7982 179.957 89.1136
0.92548 88.7143 -88.7585 179.952 89.1024
0.917964 88.6857 -88.7177 179.953 89.0984
0.913591 88.6564 -88.6901 179.953 89.0896
0.888923 88.6294 -88.6604 179.955 89.1079
0.906685 88.5945 -88.6317 179.955 89.0752
0.918621 88.5638 -88.6109 179.959 89.0515
0.909886 88.5369 -88.5665 179.955 89.0529
0.909699 88.5044 -88.5578 179.956 89.0331
0.914974 88.4771 -88.5257 179.963 89.0169
0.909996 88.4409 -88.4934 179.966 89.004
0.908661 88.4107 -88.4742 179.965 88.9902
0.918944 88.3805 -88.4349 179.961 88.9699
0.933412 88.3514 -88.4053 179.962 88.9412
0.948387 88.3194 -88.3679 179.96 88.9181
0.945992 88.2883 -88.3419 179.965 88.9092
0.94015 88.2597 -88.3151 179.963 88.9057
0.945222 88.2331 -88.2908 179.964 88.8924
0.941299 88.204 -88.2636 179.961 88.8836
0.948326 88.1744 -88.2301 179.964 88.8628
0.929356 88.1414 -88.1869 179.963 88.8653
0.923937 88.1101 -88.1522 179.962 88.8534
0.910625 88.0769 -88.1228 179.968 88.8574
0.926502 88.0447 -88.09 179.966 88.8292
0.915243 88.016 -88.0644 179.966 88.8357
0.92621 87.9879 -88.0333 179.966 88.8218
0.92727 87.9568 -88.0056 179.967 88.8105
0.920488 87.9221 -87.9855 179.974 88.801
0.907253 87.8936 -87.9497 179.975 88.8094
0.922127 87.8586 -87.9083 179.977 88.7862
0.925749 87.8316 -87.8792 179.972 88.7774
0.911934 87.7984 -87.8407 179.97 88.7818
0.924816 87.7633 -87.8012 179.971 88.7551
0.931946 87.7328 -87.7759 179.97 88.7398
0.947913 87.7047 -87.745 179.969 88.7171
0.954989 87.6762 -87.7158 179.969 88.7043
0.963517 87.6455 -87.6879 179.968 88.688
0.951821 87.6144 -87.6628 179.97 88.688
0.95672 87.5843 -87.6329 179.967 88.6648
0.94403 87.5533 -87.5993 179.97 88.6693
0.948698 87.5317 -87.5798 179.972 88.656
0.943339 87.4955 -87.546 179.971 88.6495
0.962779 87.4679 -87.5168 179.973 88.6208
0.97931 87.4448 -87.4937 179.971 88.5932
0.994628 87.4126 -87.4579 179.973 88.5655
0.989696 87.3815 -87.4255 179.977 88.5516
0.980583 87.3619 -87.4046 179.977 88.5506
0.972249 87.3313 -87.3704 179.972 88.5463
0.96991 87.2998 -87.3417 179.973 88.5354
0.961659 87.2726 -87.3114 179.974 88.5266
0.966003 87.2433 -87.3028 179.976 88.5102
0.977838 87.2185 -87.2657 179.977 88.4964
0.9836 87.1915 -87.2482 179.98 88.4865
1.00154 87.1604 -87.2151 179.979 88.4618
1.01063 87.1314 -87.1902 179.979 88.443
1.02845 87.1017 -87.1583 179.973 88.4204
1.04744 87.0746 -87.1313 179.971 88.403
1.06086 87.0465 -87.1043 179.969 88.3843
1.07893 87.018 -87.075 179.97 88.3655
1.09131 86.9849 -87.0435 179.969 88.3472
1.09826 86.9532 -87.0099 179.968 88.3314
1.10925 86.9221 -86.9793 179.968 88.3166
1.11671 86.8867 -86.938 179.972 88.3002
1.12016 86.8496 -86.8984 179.976 88.2854
1.13256 86.8166 -86.8619 179.975 88.2661
1.14963 86.7886 -86.8402 179.976 88.2513
1.16193 86.7514 -86.8008 179.971 88.2276
1.17352 86.7269 -86.7771 179.971 88.2173
1.18452 86.6949 -86.7459 179.97 88.1995
1.19525 86.6745 -86.7227 179.967 88.1921
1.20181 86.6429 -86.6933 179.966 88.1808
1.2117 86.6038 -86.6539 179.965 88.1601
1.24172 86.5908 -86.6423 179.965 88.1388
1.23014 86.5317 -86.5797 179.963 88.1156
1.23908 86.4951 -86.5416 179.966 88.0968
1.24861 86.46 -86.5088 179.966 88.0761
1.26312 86.4285 -86.477 179.964 88.0529
1.27502 86.3929 -86.4379 179.959 88.0332
1.29511 86.3689 -86.4152 179.959 88.0125
1.29822 86.3394 -86.3847 179.952 88.0017
1.30324 86.3074 -86.3475 179.95 87.9854
1.31572 86.2729 -86.3161 179.954 87.9617
1.32574 86.2478 -86.2886 179.951 87.9435
1.33071 86.2112 -86.2494 179.95 87.9208
1.34115 86.1747 -86.2099 179.949 87.8976
1.34768 86.1417 -86.1821 179.949 87.8778
1.35819 86.1111 -86.1534 179.95 87.858
1.36573 86.0775 -86.1209 179.954 87.8363
1.37243 86.0485 -86.0917 179.955 87.8239
1.37501 86.0165 -86.0585 179.956 87.8081
1.37907 85.9855 -86.025 179.952 87.7883
1.39119 85.9606 -86.0014 179.955 87.7695
1.39826 85.9285 -85.9681 179.961 87.7542
1.40476 85.8955 -85.9289 179.957 87.7359
1.40786 85.863 -85.8973 179.958 87.729
1.41685 85.8344 -85.8694 179.957 87.7088
1.42836 85.8039 -85.8369 179.955 87.6911
1.4359 85.7718 -85.8056 179.957 87.6738
1.43908 85.7447 -85.7798 179.961 87.6649
1.44167 85.7156 -85.7509 179.961 87.6495
1.4444 85.6869 -85.7297 179.961 87.6322
1.45446 85.6573 -85.7017 179.967 87.6104
1.46267 85.6303 -85.6757 179.967 87.5931
1.47143 85.605 -85.6514 179.968 87.5773
1.48142 85.57 -85.6185 179.969 87.5501
1.48751 85.5385 -85.5827 179.966 87.5309
1.48515 85.5085 -85.5501 179.966 87.5166
1.48816 85.477 -85.5173 179.966 87.4978
1.48874 85.4435 -85.4854 179.968 87.4795
1.49733 85.4135 -85.4542 179.97 87.4578
1.49797 85.382 -85.4234 179.972 87.4429
1.50007 85.348 -85.3913 179.972 87.4211
1.50056 85.3128 -85.3556 179.97 87.392
1.50817 85.2848 -85.3191 179.966 87.3703
1.51185 85.2568 -85.2888 179.965 87.3465
1.51848 85.2288 -85.2616 179.968 87.3248
1.52168 85.2027 -85.2378 179.969 87.3069
1.52333 85.1693 -85.2009 179.968 87.2912
1.52758 85.1448 -85.1789 179.97 87.2758
1.5308 85.1149 -85.1485 179.971 87.258
1.5404 85.0844 -85.1196 179.978 87.2342
1.54801 85.0539 -85.0912 179.977 87.2139
1.54714 85.0178 -85.0585 179.983 87.1941
1.55075 84.9843 -85.0247 179.983 87.1793
1.55944 84.9609 -84.9979 179.977 87.1621
1.56014 84.9309 -84.9713 179.979 87.1492
1.56284 84.9048 -84.949 179.979 87.1354
1.56144 84.8738 -84.9123 179.968 87.1231
1.56356 84.8428 -84.8771 179.962 87.1049
1.56526 84.8118 -84.8473 179.954 87.0921
1.56851 84.7864 -84.8228 179.955 87.0757
1.57116 84.7579 -84.7885 179.952 87.0634
1.56683 84.7259 -84.7533 179.949 87.0476
1.56854 84.6989 -84.7252 179.95 87.0318
1.56829 84.669 -84.6981 179.952 87.014
1.56506 84.642 -84.6701 179.951 87.0027
1.55776 84.6045 -84.6335 179.951 86.9888
1.55793 84.5735 -84.6018 179.955 86.9685
1.55365 84.539 -84.5703 179.958 86.9506
1.55032 84.505 -84.5282 179.956 86.9279
1.54507 84.475 -84.4958 179.954 86.9195
1.54226 84.4405 -84.4633 179.96 86.9041
1.54496 84.4115 -84.4331 179.96 86.8819
1.55062 84.3851 -84.4066 179.959 86.8621
1.5499 84.3531 -84.3775 179.96 86.8513
1.5466 84.3176 -84.3427 179.959 86.8359
1.54431 84.2856 -84.3137 179.963 86.823
1.54148 84.2486 -84.2783 179.965 86.8077
1.5353 84.2176 -84.2547 179.968 86.7934
1.53546 84.1871 -84.2281 179.967 86.7766
1.53411 84.1536 -84.1917 179.964 86.7564
1.53237 84.1251 -84.1623 179.96 86.7441
1.52596 84.0876 -84.1175 179.953 86.7308
1.52764 84.0532 -84.08 179.954 86.7165
1.52296 84.0199 -84.0468 179.956 86.7051
1.51914 83.9849 -84.0094 179.96 86.6887
1.52134 83.953 -83.979 179.958 86.6656
1.52414 83.9217 -83.9514 179.963 86.6467
1.5254 83.8898 -83.9172 179.966 86.6328
1.51773 83.8619 -83.8883 179.968 86.6204
1.51704 83.8286 -83.8507 179.969 86.6061
1.51347 83.7986 -83.8287 179.971 86.5937
1.51172 83.7681 -83.7989 179.971 86.5804
1.51249 83.7372 -83.7652 179.972 86.5611
1.50776 83.7023 -83.73 179.976 86.5418
1.49747 83.6638 -83.6878 179.971 86.5269
1.49834 83.6369 -83.6633 179.971 86.5111
1.5006 83.61 -83.6382 179.971 86.4889
1.49286 83.5756 -83.6031 179.971 86.4731
1.49012 83.5442 -83.5738 179.974 86.4588
1.48989 83.5109 -83.5409 179.977 86.438
1.48271 83.482 -83.5081 179.976 86.4266
1.47803 83.4486 -83.4751 179.98 86.4152
1.47037 83.4137 -83.4419 179.981 86.3999
1.46276 83.379 -83.4046 179.988 86.385
1.47139 83.3606 -83.4949 179.987 86.3691
1.46503 83.3303 -83.4237 179.997 86.3591
1.46071 83.2975 -83.3762 179.998 86.3388
1.461 83.2671 -83.3471 179.999 86.3176
1.46431 83.2413 -83.3219 179.998 86.3012
1.45804 83.2023 -83.2827 179.999 86.2839
1.45738 83.1704 -83.2532 180.001 86.2681
1.45428 83.1391 -83.2212 179.99 86.2548
1.4359 82.9593 -83.0774 180.007 86.2661
1.43908 83.0059 -83.1091 180.057 86.2432
1.44684 83.0632 -83.2108 180.068 86.2551
1.40569 83.0761 -83.2391 180.077 86.2975
1.42915 83.2075 -83.3691 180.118 86.2701
1.39132 83.0525 -83.1937 180.129 86.3218
1.4193 83.0733 -83.2268 180.129 86.2889
1.39059 82.849 -83.0305 180.167 86.3118
1.38495 83.3368 -83.5986 180.218 86.3249
1.39441 61.9518 -62.1195 180.203 86.2993
1.38954 68.1047 -68.2748 180.183 86.3075
1.3855 99.2427 -99.4101 180.154 86.3147
1.39308 54.2427 -54.4101 180.141 86.3138
1.39795 27.2004 -27.3638 180.127 86.325
1.409 66.3515 -66.5147 180.123 86.3367
1.42403 111.352 -111.515 180.115 86.3383
1.4315 125.126 -125.278 180.102 86.3537
1.44576 80.1262 -80.2782 180.096 86.3643
1.46346 45.1889 -45.3414 180.089 86.3736
1.48458 58.4365 -58.5838 180.083 86.3864
1.50266 54.7323 -54.8778 180.078 86.3977
1.51935 51.8222 -51.9641 180.07 86.4089
1.53097 20.6362 -20.7812 180.07 86.4231
1.54867 42.1803 -42.3234 180.063 86.4251
1.56317 8.49719 -8.64058 180.053 86.4445
1.57623 44.8942 -45.0376 180.047 86.4552
1.59696 46.3316 -46.4758 180.047 86.4603
1.60786 54.98 -55.1223 180.046 86.4653
1.62346 42.0763 -42.2178 180.041 86.4709
1.63907 41.5505 -41.6912 180.039 86.477
1.65986 81.6039 -81.7409 180.037 86.4744
1.66944 97.829 -97.9631 180.039 86.4823
1.68568 80.1508 -80.2767 180.04 86.4813
1.70334 54.9854 -55.1105 180.039 86.4792
1.71154 97.5246 -97.6504 180.039 86.4937
1.72157 100.227 -100.357 180.039 86.5068
1.73907 90.4994 -90.6261 180.039 86.5108
1.7574 110.584 -110.71 180.041 86.5143
1.76674 114.312 -114.439 180.042 86.5137
1.77925 114.543 -114.666 180.034 86.5131
1.79907 113.519 -113.641 180.034 86.5111
1.80091 117.475 -117.598 180.039 86.5185
1.81811 99.8879 -100.012 180.038 86.5215
1.8359 109.233 -109.352 180.044 86.5193
1.84891 87.2322 -87.3498 180.044 86.5293
1.86129 67.5356 -67.6503 180.039 86.5307
1.87701 42.0996 -42.2141 180.038 86.5322
1.89021 32.8571 -32.9673 180.034 86.5301
1.89668 29.9046 -30.0154 180.039 86.5294
1.90534 36.915 -37.0228 180.036 86.5283
1.91751 34.0515 -34.1593 180.036 86.5216
1.92548 29.0243 -29.1346 180.037 86.5184
1.93424 51.2553 -51.36 180.035 86.5076
1.94835 56.5263 -56.6309 180.036 86.5066
1.95903 62.8977 -63.0043 180.037 86.5034
1.97323 61.1113 -61.2166 180.04 86.4936
1.98737 59.3069 -59.4113 180.036 86.4814
1.99278 52.3035 -52.4119 180.042 86.4797
2.00941 47.9196 -48.0253 180.034 86.4695
2.01956 50.5467 -50.6579 180.036 86.4649
2.02958 51.9073 -52.0211 180.033 86.4532
2.0399 54.1754 -54.2823 180.035 86.454
2.05121 57.4692 -57.575 180.037 86.4539
2.05748 57.6017 -57.7041 180.041 86.4507
2.07071 58.7456 -58.8492 180.039 86.442
2.07832 56.8762 -56.9791 180.036 86.4464
2.08441 47.3953 -47.4928 180.037 86.4513
2.08971 41.3669 -41.4642 180.036 86.4456
2.09741 42.6488 -42.7471 180.037 86.4404
2.11089 44.4892 -44.5881 180.036 86.4373
2.12919 44.8196 -44.9147 180.035 86.422
2.13441 46.678 -46.7729 180.033 86.4285
2.15171 47.3597 -47.4549 180.035 86.4197
2.16701 49.2386 -49.3369 180.032 86.4156
2.18374 45.226 -45.3172 180.03 86.4105
2.19611 33.1492 -33.2373 180.032 86.4012
2.20499 32.8863 -32.9766 180.037 86.4014
2.21089 34.046 -34.1389 180.04 86.3957
2.22391 33.7236 -33.8134 180.04 86.3875
2.22325 32.5809 -32.6742 180.045 86.3832
2.23202 32.7998 -32.8937 180.042 86.371
2.24204 48.1606 -48.254 180.04 86.3662
2.25186 71.4924 -71.5815 180.037 86.3575
2.25704 93.6554 -93.7464 180.039 86.3578
2.25822 58.0136 -58.1076 180.035 86.3592
2.26632 58.068 -58.1621 180.036 86.3534
2.2766 44.227 -44.3165 180.037 86.3416
2.28108 55.4128 -55.5032 180.036 86.343
2.2868 72.9762 -73.064 180.033 86.3403
2.28781 86.3754 -86.4597 180.031 86.336
2.29335 72.1999 -72.2769 180.031 86.3358
2.30405 63.1897 -63.2648 180.026 86.3287
2.30652 65.5851 -65.6671 180.03 86.3314
2.31427 67.2353 -67.3161 180.025 86.3227
2.31859 65.2685 -65.3459 180.022 86.3159
2.32574 49.6509 -49.7293 180.019 86.3051
2.32637 50.6601 -50.741 180.02 86.2993
2.33574 49.1099 -49.1925 180.023 86.291
2.33934 51.273 -51.3508 180.023 86.2812
2.34754 50.995 -51.0726 180.023 86.2705
2.35877 51.8347 -51.9121 180.028 86.2581
2.36043 51.5091 -51.5866 180.029 86.2523
2.35366 50.364 -50.4399 180.029 86.24
2.35835 50.2125 -50.2877 180.028 86.2322
2.36625 50.1402 -50.2183 180.03 86.2259
2.37353 49.0422 -49.1145 180.028 86.2161
2.38193 48.7672 -48.8371 180.029 86.2099
2.38721 48.4149 -48.4818 180.027 86.2072
2.40074 48.3116 -48.3808 180.025 86.1894
2.4072 48.2635 -48.3374 180.03 86.1795
2.41713 48.3921 -48.4648 180.026 86.1769
2.42505 48.737 -48.8103 180.024 86.1671
2.43272 48.5644 -48.6364 180.022 86.1513
2.43858 48.1819 -48.2551 180.024 86.1531
2.44616 48.3082 -48.3833 180.025 86.1499
2.45503 48.1693 -48.247 180.03 86.1396
2.4558 48.4556 -48.535 180.033 86.1318
2.47079 49.2443 -49.3233 180.03 86.1195
2.4716 48.9174 -48.9925 180.028 86.1193
2.47748 48.956 -49.0312 180.026 86.1085
2.48145 48.9965 -49.0709 180.024 86.0993
2.48419 48.7951 -48.8686 180.026 86.085
2.48523 49.5835 -49.6579 180.028 86.0802
2.48459 50.5314 -50.6035 180.028 86.0794
2.49541 51.8612 -51.9365 180.031 86.0697
2.49744 59.0562 -59.1329 180.029 86.0609
2.50039 77.656 -77.7336 180.027 86.0561
2.50151 58.4948 -58.5713 180.03 86.0423
2.5099 75.7368 -75.8107 180.029 86.0315
2.52025 67.2477 -67.3184 180.029 86.0157
2.52438 71.6998 -71.7726 180.027 86.0064
2.53078 85.1454 -85.22 180.028 85.9916
2.53435 83.6711 -83.7419 180.024 85.9824
2.5351 82.0737 -82.1454 180.025 85.9796
2.53425 80.1876 -80.2555 180.019 85.9693
2.53886 80.5653 -80.6313 180.017 85.957
2.54308 82.1757 -82.2453 180.02 85.9427
2.54823 82.8863 -82.9517 180.016 85.9335
2.55256 82.4479 -82.5189 180.02 85.9267
2.5569 84.7441 -84.8162 180.021 85.9204
2.55253 39.7441 -39.8162 180.021 85.9231
2.55971 -5.25588 5.18383 180.019 85.9183
2.56144 -50.2559 50.1838 180.015 85.9071
2.56338 -55.0048 54.9301 180.009 85.9018
2.56626 -57.3442 57.2696 180.011 85.8975
2.57052 -59.0503 58.9743 180.008 85.8887
2.573 -60.3266 60.2498 180.009 85.8788
2.57832 -61.1767 61.1023 180.006 85.8651
2.58562 -61.5556 61.4821 180.003 85.8533
2.59048 -61.8374 61.7605 180.003 85.8496
2.6004 -62.1187 62.0436 180.002 85.8307
2.60217 -62.3361 62.2555 180.005 85.8229
2.60863 -62.4914 62.4048 180.008 85.8126
2.6121 -62.6286 62.5458 180.001 85.8058
2.61295 -62.7949 62.712 179.995 85.7996
2.61983 -62.886 62.8027 179.992 85.7924
2.61993 -63.0047 62.927 179.987 85.7907
2.61898 -63.0821 63.0015 179.989 85.788
2.61947 -63.1311 63.0452 179.991 85.7811
2.61461 -63.1832 63.0944 179.989 85.7748
2.61374 -63.2129 63.1176 179.993 85.7559
2.617 -63.2502 63.1503 179.999 85.7516
2.61742 -63.2789 63.1802 180.003 85.7437
2.6188 -63.3151 63.2192 180.001 85.7384
2.61811 -63.3709 63.2743 180.001 85.7286
2.62023 -63.3886 63.2962 180 85.7203
2.62304 -63.4136 63.3212 180 85.7065
2.62007 -63.4494 63.3586 180 85.7003
2.62204 -63.471 63.3776 180.002 85.6939
2.6157 -63.51 63.4149 180.003 85.6891
2.61644 -63.5324 63.4366 179.999 85.6748
2.61959 -63.5586 63.4627 180.003 85.6524
2.62507 -63.5837 63.4889 180.005 85.6451
2.62757 -63.6087 63.5143 180.005 85.6313
2.62576 -63.6306 63.536 180.005 85.625
2.62848 -63.6396 63.5401 180.009 85.6172
2.62833 -63.6576 63.557 180.007 85.6074
2.62914 -63.6706 63.5697 180.005 85.5976
2.635 -63.6877 63.5825 180.007 85.5858
2.63224 -63.7086 63.6081 180.006 85.573
2.63645 -63.7218 63.62 180.003 85.5567
2.63458 -63.7393 63.6334 180.006 85.5463
2.64144 -63.7527 63.6445 180.006 85.5395
2.63832 -63.7752 63.67 180.004 85.5302
2.63817 -63.7928 63.6856 180.003 85.5199
2.63497 -63.8157 63.7088 180.002 85.5171
2.62959 -63.8351 63.7319 179.997 85.5073
2.62943 -63.8512 63.7468 179.994 85.4935
2.62766 -63.8691 63.7621 179.991 85.4792
2.6269 -63.8532 63.7469 179.99 85.4729
2.62214 -63.7577 63.6515 179.993 85.4655
2.62659 -63.8943 63.7958 179.992 85.4572
2.62653 -63.8299 63.7355 179.991 85.4474
2.62689 -63.8866 63.7951 179.993 85.4406
2.61934 -63.915 63.8285 179.994 85.4328
2.62001 -63.9553 63.8571 179.997 85.426
2.61696 -64.0139 63.9135 179.997 85.4176
2.61007 -64.0315 63.9292 179.997 85.4013
2.60428 -64.0647 63.9642 179.995 85.396
2.60105 -64.0849 63.9854 179.994 85.3882
2.59889 -64.108 64.0084 179.998 85.3763
2.59982 -64.1408 64.041 180.003 85.3589
2.60175 -64.1623 64.0679 180.005 85.347
2.60057 -64.1732 64.0769 180.005 85.3387
2.59861 -64.1749 64.0779 180.005 85.3233
2.59718 -64.1822 64.0917 180.006 85.317
2.58902 -64.207 64.1187 180.007 85.3156
2.58449 -64.2335 64.1462 180.004 85.3058
2.57461 -64.234 64.1483 180.003 85.2929
2.56894 -64.2692 64.1789 180.007 85.28
2.56537 -64.294 64.2077 180.002 85.2702
2.56284 -64.3031 64.2168 180.003 85.2674
2.56223 -64.3241 64.2346 179.999 85.2607
2.56333 -64.3437 64.252 180.002 85.2468
2.5561 -64.3823 64.2894 180.001 85.2339
2.55662 -64.4124 64.3214 179.999 85.2221
2.55528 -64.4154 64.3202 180.002 85.2183
2.5485 -64.3425 64.2469 180.006 85.2044
2.54387 -64.4483 64.3548 180.005 85.1996
2.546 -64.5055 64.4121 180.006 85.1782
2.54647 -64.519 64.4236 180.008 85.1567
2.53725 -64.5396 64.4491 180.005 85.1564
2.52856 -64.5632 64.4763 180.005 85.1531
2.53075 -64.5801 64.4914 180.006 85.1402
2.52463 -64.6013 64.5118 180.008 85.1328
2.5225 -64.6251 64.5323 180.011 85.124
2.51845 -64.6463 64.5537 180.004 85.1182
2.5154 -64.6683 64.5734 180.005 85.1089
2.51398 -64.6864 64.5961 180 85.0976
2.51247 -64.7068 64.6147 179.997 85.0878
2.50433 -64.7234 64.6293 179.998 85.0789
2.49354 -64.7473 64.6606 179.992 85.0721
2.48683 -64.7679 64.6817 179.988 85.0658
2.4858 -64.787 64.6997 179.985 85.0545
2.47869 -64.8083 64.7174 179.982 85.0391
2.47268 -64.8259 64.7397 179.982 85.0317
2.47001 -64.8485 64.7657 179.978 85.0194
2.46956 -64.8707 64.7873 179.976 85.0076
2.46105 -64.8919 64.8062 179.971 85.0073
2.4564 -64.9118 64.8265 179.969 84.993
2.45285 -64.9351 64.8469 179.968 84.9811
2.45481 -64.9599 64.8728 179.968 84.9668
2.44351 -64.9921 64.9067 179.967 84.9555
2.43891 -65.0192 64.9323 179.965 84.9507
2.43728 -65.0525 64.9651 179.966 84.9359
2.43111 -65.0853 64.9975 179.965 84.92
2.4216 -65.1137 65.0252 179.966 84.9186
2.41747 -65.1403 65.0498 179.963 84.9089
2.40917 -65.1738 65.086 179.956 84.8956
2.40313 -65.1996 65.1132 179.949 84.8863
2.39696 -65.2226 65.1347 179.948 84.874
2.39098 -65.2498 65.1563 179.951 84.8686
2.38228 -65.2727 65.1793 179.943 84.8619
2.38493 -65.3013 65.2062 179.946 84.8425
2.37578 -65.3281 65.2325 179.944 84.8387
2.36916 -65.3533 65.2615 179.943 84.8298
2.36525 -65.3734 65.2786 179.938 84.8165
2.35657 -65.4091 65.3155 179.937 84.8071
2.35402 -65.4374 65.3476 179.935 84.8028
2.34839 -65.4649 65.3731 179.937 84.7844
2.34295 -65.6722 65.5766 179.935 84.7811
2.33888 -85 104.93 179.936 84.7728
2.32454 -85 149.93 179.937 84.7654
2.32099 -85 143.03 179.939 84.7566
2.32001 -83.778 98.03 179.932 84.7514
2.31952 -78.1738 78.0676 179.935 84.7366
2.31029 -80.9439 80.8393 179.934 84.7323
2.3042 -80.7565 80.6477 179.935 84.7224
2.2972 -80.5724 80.4671 179.935 84.7141
2.2916 -80.3914 80.2917 179.935 84.7032
2.28755 -80.2182 80.1191 179.941 84.6924
2.28134 -80.0534 79.9516 179.94 84.6836
2.26423 -79.9165 79.8108 179.938 84.6832
2.253 -79.7714 79.6664 179.938 84.6799
2.25138 -79.6277 79.5231 179.94 84.6721
2.24301 -79.5078 79.4034 179.934 84.6588
2.23692 -79.3877 79.2855 179.932 84.6535
2.2345 -79.2655 79.1624 179.927 84.6457
2.23254 -79.153 79.045 179.927 84.6354
2.22573 -79.2832 79.1773 179.934 84.6329
2.21363 -77.689 77.5797 179.934 84.6332
2.20052 -77.801 77.6912 179.937 84.6307
2.19489 -77.8132 77.7032 179.935 84.6189
2.18922 -77.817 77.7159 179.933 84.6081
2.18037 -77.8233 77.7237 179.932 84.5917
2.1735 -77.8329 77.7361 179.932 84.5838
2.18203 -77.8459 77.7488 179.935 84.5801
2.21989 -77.819 77.7288 179.936 84.5711
2.2618 -68.1814 68.0935 179.934 84.5894
2.31354 -23.1814 23.0935 179.934 84.6635
2.39307 -22.1362 22.0512 179.935 84.7465
2.4498 -67.1362 67.0512 179.937 84.8572
2.51691 -55.0245 54.9381 179.937 84.9846
2.59183 -10.0245 9.93809 179.938 85.1336
2.66102 4.4494 -4.53433 179.942 85.3812
2.72986 49.4494 -49.5343 179.942 85.5419
2.80152 94.4494 -94.5343 179.941 85.6524
2.87706 49.4494 -49.5343 179.944 85.8015
2.9254 4.4494 -4.53433 179.948 85.9929
2.98807 23.4194 -23.4953 179.951 86.1187
3.0578 68.4194 -68.4953 179.947 86.2095
3.12278 67.9804 -68.0563 179.949 86.3138
3.17645 65.0662 -65.1416 179.955 86.4053
3.22647 80.3857 -80.4612 179.951 86.4999
3.27605 78.1876 -78.2588 179.954 86.5569
3.33476 68.1851 -68.2595 179.961 86.6424
3.38402 71.0034 -71.075 179.961 86.7253
3.42323 71.293 -71.3624 179.965 86.7821
3.46134 72.3131 -72.3769 179.97 86.8319
3.49429 73.3469 -73.4092 179.975 86.8687
3.52798 73.7693 -73.8268 179.974 86.8791
3.56427 73.336 -73.39 179.978 86.9278
3.60134 74.217 -74.2656 179.981 86.9896
3.63325 74.9247 -74.9749 179.982 87.0199
3.67852 74.7468 -74.7877 179.984 87.0801
3.71505 75.0492 -75.0925 179.987 87.1178
3.7558 75.4031 -75.4471 179.993 87.163
3.79026 77.0144 -77.0617 179.993 87.1883
3.82158 76.9077 -76.9564 179.988 87.2316
3.8554 75.9653 -76.0115 179.983 87.2679
3.88232 76.125 -76.1737 179.985 87.2891
3.90773 75.9999 -76.0532 179.987 87.2699
3.93505 75.9271 -75.9737 179.986 87.2861
3.96991 76.8779 -76.9238 179.989 87.2883
3.99529 77.6746 -77.724 179.991 87.3155
4.0066 78.1402 -78.1905 179.99 87.3297
4.02898 78.7753 -78.8244 179.99 87.3404
4.05698 79.0161 -79.0643 179.989 87.3442
4.0764 78.7586 -78.8054 179.99 87.3608
4.10238 79.2513 -79.2955 179.995 87.3849
4.1363 79.3841 -79.4249 179.993 87.3926
4.15656 79.3286 -79.3721 179.997 87.4138
4.18332 79.5405 -79.585 179.999 87.4304
4.25486 79.7585 -79.8025 180 87.6367
4.3273 80.3533 -80.3964 180.001 88.0058
4.37261 79.7397 -79.7901 179.999 87.9872
4.42633 80.0477 -80.0925 179.993 88.0304
4.46163 80.5254 -80.5718 179.996 88.0704
4.49621 80.7594 -80.8062 179.993 88.1245
4.51795 80.5723 -80.6197 179.994 88.1545
4.52136 80.7241 -80.7748 179.994 88.1272
4.52531 80.8062 -80.8591 179.996 88.1054
4.52855 80.9662 -81.0352 179.997 88.0831
4.52052 81.1919 -81.2543 179.992 88.0509
4.49581 77.7098 -77.7771 179.989 88.031
4.45856 81.7675 -81.8397 179.993 88.0061
4.41486 83.5656 -83.6444 179.997 87.993
4.38275 87.7339 -87.8089 179.996 87.9676
4.34253 84.7815 -84.8652 179.998 87.9416
4.3153 78.4925 -78.5771 180.002 87.9048
4.28487 76.6305 -76.7214 179.999 87.8798
4.25245 71.9206 -72.0063 180 87.8459
4.22147 26.9206 -27.0063 179.995 87.825
4.20086 -18.0794 17.9937 179.996 87.8012
4.18115 -63.0794 62.9937 179.998 87.7807
4.15242 -71.8282 71.7362 179.998 87.7498
4.12369 -26.8282 26.7362 179.996 87.7169
4.0969 -19.697 19.6025 179.997 87.687
4.07062 25.303 -25.3975 179.999 87.6516
4.04096 70.303 -70.3975 180 87.6218
4.01325 94.3878 -94.4784 180 87.5939
3.99018 49.3878 -49.4784 180.005 87.562
3.96698 4.38781 -4.47836 180.013 87.532
3.93874 -36.1502 36.0581 180.014 87.5001
3.90947 -32.1981 32.111 180.015 87.4693
3.88178 -29.0291 28.944 180.012 87.4334
3.85164 -25.9778 25.8903 180.016 87.409
3.81336 -23.6383 23.5516 180.017 87.3894
3.78058 -21.611 21.5232 180.022 87.363
3.77131 -16.8824 16.9317 179.998 87.4673
3.06743 -2.10416 3.98847 179.843 87.3849
2.21464 -18.0098 26.0617 178.77 87.3216
-1.48266 -63.0098 71.0617 180.147 88.0646
0.102914 -85 116.062 181.218 87.8358
1.34922 -85 136.342 181.363 87.2574
3.49304 -53.3044 91.3418 179.541 87.0624
1.65752 -19.6707 46.3418 178.56 87.4589
1.2789 4.92757 5.46776 178.546 87.5026
-0.453854 2.62734 11.237 177.942 87.7572
0.443403 3.63041 8.47895 178.285 87.5823
0.652399 2.02856 9.40859 178.301 87.5844
0.586167 2.97046 8.49308 178.128 87.6473
0.664537 3.47062 7.69643 178.138 87.6255
0.879233 3.65475 6.80595 178.233 87.5767
0.965021 2.43803 7.47795 178.288 87.5603
1.15553 2.71937 6.58503 178.391 87.5018
1.13611 1.49863 7.41659 178.465 87.489
1.20882 0.300416 7.97499 178.9 87.3659
1.37994 2.78489 5.34447 178.93 87.2831
1.30728 3.80419 4.57796 178.759 87.1701
1.33412 4.20897 4.06317 178.813 87.2528
1.93422 7.2245 -1.29878 179.207 87.1307
1.71024 12.757 -6.4985 179.18 87.1384
2.20424 12.4894 -7.755 179.445 87.0131
2.17882 13.1593 -8.55554 179.492 86.9858
2.04722 13.1411 -8.07771 179.413 86.9796
1.79329 13.8891 -8.09975 179.267 86.9942
1.7253 15.5861 -9.5168 179.206 86.9799
1.60153 17.0925 -10.7312 179.135 86.9862
1.57504 17.6323 -11.3644 179.124 86.9708
1.52175 17.6337 -11.3735 179.112 86.956
1.48223 17.7942 -11.5582 179.106 86.9413
1.42743 17.9832 -11.7178 179.09 86.926
1.3792 18.2662 -12.0166 179.085 86.9066
1.32411 18.4492 -12.2119 179.087 86.8875
1.27045 18.5147 -12.2678 179.082 86.8697
1.23438 18.6586 -12.4187 179.079 86.8481
1.19024 19.0794 -12.8525 179.083 86.8317
1.11376 19.9874 -13.7862 179.087 86.8175
1.07101 19.8395 -13.6129 179.079 86.7961
1.01147 19.8083 -13.4838 179.055 86.7771
0.967936 19.9121 -13.5819 179.046 86.7557
0.921505 19.9388 -13.6326 179.05 86.7388
0.87871 20.0052 -13.7128 179.042 86.7229
0.847913 20.1881 -13.9119 179.042 86.7036
0.8101 20.1435 -13.9014 179.046 86.6811
0.743157 20.077 -13.764 179.034 86.6654
0.709152 19.6292 -13.339 179.036 86.6426
0.70618 19.812 -13.6153 179.065 86.6061
0.648408 19.8187 -13.6075 179.058 86.5866
0.612007 20.0552 -13.8693 179.051 86.569
0.582997 20.2844 -14.1365 179.05 86.5471
0.534923 20.4766 -14.239 179.023 86.5247
0.545744 20.6434 -14.4829 179.056 86.4973
0.126909 21.9716 -14.451 178.792 86.5244
-1.58502 25.2412 -13.5734 177.868 86.7193
-0.398994 11.4277 -2.90662 178.501 86.591
0.616273 13.9002 -11.0881 179.764 86.3262
-0.733623 14.1417 -10.0841 179.551 86.5475
-0.463812 9.1363 -6.17706 179.849 86.4493
-0.99181 11.2646 -8.37247 179.864 86.534
-1.17048 11.373 -8.24198 179.785 86.545
-1.34487 11.6799 -8.47063 179.767 86.5529
-1.38507 11.8356 -8.54744 179.745 86.5436
-1.34751 11.7206 -8.30073 179.705 86.5123
-1.46535 11.6297 -8.29673 179.709 86.5179
-1.5108 11.5812 -8.20013 179.686 86.5089
-1.60623 11.5432 -8.22551 179.685 86.5088
-1.66598 11.4804 -8.19519 179.677 86.5048
-1.71203 11.5511 -8.25311 179.664 86.4956
-1.75592 11.6477 -8.29077 179.642 86.4836
-2.0551 11.568 -8.38769 179.678 86.5217
-1.87271 11.9356 -8.65281 179.67 86.4539
-1.71417 11.0757 -7.59269 179.626 86.4012
-1.23874 7.38919 -4.75893 179.811 86.2758
-0.178698 3.29515 -0.600761 179.817 86.0564
0.0719127 8.27449 -4.92735 179.628 85.976
0.14488 9.22677 -6.59695 179.802 85.9622
0.312112 6.64632 -6.10955 180.282 85.9433
-0.351716 -21.6333 22.0462 179.936 86.0337
-0.0552137 -18.7312 18.4216 180.253 85.964
0.175425 -9.84877 9.86229 180.295 85.8715
0.224898 -9.40462 9.63011 180.247 85.8026
0.178297 -9.44216 9.4903 180.241 85.7976
0.137553 -9.45655 9.39702 180.249 85.7918
0.0944321 -9.47293 9.34413 180.258 85.7822
0.306564 -9.22192 9.0477 180.262 85.7827
2.32602 -7.15781 6.97116 180.266 85.7797
3.11525 -6.32289 6.12016 180.272 85.7801
5.66657 -3.71955 3.52462 180.278 85.7752
7.93606 -1.40073 1.21188 180.284 85.7682
9.81958 0.533006 -0.725262 180.294 85.77
12.1121 2.87371 -3.05558 180.298 85.773
14.9121 5.72061 -5.89306 180.304 85.7743
18.3271 9.18607 -9.3392 180.306 85.7708
19.9619 10.8645 -11.0108 180.311 85.7723
20.4115 11.3472 -11.4997 180.316 85.7787
22.6515 13.6414 -13.7803 180.321 85.7771
25.3017 20.5496 -24.7589 180.858 85.8368
26.36 24.8579 -19.9623 179.871 85.817
26.3818 21.9184 -17.6745 179.909 85.7898
26.328 21.2476 -16.8329 179.879 85.7776
26.1603 18.6318 -13.238 179.432 85.684
26.13 18.6599 -13.3564 179.704 85.7762
26.0862 18.6826 -13.4189 179.705 85.7615
26.0387 18.7014 -13.4626 179.706 85.7443
26.0051 18.7309 -13.5104 179.71 85.7258
25.9519 18.7454 -13.5412 179.714 85.7094
25.9072 18.765 -13.5751 179.716 85.6957
25.8618 18.7891 -13.6133 179.718 85.6935
25.806 18.8056 -13.6455 179.728 85.7174
25.7618 18.8261 -13.6704 179.72 85.6544
25.717 18.8408 -13.696 179.72 85.6367
25.6713 18.857 -13.7203 179.721 85.6169
25.6316 18.8715 -13.7399 179.722 85.5997
25.5803 18.8878 -13.7677 179.725 85.5843
25.538 18.899 -13.7856 179.73 85.5659
25.4889 18.9112 -13.804 179.73 85.5473
25.4446 18.9196 -13.8152 179.73 85.5265
25.3978 18.9408 -13.8384 179.726 85.5131
25.3508 18.9535 -13.8614 179.726 85.5029
25.3093 19.4429 -14.3899 179.733 85.486
25.2551 19.4524 -14.395 179.73 85.4789
25.1988 19.4619 -14.4098 179.732 85.4681
25.1531 19.4735 -14.4264 179.73 85.4576
25.1026 19.4748 -14.4313 179.727 85.4367
25.0596 19.4854 -14.4459 179.727 85.4205
25.0149 19.4882 -14.4538 179.72 85.4062
24.9722 19.498 -14.467 179.718 85.3942
24.9249 19.5059 -14.479 179.714 85.3803
24.8803 19.5199 -14.5285 179.721 85.3738
24.835 19.5398 -14.5527 179.716 85.3528
