4
-0.0158128 90.0177 -90.1053 180.047 90.0415
-0.00151973 89.9973 89.9984 0.00767826 -89.9868
-0.00335855 90.0244 -90.1407 180.08 90.0281
0.00397217 89.9949 90.0003 0.0112487 -90.0114
0.00707687 90.0051 -90.1285 180.085 90.0437
0.000488322 89.9856 90.009 0.00428107 -90.0182
0.0424792 89.9908 -90.0632 180.039 90.0331
0.0241886 89.9826 90.0138 0.0012895 -90.0247
0.0780521 89.9873 -89.9819 179.954 90.0103
0.0506127 89.9734 90.0207 -0.000575995 -90.0186
0.111253 90.0142 -89.9539 179.897 90.0075
0.0574599 89.9705 90.0302 -0.00347104 -90.0183
0.15295 90.0186 -89.9131 179.865 89.9836
0.0652128 89.9666 90.0404 -0.00598509 -90.0099
0.19273 90.0146 -89.8488 179.812 89.9676
0.0774386 89.9668 90.0617 -0.0109314 -90.015
0.220119 90.0108 -89.8288 179.795 89.9495
0.0901537 89.9748 90.0639 -0.0113425 -90.0199
0.21541 90.0107 -89.8143 179.779 89.9542
0.107978 89.9933 90.0427 0.00442387 -90.0327
0.245199 90.0007 -89.8099 179.782 89.9221
0.119848 89.9827 90.0426 -0.00303229 -90.0393
0.246005 89.9996 -89.8303 179.793 89.9173
0.118956 89.9811 90.0416 0.00301799 -90.0316
0.211041 89.99 -89.9049 179.889 89.9565
0.125558 89.9861 90.0326 0.00776268 -90.0549
0.175392 89.9907 -89.9842 179.99 89.9791
0.125632 89.9841 90.0351 0.00645748 -90.0657
0.143857 89.9945 -90.0477 180.064 90.0092
0.124803 90.0057 90.0215 0.00990159 -90.0694
0.109153 89.9945 -90.101 180.098 90.0335
0.122737 89.9909 90.0328 0.00724709 -90.0952
0.106051 89.9746 -90.0868 180.114 90.0238
0.129631 90.0013 90.0126 0.00852413 -90.1115
0.107117 89.9481 -89.9983 180.041 90.0173
0.13305 90.0003 90.0092 0.00101914 -90.1129
0.145676 89.9592 -89.9633 180.002 89.9849
0.117855 89.9764 90.0341 -0.00297606 -90.104
0.13805 89.9722 -89.9739 180.023 89.9948
0.131436 89.9786 90.034 -0.00185745 -90.1194
0.121477 89.9974 -90.0373 180.088 90.0022
0.156717 89.9856 90.0265 0.00530726 -90.1258
0.10524 90.008 -90.0858 180.132 90.0066
0.163063 89.9951 90.0231 0.0103767 -90.13
0.108504 90.0275 -90.1188 180.147 90.0054
0.177672 89.9962 90.0331 0.0115693 -90.1321
0.0969575 90.0223 -90.1424 180.18 90.031
0.186712 90.0047 90.0185 0.00828395 -90.155
0.0906465 90.017 -90.1597 180.186 90.0257
0.180203 90.0033 90.0008 0.0127187 -90.167
0.111331 90.0276 -90.2029 180.203 90.0216
0.190201 90.007 89.9963 0.0169366 -90.1851
0.122351 90.0255 -90.2193 180.211 90.0188
0.206049 90.0069 89.9923 0.00588928 -90.1712
0.113308 90.0233 -90.2174 180.199 90.0177
0.194815 90.004 89.9821 0.0154495 -90.1696
0.113985 90.0441 -90.2353 180.198 90.0311
0.178411 89.9983 89.9904 0.0184178 -90.1914
0.138473 90.0451 -90.2499 180.209 89.9994
0.194992 90.0131 89.9893 0.0107428 -90.173
0.143297 90.0466 -90.2603 180.234 90.0092
0.19207 90.0176 89.9824 0.0183647 -90.1514
0.139724 90.0517 -90.2659 180.242 90.0103
0.173431 90.0137 89.9986 0.021705 -90.1057
0.12966 90.0471 -90.2607 180.22 90.0212
0.177748 90.0079 90.0181 0.0258152 -90.0963
0.141434 90.0618 -90.2651 180.21 90.0136
0.170186 90.0132 90.0261 0.0465803 -90.0473
0.171317 90.0766 -90.2423 180.168 89.9907
0.161315 90.0063 90.0227 0.0730314 -89.9754
0.200833 90.095 -90.1795 180.092 89.9532
0.158275 90.0179 90.0154 0.0834928 -89.8994
0.22108 90.0805 -90.0954 180.022 89.9303
0.173077 90.0313 90.0101 0.0866832 -89.8534
0.205662 90.0737 -90.0456 179.999 89.9448
0.189016 90.0184 90.0159 0.0668097 -89.8829
0.215758 90.0768 -90.0138 179.979 89.9194
0.185536 89.9954 90.0263 0.0550918 -89.89
0.222353 90.0665 -89.9882 179.973 89.9078
0.191141 89.9886 90.04 0.0407079 -89.8821
0.218847 90.061 -89.9599 179.963 89.8966
0.202106 89.9956 90.025 0.0340246 -89.8779
0.230424 90.0539 -89.9178 179.941 89.8806
0.190491 89.9917 90.0198 0.0386017 -89.8776
0.223937 90.0469 -89.8738 179.934 89.8749
0.190922 89.9969 90.0326 0.0340857 -89.8754
0.211696 90.025 -89.8479 179.944 89.8642
0.189441 89.9977 90.0363 0.035442 -89.9039
0.200168 90.0163 -89.8465 179.929 89.8635
0.202938 90.0011 90.022 0.0365585 -89.9337
0.20509 90.0315 -89.8693 179.939 89.8682
0.202526 89.997 90.0215 0.0403096 -89.9347
0.220672 90.0227 -89.8715 179.939 89.8516
0.220302 89.9997 90.0339 0.0338275 -89.9125
0.235222 90.0328 -89.8896 179.941 89.8426
0.23151 89.9962 90.0329 0.0410278 -89.925
0.232758 90.0318 -89.8913 179.928 89.8548
0.23606 89.9829 90.0469 0.0356477 -89.939
0.229966 90.0341 -89.8867 179.924 89.8649
0.235239 89.9996 90.0381 0.0279829 -89.9466
0.225332 90.0332 -89.8823 179.92 89.876
0.228487 89.9984 90.0389 0.0305223 -89.9404
0.244927 90.0444 -89.9021 179.928 89.8741
0.225463 89.9928 90.0336 0.0360154 -89.9545
0.248975 90.0478 -89.9056 179.936 89.8852
0.228475 89.9931 90.0381 0.0414267 -89.9639
0.246641 90.0651 -89.9166 179.928 89.8845
0.231098 90.008 90.0239 0.0440956 -89.9493
0.239522 90.0441 -89.911 179.937 89.8761
0.24155 90.0158 90.0105 0.0463167 -89.9604
0.226316 90.0353 -89.9304 179.941 89.8942
0.238855 90.0223 90.0076 0.0463766 -89.9595
0.217271 90.0483 -89.9832 179.97 89.8982
0.250798 90.0347 89.9845 0.0514456 -89.9669
0.221222 90.0556 -89.9614 179.958 89.8934
0.249534 90.0275 89.9964 0.0564142 -89.9642
0.210235 90.0633 -89.9298 179.932 89.8719
0.248154 90.0312 89.9953 0.0543493 -89.9821
0.223315 90.0771 -89.9205 179.908 89.859
0.248189 90.0242 89.9918 0.059073 -89.9763
0.216099 90.0737 -89.8935 179.898 89.8442
0.252721 90.0223 89.989 0.0580389 -90.0041
0.236257 90.0799 -89.8644 179.884 89.8128
0.261071 90.0228 89.9947 0.0570818 -90.0064
0.22404 90.0738 -89.819 179.856 89.8082
0.262755 90.0207 89.9997 0.0477381 -90.0204
0.221098 90.0806 -89.8167 179.85 89.7661
0.255833 90.0116 90.0049 0.0469127 -90.0261
0.227884 90.0815 -89.817 179.857 89.7436
0.274025 90.0113 90.0238 0.0295921 -90.0453
0.220333 90.057 -89.7608 179.827 89.762
0.292138 90.0067 90.0419 0.0185121 -90.0545
0.224299 90.0597 -89.7406 179.798 89.7607
0.315345 90.0105 90.0469 0.0133838 -90.0781
0.200056 90.0583 -89.7392 179.797 89.7654
0.325738 89.9932 90.0539 0.0257092 -90.1244
0.214724 90.0588 -89.7406 179.793 89.7593
0.347795 89.9842 90.0542 0.0423564 -90.1796
0.182463 90.067 -89.8205 179.856 89.7888
0.357637 89.9788 90.0585 0.0430892 -90.1849
0.136687 90.0523 -89.9081 179.954 89.8144
0.37685 89.9813 90.066 0.0437864 -90.2086
0.112685 90.0543 -89.9841 180 89.836
0.388661 89.9791 90.0564 0.0485977 -90.2278
0.0887553 90.032 -90.0071 180.038 89.8908
0.395557 89.9711 90.0511 0.0504154 -90.2357
0.0874899 90.0483 -90.0614 180.068 89.9099
0.401686 89.9738 90.0496 0.0457177 -90.2383
0.0782691 90.0601 -90.1053 180.099 89.9105
0.41395 89.9784 90.0515 0.0468417 -90.2371
0.0775147 90.0861 -90.1465 180.105 89.9282
0.416667 89.9741 90.053 0.0480108 -90.2343
0.0814704 90.0785 -90.1345 180.113 89.9204
0.404964 89.9805 90.0317 0.0594719 -90.2265
0.0950617 90.0783 -90.1401 180.117 89.9323
0.391833 89.9805 90.0293 0.0562071 -90.2151
0.0881795 90.052 -90.0991 180.089 89.9394
0.389702 89.9808 90.0194 0.064036 -90.2138
0.0930679 90.0484 -90.0742 180.077 89.9406
0.383464 89.9785 90.018 0.068686 -90.1816
0.0793199 90.0464 -90.0586 180.076 89.9421
0.385233 89.9815 90.0195 0.06309 -90.1885
0.108462 90.0543 -90.081 180.062 89.9489
0.37111 89.977 90.0312 0.063646 -90.1814
0.110952 90.0624 -90.1026 180.059 89.9554
0.358421 89.9759 90.0218 0.0595421 -90.1593
0.0952907 90.0547 -90.1102 180.076 89.9721
0.354435 89.9819 90.0082 0.0608143 -90.1557
0.0968727 90.0547 -90.0875 180.083 89.9636
0.347826 89.9902 90.0123 0.0520353 -90.1413
0.105089 90.0676 -90.0911 180.089 89.9733
0.335156 89.981 90.0203 0.0431227 -90.1169
0.120548 90.0666 -90.0846 180.097 89.9683
0.318044 89.9729 90.0323 0.0408039 -90.1013
0.116276 90.0701 -90.1002 180.113 89.9677
0.32709 89.9801 90.0243 0.045921 -90.0995
0.115918 90.082 -90.0969 180.114 89.9696
0.313268 89.9931 90.025 0.0472892 -90.0837
0.115158 90.0802 -90.1151 180.116 89.9781
0.301594 90.001 90.0157 0.0432563 -90.0671
0.120882 90.0659 -90.1046 180.114 89.9716
0.289557 90.0082 89.9975 0.0364651 -90.0429
0.112756 90.0721 -90.1112 180.114 89.9636
0.284533 90.0132 89.9941 0.0318657 -90.0482
0.113082 90.0684 -90.1065 180.12 89.9831
0.273656 90.0109 89.9859 0.0479366 -90.039
0.100559 90.0568 -90.1067 180.122 89.9933
0.270989 90.0112 89.9886 0.0424214 -90.0278
0.0745966 90.0404 -90.1335 180.144 90.0278
0.265615 90.0053 89.9975 0.0348457 -90.0133
0.0674758 90.0324 -90.1566 180.161 90.0303
0.265713 90.014 89.9888 0.0365639 -90.0039
0.0860238 90.0166 -90.1057 180.114 90.0159
0.270196 90.0186 89.9844 0.0390902 -89.9623
0.123379 90.0251 -90.0193 180.006 90.0001
0.28269 90.0171 89.9885 0.0484618 -89.9857
0.132566 90.0307 -89.9432 179.921 89.9973
0.282459 90.0212 89.9993 0.0435925 -89.981
0.129173 90.0252 -89.9023 179.886 90
0.273018 90.0254 89.9998 0.0345242 -89.9518
0.135752 90.0165 -89.8597 179.858 89.9928
0.269585 90.0309 89.9973 0.0391229 -89.9416
0.129602 90.0166 -89.8405 179.842 89.991
0.265453 90.0265 90.0068 0.0398721 -89.9043
0.120105 90.0104 -89.8297 179.825 89.9948
0.253143 90.0251 89.9999 0.0346368 -89.8841
0.112442 89.99 -89.7936 179.788 90.0127
0.240288 90.0099 90.0133 0.0361805 -89.8998
0.10214 89.9897 -89.7651 179.784 90.035
0.240189 90.0189 89.9999 0.0262052 -89.8905
0.0906179 89.9994 -89.7369 179.762 90.0422
0.230451 90.0205 90.0005 0.0245389 -89.9037
0.0778293 89.9948 -89.7002 179.745 90.0552
0.213191 90.0039 90.0046 0.0240879 -89.9137
0.0937426 90.0065 -89.7164 179.763 90.0469
0.23034 90.0088 89.9956 0.0349995 -89.9487
0.104402 90.0166 -89.7213 179.761 90.0333
0.217893 90.0162 89.9882 0.0301485 -89.9534
0.110397 90.0145 -89.7219 179.749 90.0416
0.203348 90.023 89.9768 0.0269126 -89.9527
0.118945 90.0089 -89.7152 179.749 90.0415
0.194935 90.0406 89.9606 0.0157602 -89.934
0.120735 90.0155 -89.7172 179.744 90.0396
0.188844 90.0305 89.9776 0.0208608 -89.9324
0.0884438 90.0012 -89.7546 179.788 90.054
0.180431 90.0252 89.9896 0.0183465 -89.9491
0.11615 90.0406 -89.9186 179.899 90.0519
0.174453 90.0255 89.9889 0.0126506 -89.9324
0.122403 90.0357 -89.964 179.964 90.059
0.167925 90.0106 90.0018 0.0076753 -89.9076
0.16399 90.0364 -89.9396 179.944 90.0449
0.148639 90.0134 90.0041 0.017816 -89.8873
0.204721 90.0242 -89.8909 179.904 90.0014
0.146018 90.011 90.0033 0.0183061 -89.848
0.242383 90.0156 -89.8432 179.875 89.9707
0.150814 89.9979 90.0147 0.0113591 -89.8216
0.290726 90.024 -89.8427 179.841 89.9398
0.146276 90.0143 89.9987 0.0177814 -89.8127
0.309671 90.0296 -89.8311 179.831 89.9495
0.154698 90.0338 89.9695 0.0326089 -89.8023
0.333084 90.0262 -89.8132 179.836 89.9534
0.159694 90.0398 89.9525 0.0271056 -89.812
0.36145 90.01 -89.8002 179.834 89.9377
0.159883 90.043 89.945 0.0234251 -89.7731
0.380733 90.0192 -89.8801 179.918 89.9631
0.159301 90.0419 89.9589 0.025758 -89.7639
0.379728 90.0107 -89.9491 179.999 89.9835
0.146121 90.0283 89.9858 0.0316389 -89.7464
0.391397 90.0101 -90.0245 180.058 89.9626
0.140696 90.0074 90.0067 0.0407905 -89.7465
0.409312 90.037 -90.0916 180.079 89.9494
0.145422 90.0216 89.9954 0.0317662 -89.7514
0.404614 90.0594 -90.1467 180.111 89.9579
0.132721 90.0265 89.973 0.0418668 -89.7171
0.407734 90.05 -90.1196 180.107 89.9336
0.132007 90.0351 89.9636 0.0536387 -89.6983
0.465652 90.0729 -90.0609 180.025 89.8808
0.134553 90.0377 89.9654 0.0541771 -89.6708
0.474027 90.0589 -89.9891 179.974 89.8651
0.122937 90.0401 89.9762 0.0413726 -89.6236
0.476374 90.0645 -89.9669 179.934 89.8562
0.125884 90.0359 89.9674 0.0517395 -89.6254
0.482813 90.0656 -89.9456 179.904 89.843
0.118532 90.0337 89.9897 0.041426 -89.5997
0.489047 90.039 -89.916 179.89 89.8326
0.121981 90.0334 89.9937 0.0343079 -89.5788
0.498911 90.0341 -89.9031 179.884 89.8425
0.116441 90.0524 89.9723 0.0385622 -89.5712
0.502182 90.0501 -89.9016 179.865 89.8382
0.125416 90.0615 89.9425 0.0401873 -89.5564
0.527546 90.0589 -89.8858 179.853 89.8228
0.12909 90.072 89.9346 0.0273223 -89.548
0.546786 90.0599 -89.8798 179.838 89.8035
0.12327 90.0756 89.9342 0.0256064 -89.5372
0.579018 90.0861 -89.9273 179.839 89.8004
0.128737 90.0898 89.924 0.0269572 -89.5404
0.585928 90.0901 -89.9481 179.843 89.7983
0.129259 90.1003 89.914 0.0312874 -89.5454
0.596315 90.1068 -89.9656 179.849 89.7984
0.111115 90.0929 89.9239 0.0345389 -89.5434
0.601788 90.0877 -89.9694 179.87 89.7852
0.105979 90.1043 89.9201 0.0232819 -89.5222
0.582605 90.0939 -89.9863 179.877 89.7804
0.116892 90.1084 89.9157 0.0303959 -89.5253
0.568968 90.1022 -89.997 179.894 89.7762
0.113819 90.1236 89.8928 0.0315306 -89.518
0.555393 90.109 -89.9904 179.895 89.7708
0.122459 90.1263 89.8914 0.0313787 -89.5528
0.539874 90.1092 -89.9857 179.901 89.7634
0.131273 90.1307 89.874 0.0431375 -89.5788
0.53835 90.127 -89.9848 179.881 89.7762
0.128433 90.1224 89.892 0.035039 -89.5921
0.533896 90.1469 -90.0056 179.89 89.7923
0.12493 90.1164 89.9016 0.0319839 -89.5886
0.520351 90.173 -90.0222 179.88 89.8062
0.13538 90.1132 89.8979 0.0266676 -89.6105
0.530326 90.1654 -90.0044 179.87 89.7929
0.138305 90.1032 89.8986 0.0304626 -89.642
0.627835 90.2436 -90.118 179.748 89.7385
0.123523 90.0833 89.7913 0.0461093 -89.5711
0.822187 90.3393 -90.2428 179.765 89.6548
0.0834114 90.054 89.8356 0.0490182 -89.4369
1.06452 90.428 -90.3286 179.801 89.5007
0.0169673 89.9803 89.9683 0.0352528 -89.2221
1.32037 90.5225 -90.4311 179.804 89.3408
-0.0481131 89.9234 90.0493 0.02234 -89.0925
1.46622 90.605 -90.5379 179.813 89.2599
-0.116863 89.8636 90.1255 0.010798 -88.9643
1.65501 90.7042 -90.6404 179.814 89.1518
-0.165105 89.8067 90.1916 0.0125236 -88.8438
1.84531 90.8078 -90.7282 179.8 89.0531
-0.211089 89.769 90.2292 0.0239167 -88.7251
2.00872 90.8912 -90.9006 179.875 88.9896
-0.249421 89.7265 90.2958 0.0197711 -88.6106
