4
0.0168778 90.0113 -89.8981 179.363 89.9928
0.0166178 90.0147 -89.8892 179.301 89.9941
0.0143586 90.0119 -89.8732 179.243 89.9914
0.0108308 90.0118 -89.8578 179.184 89.9985
0.00869721 90.0154 -89.8482 179.126 90.0004
0.00726123 90.0194 -89.8361 179.066 89.9985
0.014015 90.0246 -89.8214 179.019 89.9965
0.0183822 90.0272 -89.8088 169.509 89.0318
0.0131668 90.0214 -89.7953 178.255 89.9693
0.0129325 90.0253 -89.7854 199.674 89.7236
0.0030616 90.018 -89.7669 217.466 89.4464
-0.00148084 90.0177 -89.749 195.348 89.7576
0.00612926 90.0288 -89.7432 162.723 90.1767
0.00305772 90.0257 -89.7194 152.019 90.375
0.00201151 90.0246 -89.7069 162.754 90.2186
0.0019394 90.0279 -89.6964 191.588 89.8248
-0.00427094 90.0243 -89.6777 210.304 89.5957
-0.00677976 90.0242 -89.6644 210.497 89.8337
-0.00691154 90.0255 -89.6569 196.505 89.9297
-0.00377553 90.0254 -89.6415 167.293 90.4928
-0.00406086 90.0212 -89.6207 154.101 90.3835
-0.004314 90.0243 -89.6061 164.511 90.1944
-0.00429126 90.0242 -89.5937 187.376 89.8891
0.0016346 90.0315 -89.5864 201.325 89.7315
-0.000837653 90.0301 -89.5684 184.505 89.9088
0.00246718 90.0323 -89.5538 161.766 90.2273
0.00576966 90.0334 -89.5437 165.028 90.1775
0.00565135 90.031 -89.5274 179.574 89.968
0.00456206 90.0319 -89.5175 198.112 89.7507
0.00307356 90.028 -89.5004 175.047 90.0232
-0.000599745 90.0283 -89.4871 163.036 90.2083
-0.000636722 90.0281 -89.4755 175.466 89.9385
-0.00257833 90.0258 -89.4623 189.052 89.8743
0.000378874 90.025 -89.4459 188.27 89.8819
0.000315947 90.0233 -89.4289 173.04 90.1483
0.000689699 90.0252 -89.419 164.661 90.2001
-0.000510238 90.0235 -89.4065 164.846 90.2738
-0.00386683 90.0168 -89.3847 178.366 90.2935
-0.00878261 90.0187 -89.3733 195.421 89.7483
-0.0102282 90.0203 -89.3612 195.493 89.698
-0.0102564 90.0201 -89.3497 179.748 89.9326
-0.00774238 90.0189 -89.3318 163.231 90.1665
-0.00690751 90.0151 -89.3147 160.84 90.2154
-0.00764958 90.0141 -89.2985 182.014 89.8593
-0.00428255 90.0172 -89.2919 206.92 89.7228
-0.00820324 90.0206 -89.2812 187.284 91.4433
-0.00330935 90.0188 -89.2606 172.262 119.982
-0.00496316 90.0161 -89.2462 168.481 125.241
-0.00625321 90.0159 -89.23 163.645 86.6722
-0.0138325 90.0114 -89.2128 162.216 59.2179
-0.0185335 90.0091 -89.1959 168.173 36.7304
-0.0192175 90.0157 -89.1948 172.682 81.7304
-0.0249022 90.0171 -89.1851 176.356 126.73
-0.0270863 90.0184 -89.1767 175.825 143.783
-0.0280896 90.0181 -89.1592 157.416 98.7828
-0.0333889 90.0179 -89.1474 145.673 53.7828
-0.0313179 90.0244 -89.1425 151.989 14.8092
-0.0283691 90.0264 -89.1314 153.625 7.89183
-0.0317146 90.0297 -89.1198 154.515 2.7934
-0.0310209 90.0316 -89.109 157.449 3.81943
-0.0317924 90.0297 -89.0974 166.054 47.7288
-0.0309555 90.0336 -89.0891 181.159 92.7288
-0.030686 90.0379 -89.0799 181.436 107.669
-0.0226572 90.0421 -89.0669 180.245 99.4049
-0.0209796 90.0397 -89.0512 174.979 77.5759
-0.0224257 90.0451 -89.0445 163.97 32.5759
-0.0204803 90.0395 -89.0207 177.087 71.9666
-0.0168416 90.0473 -89.0142 174.851 90.03
-0.0151313 90.046 -88.9988 174.835 90.0591
-0.0153924 90.0496 -88.9938 170.054 90.1332
-0.0172782 90.0475 -88.9775 177.995 45.1332
-0.0163677 90.0504 -88.9681 172.716 6.22745
-0.0164315 90.0504 -88.9498 179.568 51.2275
-0.0201591 90.0504 -88.9379 171.347 66.2648
-0.0233606 90.0539 -88.9249 161.329 21.2648
-0.0202165 90.0558 -88.9143 176.299 66.2648
-0.0270632 90.0549 -88.8982 163.195 21.2648
-0.0259834 90.0582 -88.888 163.172 66.2648
-0.0235693 90.0621 -88.8797 174.954 111.265
-0.0253905 90.0604 -88.8664 167.961 66.2648
-0.0260868 90.059 -88.8498 164.646 82.0177
-0.0310274 90.0605 -88.8387 167.673 37.0177
-0.0317817 90.0578 -88.8236 174.296 82.0177
-0.0268647 90.0613 -88.8152 176.504 127.018
-0.0244256 90.0633 -88.8043 175.308 136.409
-0.0234457 90.0642 -88.7936 162.262 91.4087
-0.0199039 90.0683 -88.7891 168.018 46.4087
-0.0209509 90.0703 -88.7795 167.76 1.40873
-0.0224662 90.072 -88.7677 168.413 -7.30249
-0.0194905 90.0735 -88.7562 168.786 -7.21876
-0.0155164 90.0786 -88.7482 169.393 20.3313
-0.0199254 90.0727 -88.7336 173.824 65.3313
-0.0235158 90.07 -88.7143 172.641 110.331
-0.0175339 90.0697 -88.7026 171.786 152.909
-0.0180556 90.0722 -88.6891 164.466 107.909
-0.0188396 90.0756 -88.6815 165.31 62.9085
-0.0248719 90.0757 -88.666 163.5 17.9085
-0.0248153 90.0726 -88.6514 163.45 -6.60413
-0.0274146 90.0703 -88.635 163.714 -3.41373
-0.0288598 90.0689 -88.6211 145.123 41.5863
-0.0305691 90.07 -88.6098 165.735 83.858
-0.0362184 90.0696 -88.6008 162.888 90.1517
-0.043125 90.0672 -88.5933 163.403 90.1737
-0.040958 90.0674 -88.5795 163.862 90.1731
-0.0435954 90.064 -88.5617 164.252 90.1672
-0.0349558 90.0661 -88.5541 164.612 90.1559
-0.0396497 90.0596 -88.5322 164.931 90.1528
-0.0409593 90.0599 -88.5159 165.222 90.1469
-0.0425207 90.06 -88.5002 165.474 90.1409
-0.0441793 90.064 -88.4896 165.7 90.1373
-0.0388668 90.0651 -88.4751 165.906 90.1297
-0.036061 90.0641 -88.4617 166.102 90.1188
-0.0374233 90.0629 -88.4436 166.28 90.1155
-0.0371012 90.0646 -88.4303 166.431 90.1028
-0.0320256 90.0649 -88.4238 166.586 90.0919
-0.0321602 90.0646 -88.4092 166.724 90.0867
-0.0357015 90.0582 -88.3881 166.841 90.0841
-0.0365774 90.0575 -88.3762 166.972 90.0797
-0.0330354 90.0563 -88.3589 167.086 90.0753
-0.0356484 90.0572 -88.3509 167.192 90.0786
-0.0211535 90.0708 -88.3455 167.288 90.0721
-0.021266 90.0704 -88.3327 167.388 90.0656
-0.014542 90.0768 -88.3231 167.478 90.0608
-0.0164867 90.074 -88.3035 167.561 90.0596
-0.0137262 90.0742 -88.2917 167.643 90.0578
-0.0141287 90.0747 -88.2723 167.723 90.0514
-0.0170659 90.0773 -88.2645 167.792 90.0566
-0.0238943 90.071 -88.2411 167.861 90.061
-0.0248274 90.0687 -88.2241 167.947 90.0648
-0.0254497 90.0646 -88.2068 168.088 90.0605
-0.0261769 90.0608 -88.1869 168.212 90.0611
-0.030205 90.0557 -88.1672 168.318 90.0566
-0.0286314 90.0582 -88.1582 168.432 90.0557
-0.0262613 90.0599 -88.144 168.696 90.0511
-0.0273109 90.0588 -88.127 168.946 90.0553
-0.025974 90.0576 -88.1126 169.241 90.0466
-0.0206744 90.0594 -88.1011 169.531 90.0413
-0.0257035 90.0625 -88.0929 169.791 90.0432
-0.0248934 90.0665 -88.0829 170.054 90.0389
-0.0197109 90.0706 -88.0675 170.304 90.0344
-0.0190997 90.075 -88.056 170.535 90.036
-0.0240844 90.0696 -88.0347 160.348 47.6914
-0.0240986 90.0697 -88.0167 154.303 10.1113
-0.0266266 90.07 -88.0024 158.958 1.6477
-0.0237383 90.0699 -87.9899 157.906 6.20662
-0.0239232 90.0695 -87.9762 157.346 34.2948
-0.0220174 90.0741 -87.9658 163.183 79.2948
-0.0192229 90.0726 -87.9539 173.011 124.295
-0.0226166 90.0713 -87.9348 161.132 98.4021
-0.0220666 90.0703 -87.9169 153.743 53.4021
-0.023085 90.0727 -87.9054 158.132 10.2239
-0.0231684 90.0691 -87.8821 159.17 3.97145
-0.0247042 90.0744 -87.8763 157.056 14.9648
-0.0241682 90.075 -87.8637 163.201 59.9648
-0.022848 90.0779 -87.8497 179.163 104.965
-0.0243897 90.0787 -87.8375 178.872 140.283
-0.0242021 90.0795 -87.8311 176.945 131.513
-0.0198876 90.087 -87.8267 165.513 96.2223
-0.0250909 90.0854 -87.8113 168.531 78.0049
-0.0282009 90.0918 -87.8038 193.62 96.1507
-0.0252537 90.0915 -87.7893 148.62 98.5407
-0.0244354 90.094 -87.7805 132.839 101.136
-0.0245373 90.0946 -87.7671 177.839 89.7128
-0.0197541 90.0962 -87.7564 141.988 97.0212
-0.0196537 90.0962 -87.745 171.295 84.1996
-0.0174437 90.0985 -87.7357 176.578 83.7725
-0.0206755 90.0932 -87.7176 164.471 89.2014
-0.0115649 90.0967 -87.7095 181.03 83.4978
-0.0135148 90.0946 -87.6926 161.54 87.0749
-0.00603604 90.0945 -87.6801 187.031 79.3966
-0.00420931 90.0969 -87.6667 142.031 96.635
-0.000729705 90.0959 -87.6543 187.031 80.1431
0.00257431 90.0993 -87.6445 144.418 89.9898
0.00617743 90.1029 -87.636 168.613 83.5883
0.0065333 90.1039 -87.6229 164.225 92.3894
0.00541938 90.1097 -87.6143 150.47 85.6415
0.00639834 90.1109 -87.5998 163.429 82.5991
0.00742107 90.1154 -87.593 157.198 78.065
0.0075699 90.1154 -87.5837 157.15 33.065
0.0050136 90.1163 -87.5724 156.891 34.0702
0.00744903 90.1153 -87.5616 169.026 79.0702
0.00618828 90.1214 -87.5566 172.879 118.275
0.00548259 90.1212 -87.5447 156.709 73.2748
0.00330033 90.1243 -87.5374 162.678 51.4471
0.000495395 90.1193 -87.5206 166.23 83.4642
0.00163046 90.1192 -87.5046 160.898 67.4163
-0.00450316 90.117 -87.4854 158.278 27.8142
-0.00350404 90.1179 -87.4752 149.042 21.0057
-0.00526009 90.1141 -87.4552 149.265 18.7901
-0.00288605 90.1139 -87.4449 161.519 63.7901
-0.00320004 90.1199 -87.4365 166.998 83.5388
4.73647e-05 90.124 -87.4288 166.036 90.0705
0.00559664 90.126 -87.4161 166.559 90.0895
0.00804296 90.1282 -87.4053 167.086 90.0919
0.00903062 90.1258 -87.3954 167.557 90.0872
0.013653 90.128 -87.3836 168.017 90.0823
0.0154192 90.1287 -87.3742 165.632 87.0202
0.0146924 90.1315 -87.3623 166.498 42.0202
0.0184524 90.131 -87.347 159.713 37.7778
0.0146991 90.1274 -87.3326 153.927 82.7778
0.0220384 90.1319 -87.3289 157.672 86.9936
0.017993 90.1315 -87.3172 199.989 91.9499
0.0170155 90.1326 -87.3054 155.96 101.165
0.01701 90.1324 -87.2904 120.924 101.029
0.0217296 90.1378 -87.287 165.924 95.2317
0.0227771 90.1402 -87.2753 139.14 90.3668
0.0190298 90.1403 -87.2613 130.651 97.0044
0.0129779 90.1424 -87.2505 167.978 96.1877
0.0142247 90.1435 -87.2401 132.348 103.065
0.0146436 90.141 -87.2249 141.676 98.969
0.00887303 90.1395 -87.2099 161.684 94.0282
0.0111247 90.1407 -87.1951 169.252 88.2563
0.0100893 90.1407 -87.1825 176.743 88.843
0.0099755 90.1464 -87.1762 177.825 89.8984
0.0119472 90.151 -87.1599 178.038 89.9667
0.0143977 90.1541 -87.1483 178.25 89.9751
0.0162584 90.1594 -87.1415 178.442 89.9776
0.0121446 90.1588 -87.1287 178.632 89.9792
0.0127993 90.1627 -87.1215 178.813 89.981
0.0130184 90.1594 -87.1076 178.988 89.979
0.0140616 90.1617 -88.3416 180.399 89.9769
0.0281474 90.1633 -88.5061 180.705 89.9581
0.00880938 90.1591 -88.033 180.389 89.9752
0.0100851 90.1585 -88.2034 180.718 89.97
0.00511623 90.151 -87.8972 180.57 89.9641
0.011138 90.1518 -88.3944 181.224 89.9583
0.0252104 90.1554 -88.5482 181.527 89.946
0.0153004 90.1526 -88.3464 181.471 89.9526
0.0240697 90.1449 -89.0206 182.291 89.9349
0.0280414 90.1453 -89.595 182.997 89.9317
0.0308758 90.1467 -89.8683 183.401 89.9293
0.0347801 90.1439 -89.5433 183.201 89.9197
0.0366119 90.1506 -89.4422 183.213 89.9215
0.022231 90.1463 -89.4708 183.368 89.932
0.0450451 90.1423 -90.4987 184.522 89.9067
0.014725 90.1455 -86.5088 180.652 89.9379
-0.381448 90.1471 -58.7023 152.956 90.3325
-0.520001 90.1466 -50.5653 144.92 90.4698
-0.624143 90.1425 -43.4251 137.893 90.5702
-0.336634 90.1422 -57.247 151.807 90.2799
0.0663519 90.1447 -85.9079 180.57 89.8808
0.235473 90.1441 -100.238 195.001 89.7075
0.390603 90.1424 -113.119 207.986 89.5465
0.365905 90.1424 -113.37 208.336 89.5707
0.309648 90.1446 -110.826 205.879 89.6255
0.135774 90.1456 -98.0283 193.18 89.8025
0.0748048 90.1521 -93.2631 188.5 89.8694
0.00628239 90.1484 -86.7495 182.082 89.9352
-0.255983 90.1428 -68.0893 163.518 90.191
-0.507613 90.1415 -52.8958 148.413 90.4434
-0.59093 90.1384 -48.8587 144.46 90.5227
-0.300672 90.1377 -64.3748 160.054 90.2285
-0.051806 90.1382 -80.6709 176.426 89.9812
-0.150401 90.1313 -91.4501 187.295 90.0743
0.153101 90.1348 -98.0707 193.992 89.7685
0.179706 90.1367 -100.43 196.43 89.7424
0.174962 90.1392 -100.637 196.719 89.747
0.152945 90.1381 -99.3693 195.539 89.7693
0.0753354 90.1399 -93.9981 190.243 89.8458
-0.0744605 90.1375 -83.6136 179.935 89.9995
-0.221194 90.1408 -73.2829 169.675 90.1461
-0.372191 90.1351 -63.4865 159.955 90.2903
-0.467111 90.1419 -56.7461 153.281 90.3889
-0.433788 90.1434 -57.191 153.792 90.3525
-0.350232 90.1416 -61.0377 157.707 90.273
-0.048853 90.1407 -83.2886 180.032 89.97
0.157868 90.1415 -97.925 194.731 89.7645
0.191054 90.1387 -101.686 198.561 89.7315
0.178064 90.1374 -101.587 198.53 89.7414
-0.0154546 90.1345 -88.4961 185.511 89.9318
-0.0692967 90.1363 -82.6989 179.779 89.9867
-0.055149 90.1348 -82.6839 179.838 89.9721
-0.0491787 90.138 -82.6771 179.883 89.9658
-0.0461073 90.1388 -82.6678 179.928 89.9586
-0.0466255 90.1367 -82.6544 179.986 89.9574
-0.0447576 90.1396 -82.6486 180.039 89.9542
-0.0409876 90.1395 -82.641 180.093 89.9471
-0.0379863 90.1388 -82.629 180.144 89.9428
-0.03185 90.1394 -82.6155 180.187 89.9367
-0.0313696 90.1417 -82.6077 180.238 89.9413
-0.0319901 90.1409 -82.6005 180.291 89.9405
-0.0319833 90.1395 -82.5933 180.341 89.9425
-0.0319286 90.1425 -82.5833 180.387 89.9432
-0.0106382 90.1688 -82.6021 180.441 89.946
-0.0206229 90.1674 -79.0025 176.89 89.9533
-0.814533 90.1626 -36.9411 134.872 90.7431
-1.65727 90.1218 -21.6562 119.708 91.5736
-1.84969 90.1167 -18.4552 116.556 91.7662
-1.48231 90.1162 -20.4877 118.625 91.3998
-0.176205 90.1078 -65.4877 163.625 90.087
0.0571337 90.1093 -91.4733 189.755 89.8573
0.0738814 90.1049 -96.8555 195.191 89.8374
0.0927536 90.0993 -99.8145 198.214 89.8182
0.132451 90.096 -102.049 200.507 89.7736
-0.214778 90.1026 -74.5062 173.009 90.1283
-0.50782 90.1036 -55.7077 154.27 90.4209
-0.465526 90.1055 -53.4828 152.101 90.3798
-0.399352 90.1034 -53.4543 152.124 90.3117
-0.329151 90.1047 -57.2974 156.014 90.2408
-0.00310898 90.1057 -82.9937 181.77 89.9157
0.0506951 90.1079 -95.213 194.04 89.8653
0.0668294 90.1091 -90.8238 189.699 89.8474
0.0621809 90.1146 -90.8139 180.411 90.0153
0.0580063 90.114 -90.8014 179.59 89.994
0.0768856 90.1139 -87.1838 176.029 89.9793
0.0908372 90.113 -88.2113 177.113 89.9636
0.0279594 90.1112 -82.3743 171.336 90.0235
-0.043001 90.1124 -76.3381 165.359 90.0926
-0.0946673 90.1122 -71.3432 160.418 90.1464
-0.0977533 90.109 -71.3199 160.455 90.1434
-0.099959 90.1129 -71.3036 160.486 90.1444
-0.104909 90.1092 -71.2859 160.517 90.1452
-0.108931 90.1139 -71.2704 160.548 90.1481
-0.106025 90.1164 -71.257 160.579 90.146
-0.107599 90.1135 -71.2376 160.609 90.1467
-0.104659 90.1128 -71.2215 160.642 90.1389
-0.0989656 90.1169 -72.535 161.994 90.1325
0.00206206 90.1137 -81.8651 171.371 90.0288
0.201059 90.1124 -98.342 187.896 89.8285
0.24948 90.1053 -103.19 192.803 89.7719
0.242429 90.1102 -103.125 192.781 89.778
0.302058 90.1136 -105.172 194.876 89.7209
0.285688 90.1157 -105.155 194.9 89.7403
0.27067 90.1229 -105.152 194.935 89.7556
0.261515 90.1276 -105.142 194.964 89.7636
0.252806 90.1274 -105.125 194.987 89.7704
0.249559 90.1317 -105.113 195.019 89.7743
0.243028 90.1316 -105.092 195.04 89.7821
0.242186 90.1369 -105.084 195.066 89.7832
0.231232 90.1317 -105.063 195.091 89.7898
0.222944 90.1328 -105.047 195.116 89.798
0.223064 90.1371 -105.039 195.137 89.7949
0.217848 90.1326 -105.016 195.159 89.7959
0.212541 90.1279 -104.992 195.182 89.7987
0.215594 90.1307 -104.982 195.209 89.7999
0.20913 90.1222 -104.955 195.237 89.8043
0.207383 90.1242 -104.945 195.259 89.8067
0.208278 90.131 -104.935 195.282 89.8102
0.205952 90.1332 -104.92 195.301 89.8139
0.202381 90.1324 -104.907 195.323 89.8147
0.198944 90.1337 -104.893 195.344 89.8235
0.194736 90.1294 -104.874 195.368 89.8222
0.193689 90.1273 -104.858 195.391 89.8243
0.194075 90.129 -104.841 195.418 89.8248
0.192688 90.1331 -104.83 195.438 89.8234
0.189106 90.1374 -104.814 195.463 89.8274
0.18117 90.1377 -104.801 195.495 89.8352
0.174577 90.1402 -104.792 195.517 89.8405
0.170031 90.1399 -104.777 195.541 89.842
0.172264 90.1462 -104.768 195.561 89.8473
0.170193 90.1426 -104.752 195.587 89.8482
0.167433 90.1419 -104.735 195.608 89.8455
0.165306 90.1382 -104.714 195.634 89.8487
0.172435 90.1472 -104.709 195.657 89.8453
0.170977 90.1406 -104.681 195.676 89.8441
0.167411 90.1442 -104.671 195.704 89.8464
0.166583 90.148 -104.66 195.724 89.8501
0.168584 90.1492 -104.644 195.743 89.853
0.17105 90.1568 -104.631 195.76 89.8533
0.174399 90.1563 -104.616 195.774 89.8486
0.172307 90.1589 -104.603 195.794 89.8519
0.167275 90.1594 -104.59 195.815 89.8586
0.169448 90.1661 -104.585 195.841 89.8573
0.167217 90.1647 -104.567 195.865 89.8602
0.16341 90.1684 -104.556 195.884 89.8649
0.156617 90.1628 -104.535 195.903 89.8673
0.158442 90.1618 -104.517 195.923 89.863
0.158169 90.1692 -104.507 195.941 89.869
0.159047 90.1732 -104.496 195.961 89.8712
0.158538 90.1723 -104.482 195.987 89.8729
0.154591 90.1721 -104.467 196.007 89.8736
0.16375 90.1781 -104.457 196.025 89.8701
0.155627 90.161 -104.423 196.045 89.8684
0.15524 90.1588 -104.409 196.072 89.8691
0.153863 90.1584 -104.395 196.094 89.8717
0.154044 90.16 -104.378 196.106 89.8695
0.153323 90.1598 -104.361 196.125 89.8708
0.15636 90.1651 -104.35 196.146 89.8663
0.162098 90.1708 -104.335 196.163 89.8666
0.158073 90.1625 -104.31 196.178 89.8633
0.162157 90.1684 -104.304 196.202 89.864
0.165191 90.1678 -104.284 196.226 89.8599
0.168657 90.1742 -104.27 196.242 89.8593
0.17368 90.1798 -104.254 196.257 89.8568
0.175407 90.1824 -104.24 196.274 89.8581
0.17634 90.1766 -104.218 196.286 89.8542
0.174273 90.1742 -104.197 196.306 89.8556
0.176579 90.1738 -104.18 196.325 89.86
0.172916 90.1691 -104.156 196.343 89.8549
-0.0349351 90.1688 -100.846 193.07 90.0619
-0.207282 90.1753 -90.0672 182.327 90.2373
-0.186181 90.1682 -89.3933 181.369 90.2624
-0.147728 90.1706 -88.7105 190.41 90.1103
-0.165884 90.1696 -85.844 193.36 90.0575
-0.266419 90.1708 -78.4442 190.245 90.0984
-0.343185 90.1688 -72.778 190.842 90.0783
-0.418234 90.1471 -66.9978 188.649 90.0874
-0.372608 90.1485 -66.9618 189.006 90.0592
-0.316379 90.1461 -68.6527 190.559 90.0276
-0.216188 90.147 -75.3632 194.654 89.9436
-0.134771 90.1482 -80.9671 192.738 89.9473
-0.0626864 90.1465 -86.6618 195.08 89.9035
-0.0359118 90.1509 -88.048 194.738 89.9038
-0.0132871 90.1521 -89.9926 194.736 89.8903
-0.00106149 90.1467 -91.7935 193.068 89.9096
-0.0417368 90.152 -92.1932 196.611 90.0138
0.00772165 90.1575 -91.8559 199.298 89.9089
0.0329667 90.1725 -91.8523 199.301 89.9113
0.0637537 90.1908 -91.8437 199.301 89.904
0.0714669 90.1874 -91.8206 199.3 89.8967
0.0807583 90.195 -91.8085 199.305 89.8957
0.0715267 90.1695 -91.761 199.304 89.8853
0.393838 90.1634 -77.756 182.903 89.5708
-0.0683786 90.1653 -78.7232 181.278 90.059
-0.0497567 90.1722 -78.7135 180.748 90.0564
-0.0311865 90.1669 -80.5528 171.645 90.1882
-0.025466 90.1622 -80.5528 173.833 90.1495
-0.0162402 90.1652 -80.528 173.833 90.1297
-0.0120774 90.1651 -79.5602 177.425 90.0838
-0.0524595 90.1663 -76.0994 177.251 90.0738
-0.0970335 90.1662 -72.3562 178.52 90.0582
-0.121036 90.1645 -69.5307 179.16 90.0521
-0.125902 90.1728 -67.9102 179.607 90.0305
-0.133625 90.177 -66.6027 181.853 89.992
-0.130443 90.1789 -66.1272 182.728 89.9727
-0.129505 90.1805 -66.1132 182.825 89.9777
-0.0925114 90.1853 -68.2987 184.336 89.9551
-0.0508132 90.1851 -72.2201 184.272 89.9511
0.00441214 90.1841 -77.4653 183.686 89.9423
0.024439 90.1885 -78.6338 183.462 89.8666
0.0262093 90.1868 -78.6056 182.523 89.9111
0.00726693 90.1852 -76.5399 180.465 89.9382
-0.17243 90.1879 -61.4513 165.383 90.1278
-0.337793 90.192 -49.917 153.86 90.3037
-0.368589 90.1803 -47.3099 151.266 90.3371
-0.353847 90.1768 -47.2906 151.264 90.3235
-0.336581 90.1757 -47.2651 151.25 90.3087
-0.168743 90.173 -58.1974 162.19 90.1395
0.024472 90.1686 -75.2991 179.306 89.9388
0.0128649 90.1634 -75.2675 179.288 89.9442
0.00291084 90.1625 -75.2425 179.273 89.9516
-0.0034638 90.1599 -75.2162 179.259 89.9584
-0.0116955 90.1567 -75.1948 179.247 89.9621
-0.018044 90.1583 -75.176 179.24 89.9679
-0.0230805 90.1581 -75.1548 179.229 89.9705
-0.0216426 90.1641 -75.137 179.22 89.9776
-0.0265155 90.1618 -75.1154 179.208 89.9871
-0.0314526 90.1584 -75.0872 179.193 89.9887
-0.0250335 90.1609 -75.0604 179.177 89.9884
-0.0251077 90.1637 -75.038 179.161 89.9905
-0.0282079 90.1597 -75.0097 179.15 89.9906
-0.033036 90.1578 -74.983 179.135 89.9963
-0.0294993 90.1621 -74.9607 179.12 89.9993
-0.0231225 90.1718 -74.9476 179.106 90.0036
-0.0355257 90.1624 -74.9169 179.098 90.0075
-0.0205551 90.1792 -74.9086 179.087 90.0077
-0.0231061 90.1708 -74.8804 179.082 90.0067
-0.0328356 90.1601 -74.8455 179.073 90.004
-0.0365879 90.1532 -74.8141 179.06 90.0073
-0.0279405 90.1626 -74.7986 179.048 90.0085
-0.0277068 90.1653 -74.7765 179.045 90.0085
-0.0232815 90.1754 -74.7673 179.04 90.0092
-0.0261388 90.1733 -74.7396 179.027 90.0086
-0.0213585 90.181 -74.7216 179.015 90.0099
-0.0200356 90.1845 -74.7022 179.009 90.0094
-0.0223141 90.183 -74.6825 179.001 90.0107
-0.0302847 90.1747 -74.6554 178.994 90.0176
-0.0338021 90.1782 -74.6386 178.989 90.0226
-0.0366713 90.1789 -74.6195 178.992 90.024
-0.039937 90.1761 -74.5921 178.98 90.026
-0.03766 90.176 -74.5707 178.972 90.0262
-0.0324896 90.1788 -74.5512 178.963 90.0241
-0.0352224 90.1736 -74.5187 178.952 90.0206
-0.0381301 90.1776 -74.4979 178.943 90.0256
-0.037139 90.1814 -74.4787 178.941 90.0271
-0.0379213 90.1822 -74.4602 178.935 90.0243
-0.0464124 90.1716 -74.4232 178.926 90.0213
-0.0466904 90.1745 -74.4048 178.921 90.0234
-0.0466301 90.1721 -74.377 178.917 90.0193
-0.0395934 90.1783 -74.3592 178.911 90.0162
-0.0599974 90.162 -74.3194 178.904 90.0214
-0.0715292 90.1618 -74.0037 178.605 90.0298
-0.0737093 90.1617 -73.904 178.521 90.0335
-0.053046 90.1591 -71.623 175.018 90.0208
-16.1435 90.1532 -78.5998 182.525 92.3639
-47.9058 90.1501 -82.9364 181.148 96.6743
-61.6828 90.1476 -89.2275 183.491 94.7673
-59.1111 90.1484 -87.8768 183.195 94.4093
-44.2325 90.1514 -85.2885 187.933 88.3326
-18.4472 90.146 -79.619 191.774 88.2505
-1.94134 90.1476 -78.3126 189.393 84.0163
2.01836 90.1421 -77.7793 190.946 89.0233
2.27052 90.1368 -77.5442 190.466 89.0961
2.58233 90.135 -77.6293 190.636 88.6593
-28.5792 90.1411 -77.8439 189.499 96.9185
-57.6296 90.1436 -81.6744 185.63 105.068
-61.2156 90.1449 -85.0969 191.45 103.173
-51.7118 90.1462 -84.8431 192.648 97.517
-35.6772 90.1499 -81.1727 195.319 98.1922
-14.9386 90.1502 -79.8799 198.101 93.7204
-0.701303 90.1466 -80.2402 199.418 85.4863
3.65604 90.1453 -80.6787 199.4 84.5882
4.35196 90.1434 -80.5357 198.982 85.5149
4.10321 90.1425 -79.8712 196.85 84.1759
4.05843 90.1455 -77.8863 194.953 88.3118
-0.0471341 90.0998 -79.6903 190.079 89.7831
-0.0327756 90.0982 -79.6636 190.055 89.84
-0.0156696 90.1075 -79.6428 190.029 89.8622
-0.0173809 90.1036 -79.6125 190.008 89.8791
-0.0126735 90.1039 -79.5845 189.987 89.8899
-0.0122193 90.1061 -79.5597 189.968 89.8963
-0.0140706 90.1033 -79.5315 189.953 89.9025
-0.0168208 90.1065 -79.5083 189.932 89.9124
-0.0183329 90.1087 -79.4841 189.917 89.9154
-0.0217392 90.1116 -79.4581 189.897 89.9195
-0.0231588 90.1096 -79.4341 189.883 89.9185
-0.0267178 90.1127 -79.4134 189.866 89.926
-0.0272009 90.1131 -79.3916 189.853 89.9325
-0.0330945 90.1106 -79.3623 189.84 89.9366
-0.0197428 90.1266 -79.3535 189.826 89.9354
-0.0165254 90.1278 -79.3269 189.811 89.9349
-0.0198411 90.1248 -79.2994 189.793 89.9389
-0.0189255 90.1253 -79.2728 189.781 89.9417
-0.0174072 90.1242 -79.2443 189.766 89.9385
-0.0165445 90.1251 -79.2273 189.755 89.9396
-0.0214777 90.1286 -79.2008 189.737 89.944
-0.0231033 90.1272 -79.1811 189.729 89.95
-0.0267399 90.124 -79.1553 189.719 89.95
-0.0237986 90.1267 -79.1334 189.71 89.9499
-0.022519 90.1241 -79.1101 189.698 89.9465
-0.0274064 90.1224 -79.0828 189.686 89.9538
-0.0269212 90.1242 -79.0603 189.678 89.9494
-0.0230006 90.1234 -79.0332 189.67 89.9431
-0.0268193 90.1237 -79.0079 189.655 89.9422
-0.0272839 90.1244 -78.9898 189.643 89.939
-0.0240364 90.1309 -78.9745 189.637 89.9401
-0.0376917 90.1217 -78.9424 189.63 89.9416
-0.0309992 90.1251 -78.9204 189.617 89.9357
-0.0365855 90.1213 -78.8947 189.606 89.9385
-0.0340868 90.1201 -78.8716 189.599 89.9353
-0.0309822 90.1229 -78.8482 189.59 89.9373
-0.0320903 90.1221 -78.8237 189.583 89.9384
-0.0306641 90.1211 -78.7973 189.579 89.9425
-0.0308733 90.1184 -78.7728 189.573 89.9433
-0.0332099 90.1172 -78.7481 189.566 89.942
-0.0104666 90.1532 -78.7601 189.559 89.9511
-0.0291974 90.1218 -75.7544 189.223 89.9092
-0.0467847 90.1309 -77.559 185.295 89.9743
-0.055782 90.121 -77.5268 185.295 89.9715
-0.0492877 90.1247 -77.5023 185.292 89.9768
-0.0508702 90.1235 -77.4787 185.291 89.9775
-0.046577 90.1275 -77.4597 185.283 89.9733
-0.0504628 90.1283 -77.4387 185.276 89.9755
-0.0541298 90.1249 -77.4207 185.283 89.9741
-0.058909 90.125 -77.4008 185.275 89.9766
-0.0565132 90.1287 -77.3855 185.275 89.9748
-0.0576197 90.1245 -77.3586 185.273 89.971
-0.0612204 90.1275 -77.3398 185.268 89.9774
-0.0615362 90.1268 -77.3209 185.265 89.9798
-0.069741 90.1243 -77.2993 185.265 89.9874
-0.0673444 90.1286 -77.2837 185.261 89.9856
-0.064023 90.1319 -77.2706 185.258 89.9856
-0.0686338 90.1261 -77.2492 185.258 89.9919
-0.074713 90.1229 -77.2269 185.261 89.9946
-0.0725386 90.124 -77.2081 185.258 90
-0.0661112 90.1192 -77.1824 185.254 89.9953
-0.0633564 90.1194 -77.1599 185.251 89.9993
-0.0664306 90.1167 -77.1359 185.252 89.999
-0.0685055 90.1231 -77.1227 185.254 90.0036
-0.0673702 90.1229 -77.098 185.254 90.0105
-0.0658737 90.1238 -77.078 185.254 90.0126
-0.0708511 90.1248 -77.0591 185.251 90.0194
-0.0715026 90.1258 -77.0438 185.25 90.0206
-0.0696394 90.1236 -77.0188 185.254 90.0167
-0.0604045 90.1254 -76.9979 185.251 90.0108
-0.0620741 90.1259 -76.9757 185.251 90.0146
-0.063243 90.1263 -76.9597 185.251 90.0184
-0.0652762 90.1257 -76.9356 185.247 90.0193
-0.0691632 90.1247 -76.9129 185.244 90.026
-0.0684652 90.1307 -76.9059 185.246 90.0261
-0.0679472 90.1322 -76.8858 185.251 90.029
-0.0650317 90.1336 -76.8699 185.251 90.0289
-0.0616569 90.1376 -76.8504 185.252 90.0275
-0.064239 90.1339 -76.8277 185.254 90.0271
-0.0648529 90.1299 -76.8053 185.262 90.0262
-0.0658313 90.1246 -76.7829 185.265 90.0291
-0.0681395 90.1251 -76.7645 185.265 90.0312
-0.0668946 90.1235 -76.7401 185.27 90.0313
-0.0698109 90.1268 -76.7245 185.275 90.0333
-0.0653249 90.1236 -76.6969 185.278 90.0332
-0.0673981 90.1225 -76.6767 185.279 90.0361
-0.0647005 90.1216 -76.6559 185.279 90.037
-0.065983 90.1233 -76.6387 185.282 90.0399
-0.0673502 90.1217 -76.6153 185.282 90.0403
-0.0666721 90.1187 -76.5931 185.287 90.0364
-0.0685511 90.12 -76.5806 185.295 90.0434
-0.0680123 90.1195 -76.5658 185.299 90.0467
-0.0674253 90.1221 -76.5503 185.3 90.0437
-0.0653959 90.1229 -76.532 185.307 90.043
-0.0550909 90.1239 -76.515 185.308 90.0363
-0.0610473 90.1205 -76.4898 185.313 90.0362
-0.0605229 90.1224 -76.4692 185.307 90.0368
-0.0632004 90.1188 -76.4439 185.309 90.0392
-0.0647603 90.1201 -76.427 185.311 90.0436
-0.0617912 90.1238 -76.4091 185.312 90.0397
-0.0641788 90.1217 -76.387 185.311 90.0364
-0.0642055 90.1216 -76.3697 185.321 90.0371
-0.0662693 90.1229 -76.3547 185.326 90.0361
-0.0568265 90.1237 -76.3428 185.332 90.0286
-0.0575934 90.121 -76.3211 185.337 90.0279
-0.0613009 90.1203 -76.2988 185.339 90.0309
-0.0609018 90.1259 -76.2854 185.343 90.0343
-0.0602032 90.1258 -76.2692 185.354 90.0337
-0.0673254 90.121 -76.2461 185.362 90.0351
-0.0664911 90.1275 -76.2354 185.367 90.0359
-0.0694683 90.1257 -76.2124 185.366 90.0413
-0.0688219 90.1262 -76.1954 185.37 90.0379
-0.0651994 90.1249 -76.1742 185.374 90.0349
-0.0629303 90.1341 -76.1619 185.376 90.0341
-0.0672239 90.1375 -76.1437 185.381 90.0371
-0.0708615 90.1344 -76.1189 185.381 90.0389
-0.074632 90.1232 -76.09 185.394 90.0349
-0.0718606 90.1298 -76.0782 185.398 90.0351
-0.0737943 90.1263 -76.0561 185.401 90.0322
-0.0751965 90.1305 -76.04 185.407 90.0337
-0.0733805 90.1325 -76.025 185.417 90.0314
-0.0723885 90.1332 -76.0037 185.422 90.0314
-0.0754052 90.1312 -75.9822 185.429 90.0282
-0.0680004 90.1313 -75.9699 185.439 90.0256
-0.0659183 90.1268 -75.9406 185.439 90.0239
-0.0624402 90.1261 -75.9255 185.452 90.0202
-0.0652897 90.1229 -75.9051 185.463 90.0186
-0.0707338 90.1137 -75.8822 185.477 90.0165
-0.0718748 90.1143 -75.8658 185.484 90.0188
-0.0713171 90.1132 -75.8469 185.489 90.0148
-0.0682617 90.1131 -75.8293 185.496 90.0109
-0.0709065 90.1172 -75.8199 185.511 90.0125
-0.0785806 90.1145 -75.8018 185.516 90.0205
-0.0846949 90.1132 -75.7841 185.526 90.027
-0.0847729 90.1156 -75.7686 185.533 90.0281
-0.0868419 90.117 -75.7481 185.541 90.0281
-0.0825355 90.1176 -75.7353 185.554 90.0236
-0.0799167 90.1175 -75.7136 185.558 90.0178
-0.0809074 90.1198 -75.6943 185.569 90.0204
-0.0749231 90.1214 -75.6797 185.574 90.02
-0.0788261 90.1189 -75.6636 185.582 90.0197
-0.074389 90.1188 -75.6464 185.585 90.0151
-0.0701076 90.1184 -75.6307 185.593 90.0165
-0.0649917 90.1163 -75.6077 185.597 90.0179
-0.0671927 90.1191 -75.5954 185.607 90.021
-0.0650288 90.1228 -75.5864 185.619 90.0194
-0.0677325 90.1223 -75.5705 185.625 90.0211
-0.0722702 90.1274 -75.5587 185.631 90.0282
-0.0720636 90.1293 -75.5443 185.637 90.0229
-0.0727961 90.1278 -75.5247 185.646 90.0198
-0.0698511 90.1329 -75.5136 185.66 90.0248
-0.0726734 90.1316 -75.4946 185.67 90.0299
-0.0747494 90.1296 -75.4743 185.675 90.0339
-0.0744487 90.1261 -75.4547 185.68 90.0342
-0.072679 90.1259 -75.4406 185.689 90.0347
-0.0705032 90.1298 -75.433 185.703 90.0345
-0.0687611 90.131 -75.4189 185.71 90.0342
-0.0704474 90.1311 -75.4002 185.714 90.0379
-0.0699809 90.1333 -75.3853 185.727 90.0343
-0.0720567 90.1262 -75.3671 185.74 90.0336
-0.0708752 90.1262 -75.3502 185.752 90.0273
-0.0754904 90.1259 -75.3303 185.76 90.0292
-0.0788313 90.1286 -75.3158 185.773 90.0343
-0.0737916 90.13 -75.301 185.784 90.0289
-0.0748251 90.1293 -75.2901 185.797 90.0319
-0.0808195 90.1297 -75.2796 185.816 90.0358
-0.0832068 90.1321 -75.2636 185.824 90.0392
-0.0809917 90.1337 -75.2525 185.837 90.0393
-0.0783759 90.1359 -75.2415 185.853 90.0397
-0.0784772 90.1355 -75.2282 185.865 90.0435
-0.0766315 90.1436 -75.2184 185.872 90.0451
-0.0726551 90.1457 -75.2025 185.879 90.0444
-0.0702203 90.142 -75.1836 185.893 90.0415
-0.0696375 90.1426 -75.1702 185.9 90.0356
-0.0659173 90.1444 -75.1563 185.914 90.0383
-0.0630234 90.1481 -75.143 185.925 90.0393
-0.0593515 90.149 -75.1224 185.936 90.0366
-0.0577683 90.1487 -75.1056 185.948 90.0338
-0.059381 90.1525 -75.0912 185.956 90.0314
-0.059749 90.1493 -75.0688 185.965 90.0277
-0.0617259 90.1449 -75.0503 185.975 90.03
-0.0624752 90.1449 -75.0336 185.984 90.0284
-0.0627608 90.148 -75.0204 185.998 90.0233
-0.0591376 90.1478 -75.0047 186.01 90.0198
-0.0559982 90.1521 -74.9919 186.021 90.0269
-0.0589159 90.1529 -74.9765 186.028 90.0285
-0.0584576 90.1552 -74.9657 186.038 90.0272
-0.0590573 90.1542 -74.9485 186.047 90.0277
-0.0547309 90.1502 -74.9353 186.064 90.027
-0.0550074 90.1492 -74.9218 186.079 90.0266
-0.0516135 90.1536 -74.9137 186.095 90.0267
-0.0581681 90.1492 -74.8915 186.107 90.0261
-0.0590384 90.1453 -74.8724 186.116 90.0321
-0.0539667 90.1536 -74.866 186.131 90.0335
-0.0595696 90.153 -74.851 186.143 90.0376
-0.0555792 90.1525 -74.8389 186.155 90.0369
-0.0487294 90.1573 -74.8278 186.162 90.0383
-0.044321 90.1632 -74.8187 186.176 90.0368
-0.0487112 90.1607 -74.8035 186.191 90.0429
-0.0472467 90.1642 -74.7941 186.203 90.0443
-0.0479621 90.1579 -74.7702 186.209 90.0431
-0.0530725 90.1563 -74.7533 186.22 90.0481
-0.0467978 90.1598 -74.7439 186.232 90.0463
-0.0452341 90.1628 -74.7282 186.236 90.0493
-0.0441478 90.1582 -74.7076 186.246 90.0398
-0.0417295 90.1596 -74.6929 186.254 90.04
-0.0409849 90.1611 -74.6731 186.257 90.0446
-0.0414527 90.1581 -74.6568 186.264 90.0474
-0.0379973 90.1615 -74.6424 186.271 90.0486
-0.0365321 90.1641 -74.6307 186.281 90.0483
-0.0367522 90.1597 -74.6102 186.289 90.0462
-0.0316131 90.1539 -74.5885 186.299 90.045
-0.0241456 90.1581 -74.5774 186.31 90.0413
-0.0261774 90.156 -74.5619 186.317 90.0398
-0.0242692 90.1575 -74.5518 186.327 90.0417
