4
0.237708 90.1296 -90.1388 180 90
0.0262635 90.0734 89.9429 -0.00374169 -89.9761
0.243742 90.1401 -90.1502 180 90
0.0212607 90.0773 89.9389 -0.00367274 -89.9664
0.228837 90.1361 -90.1467 180 90
0.0156592 90.0761 89.9383 -0.00509237 -89.9694
0.227852 90.1311 -90.1429 180 90
0.020451 90.0631 89.9477 -0.00021863 -89.9737
0.255256 90.1396 -90.1523 180 90
0.0139811 90.0756 89.9366 -0.00282511 -89.9569
0.228874 90.1222 -90.1345 180 90
0.00893904 90.0707 89.9409 0.000693656 -89.9499
0.226368 90.1156 -90.1293 180 90
0.0229326 90.0619 89.955 -0.00308944 -89.952
0.252744 90.1331 -90.1489 180 90
0.0179672 90.0668 89.9524 -0.003731 -89.935
0.238303 90.0987 -90.1178 180 90
0.0134945 90.0714 89.9485 -0.00607795 -89.937
0.234744 90.1046 -90.1196 180 90
0.0145014 90.0705 89.9476 -0.00537823 -89.9434
0.262181 90.1181 -90.1219 180 90
-0.00417721 90.0713 89.943 -0.00727728 -89.9374
0.263635 90.1042 -90.1016 180 90
-0.00967671 90.0842 89.9276 -0.00880037 -89.92
0.25711 90.1041 -90.0909 180 90
-0.0201563 90.0779 89.9347 -0.0111389 -89.915
0.266068 90.1201 -90.0977 180 90
-0.0358151 90.0687 89.9412 -0.00641237 -89.902
0.287483 90.1281 -90.0939 180 90
-0.0537837 90.0725 89.9336 -0.00348009 -89.8896
0.316357 90.15 -90.108 180 90
-0.0667078 90.0825 89.9247 -0.00566787 -89.8731
0.342756 90.1685 -90.1108 180 90
-0.0717777 90.0854 89.9184 -0.0033785 -89.8651
0.34419 90.1471 -90.0875 180 90
-0.0588884 90.0911 89.9126 -0.00045718 -89.8768
0.365046 90.1332 -90.064 180 90
-0.0627326 90.101 89.9034 -0.00106636 -89.8769
0.391436 90.1373 -90.059 180 90
-0.0609517 90.1014 89.8978 0.00364481 -89.8776
0.385099 90.1538 -90.0692 180 90
-0.064457 90.1019 89.8984 0.000302726 -89.8766
0.387086 90.1538 -90.0658 180 90
-0.052978 90.104 89.8956 -0.000497696 -89.8856
0.40348 90.1642 -90.0656 180 90
-0.0598587 90.106 89.8954 -0.00309554 -89.8787
0.389043 90.1593 -90.0542 180 90
-0.047584 90.1 89.9002 -0.00141267 -89.887
0.384521 90.1637 -90.0449 180 90
-0.048567 90.106 89.8934 -0.00344692 -89.8707
0.412389 90.1886 -90.062 180 90
-0.0472237 90.079 89.9198 -0.00068462 -89.8915
0.37501 90.178 -90.0409 180 90
-0.035696 90.0797 89.9196 -0.00248475 -89.8925
0.370577 90.2286 -90.0848 180 90
-0.0576773 90.0606 89.941 -0.0042479 -89.8806
0.357493 90.1903 -90.0404 180 90
-0.0905033 90.0496 89.9543 -0.00313659 -89.8626
0.331604 90.1912 -90.0315 180 90
-0.104473 90.0356 89.9653 -0.000912971 -89.8615
0.319622 90.1906 -90.024 180 90
-0.0960081 90.044 89.956 -0.00297436 -89.8771
0.274711 90.1269 -89.9528 180 90
-0.0946067 90.0331 89.9683 0.000106869 -89.8801
0.271236 90.1408 -89.962 180 90
-0.080048 90.0257 89.9825 0.000210322 -89.9129
0.264814 90.183 -89.9967 180 90
-0.076933 90.0252 89.9851 -0.000369452 -89.9121
0.239438 90.1949 -90.0058 180 90
-0.0713548 90.0343 89.9725 0.00189035 -89.9046
0.213089 90.1919 -89.9957 180 90
-0.0678325 90.0168 89.9898 0.00115804 -89.926
0.143306 90.128 -89.9214 180 90
-0.0530685 90.044 89.9592 0.00469009 -89.913
0.135831 90.1806 -89.9693 180 90
-0.0519399 90.0536 89.9476 0.00255881 -89.8977
0.0127785 90.1047 -89.8867 180 90
-0.0619716 90.0445 89.955 0.00112147 -89.8982
-0.0719173 90.032 -89.8049 180 90
-0.0679803 90.0435 89.9538 0.0014104 -89.8957
-0.105348 89.9985 -89.7677 180 90
-0.0504587 90.0651 89.9287 0.0037591 -89.8941
-0.09746 90.0034 -89.7651 180 90
-0.046155 90.0496 89.9452 0.00244912 -89.9289
-0.149831 89.9342 -89.6906 180 90
-0.0688685 90.0057 89.986 0.00415506 -89.9343
-0.158341 89.9416 -89.6906 180 90
-0.0823778 90.0027 89.9893 0.000186585 -89.9314
-0.174299 89.9623 -89.7055 180 90
-0.10611 90.0073 89.9785 0.00560579 -89.9216
-0.205727 89.9006 -89.6439 180 90
-0.116689 89.9889 89.9967 0.00718562 -89.9191
-0.299837 89.8358 -89.5724 180 90
-0.105356 89.9927 89.9899 0.00472702 -89.9375
-0.311833 89.8298 -89.5655 180 90
-0.0964225 89.9853 89.9951 0.00353525 -89.9575
-0.31732 89.8748 -89.604 180 90
-0.114377 89.9937 89.9846 0.0031058 -89.9376
-0.342658 89.8733 -89.5976 180 90
-0.12537 89.9946 89.981 0.00278621 -89.9193
-0.371599 89.8473 -89.5658 180 90
-0.134771 89.9999 89.9739 0.000617591 -89.9095
-0.370174 89.8646 -89.5745 180 90
-0.134017 89.9774 89.9933 0.00533431 -89.9317
-0.425919 89.8585 -89.5658 180 90
-0.138611 89.9609 90.0094 0.00593122 -89.9262
-0.517043 89.7684 -89.4694 180 90
-0.11951 89.9904 89.98 0.00749245 -89.9351
-0.535471 89.746 -89.4435 180 90
-0.112383 89.9831 89.9928 0.00506975 -89.9338
-0.656459 89.6375 -89.3308 180 90
-0.110068 89.9728 90.0007 0.00576952 -89.9371
-0.660983 89.628 -89.3206 180 90
-0.123045 89.9464 90.0286 0.00355566 -89.9337
-0.635097 89.6474 -89.3372 180 90
-0.156778 89.8878 90.0912 0.00116078 -89.9401
-0.604211 89.6659 -89.3574 180 90
-0.165273 89.8496 90.1274 -0.000110492 -89.9358
-0.592806 89.6738 -89.3722 180 90
-0.167761 89.8333 90.142 0.00031036 -89.9407
-0.60376 89.638 -89.336 180 90
-0.180472 89.8133 90.1612 0.00234601 -89.9409
-0.599219 89.647 -89.3525 180 90
-0.138783 89.8589 90.117 -0.000921866 -89.9405
-0.587242 89.6411 -89.3564 180 90
-0.131624 89.8447 90.1336 -0.00238409 -89.94
-0.5738 89.6406 -89.3685 180 90
-0.145523 89.8452 90.1368 -0.00439826 -89.94
-0.549857 89.6675 -89.4038 180 90
-0.150098 89.846 90.1376 -0.00414325 -89.9485
-0.601609 89.6093 -89.3586 180 90
-0.14509 89.8506 90.1337 -0.0044318 -89.9599
-0.654382 89.5581 -89.3202 180 90
-0.132153 89.8506 90.1338 -0.00481153 -89.9707
-0.647349 89.5715 -89.344 180 90
-0.143014 89.8637 90.123 -0.00725277 -89.9603
-0.664309 89.5432 -89.3234 180 90
-0.139483 89.8687 90.1186 -0.00345139 -89.9732
-0.656304 89.5581 -89.3463 180 90
-0.129893 89.8693 90.1215 -0.00257935 -89.9925
-0.6657 89.573 -89.3709 180 90
-0.131982 89.8803 90.1078 -0.00174662 -89.9761
-0.669176 89.6004 -89.4066 180 90
-0.148025 89.8746 90.1132 -0.0028049 -89.9865
-0.64331 89.6287 -89.4405 180 90
-0.126761 89.8898 90.0992 -0.00538205 -89.9891
-0.65624 89.6242 -89.4427 180 90
-0.122821 89.8805 90.107 -0.00548408 -89.9896
-0.645199 89.6437 -89.4635 180 90
-0.134229 89.8675 90.1251 -0.00913071 -89.9882
-0.598945 89.674 -89.4948 180 90
-0.153149 89.8565 90.14 -0.00975474 -89.9753
-0.627826 89.6372 -89.466 180 90
-0.146602 89.8432 90.1574 -0.00975357 -89.9877
-0.621405 89.6382 -89.4732 180 90
-0.127027 89.8438 90.1572 -0.00653196 -89.9966
-0.606447 89.6347 -89.4748 180 90
-0.146952 89.8395 90.1619 -0.00352099 -89.9701
-0.619426 89.5781 -89.4249 180 90
-0.138353 89.8372 90.165 -0.00531862 -89.9687
-0.582093 89.5752 -89.4315 180 90
-0.138845 89.8569 90.1502 -0.00733437 -89.9437
-0.559151 89.5812 -89.44 180 90
-0.126293 89.8669 90.142 -0.00497255 -89.9432
-0.552199 89.5757 -89.4402 180 90
-0.123885 89.8713 90.1393 -0.00510944 -89.9588
-0.522349 89.5897 -89.4593 180 90
-0.131986 89.8647 90.1476 -0.00405165 -89.9598
-0.495951 89.6185 -89.4927 180 90
-0.133203 89.8726 90.1383 -0.000819849 -89.9601
-0.5303 89.5971 -89.479 180 90
-0.133271 89.869 90.1439 3.41971e-05 -89.9625
-0.558115 89.5866 -89.4738 180 90
-0.119904 89.8651 90.1453 -0.000206766 -89.9774
-0.501415 89.612 -89.5056 180 90
-0.12841 89.8441 90.1687 0.000931365 -89.972
-0.471578 89.6404 -89.5366 180 90
-0.149995 89.8403 90.1729 0.00124464 -89.9632
-0.467591 89.6641 -89.5688 180 90
-0.142667 89.8347 90.1771 0.0010455 -89.9657
-0.517809 89.6332 -89.5396 180 90
-0.142676 89.8313 90.1791 0.000483025 -89.9636
-0.535244 89.6143 -89.5248 180 90
-0.164194 89.8198 90.1884 0.00363932 -89.9565
-0.531286 89.6059 -89.5193 180 90
-0.165206 89.8243 90.1821 0.00395136 -89.9654
-0.522742 89.6318 -89.55 180 90
-0.153376 89.8407 90.1599 0.0106152 -89.9667
-0.578494 89.59 -89.5082 180 90
-0.164847 89.8157 90.1859 0.00541345 -89.9753
-0.59636 89.5801 -89.5031 180 90
-0.14194 89.8266 90.173 0.00625376 -89.9895
-0.610283 89.5503 -89.475 180 90
-0.130986 89.8317 90.1659 0.00611856 -90.0039
-0.604788 89.5628 -89.4837 180 90
-0.111835 89.8558 90.1394 0.00409286 -90.0021
-0.570993 89.5901 -89.5167 180 90
-0.114522 89.8536 90.1374 0.00810135 -90.0069
-0.571927 89.5946 -89.5281 180 90
-0.106443 89.8591 90.133 0.00985564 -90.0089
-0.579877 89.6214 -89.5559 180 90
-0.119008 89.8336 90.1607 0.00776254 -89.9982
-0.555499 89.6403 -89.5782 180 90
-0.134947 89.8465 90.1478 0.00325004 -89.9883
-0.551566 89.6443 -89.5839 180 90
-0.145453 89.8475 90.1448 0.00384472 -89.9937
-0.51822 89.6697 -89.6167 180 90
-0.15751 89.8529 90.1358 0.00828252 -89.9816
-0.526195 89.6587 -89.6119 180 90
-0.151969 89.8547 90.1396 0.00446274 -89.9857
-0.562015 89.6602 -89.618 180 90
-0.14398 89.8533 90.138 0.00445289 -89.9908
-0.672562 89.5552 -89.5159 180 90
-0.159226 89.8662 90.1264 0.00147212 -89.9611
-0.654113 89.5597 -89.524 180 90
-0.164192 89.8737 90.1168 0.00205968 -89.9631
-0.644181 89.6395 -89.6061 180 90
-0.167688 89.8706 90.1173 0.00120853 -89.9547
-0.633223 89.6559 -89.6299 180 90
-0.16201 89.8777 90.1123 0.00305634 -89.9407
-0.699026 89.6026 -89.5796 180 90
-0.155023 89.8743 90.1165 0.00199285 -89.9482
-0.698474 89.5971 -89.5778 180 90
-0.173872 89.8832 90.1094 -0.000796398 -89.933
-0.698024 89.5748 -89.5499 180 90
-0.166265 89.8842 90.1103 0.0010847 -89.9365
-0.697056 89.5624 -89.5388 180 90
-0.17133 89.8613 90.134 0.00254148 -89.9408
-0.647267 89.5803 -89.5549 180 90
-0.181344 89.8393 90.1576 0.00196417 -89.9468
-0.640848 89.5838 -89.5637 180 90
-0.168688 89.8599 90.1385 0.00463208 -89.9412
-0.620441 89.6032 -89.5843 180 90
-0.187066 89.8554 90.1396 0.00363643 -89.924
-0.613969 89.6255 -89.6101 180 90
-0.187074 89.8633 90.1341 0.000854233 -89.9275
-0.585592 89.6464 -89.6352 180 90
-0.18407 89.8732 90.1205 0.00195722 -89.9244
-0.592058 89.6488 -89.638 180 90
-0.194019 89.8802 90.1165 0.00263357 -89.911
-0.607488 89.619 -89.6089 180 90
-0.166424 89.8976 90.098 0.000741401 -89.9262
-0.582179 89.6315 -89.6201 180 90
-0.164616 89.8857 90.1114 0.0043271 -89.9349
-0.54729 89.6599 -89.6519 180 90
-0.164063 89.8912 90.1063 0.00432177 -89.9393
-0.53635 89.6837 -89.6731 180 90
-0.16096 89.8934 90.1078 0.00332431 -89.9304
-0.550275 89.6971 -89.6862 180 90
-0.141034 89.9029 90.0988 0.00259174 -89.9587
-0.55176 89.6742 -89.6661 180 90
-0.140852 89.8939 90.1117 -0.0021289 -89.9564
-0.560202 89.6753 -89.6705 180 90
-0.163503 89.8787 90.1257 -0.00232844 -89.9623
-0.575619 89.7066 -89.6979 180 90
-0.161001 89.8827 90.1196 0.000586334 -89.9648
-0.575638 89.709 -89.6972 180 90
-0.143485 89.8942 90.1095 0.00373066 -89.9778
-0.596034 89.7273 -89.717 180 90
-0.126937 89.9028 90.0992 0.00738356 -89.9995
-0.597482 89.7393 -89.7279 180 90
-0.124097 89.9022 90.094 0.00809183 -90.0075
-0.607981 89.7069 -89.6942 180 90
-0.119605 89.9068 90.0925 0.00922345 -90.0115
-0.599499 89.7 -89.6857 180 90
-0.131267 89.9046 90.0912 0.0115974 -89.9976
-0.594488 89.6886 -89.6745 180 90
-0.126125 89.9081 90.0856 0.0165458 -90.0089
-0.615854 89.6678 -89.6523 180 90
-0.138113 89.9008 90.0926 0.017494 -89.9993
-0.5984 89.6828 -89.6702 180 90
-0.148954 89.8976 90.1017 0.0123452 -89.997
-0.60835 89.6609 -89.6479 180 90
-0.135099 89.8947 90.1013 0.0160884 -90.0104
-0.573539 89.7066 -89.6926 180 90
-0.149053 89.8758 90.1248 0.017186 -89.9959
-0.605428 89.6723 -89.6566 180 90
-0.13496 89.884 90.1194 0.0151583 -89.9903
-0.571074 89.6808 -89.6638 180 90
-0.143517 89.8826 90.1233 0.0147488 -89.9937
-0.603954 89.6395 -89.6253 180 90
-0.117533 89.9012 90.1006 0.014379 -90.0012
-0.598433 89.6539 -89.6442 180 90
-0.10266 89.9087 90.0894 0.0140201 -90.0255
-0.584073 89.6301 -89.6203 180 90
-0.117421 89.9173 90.0821 0.0107424 -89.9978
-0.560688 89.6455 -89.6379 180 90
-0.122061 89.8957 90.1029 0.00975772 -90.0186
-0.563151 89.633 -89.6284 180 90
-0.116723 89.9091 90.0885 0.0104308 -90.0298
-0.572131 89.6226 -89.6228 180 90
-0.107838 89.9166 90.0767 0.0144506 -90.0382
-0.569673 89.6171 -89.6167 180 90
-0.0944721 89.9131 90.0782 0.0182243 -90.0396
-0.613486 89.5699 -89.5681 180 90
-0.0729488 89.9386 90.0541 0.0158494 -90.0372
-0.578613 89.6057 -89.605 180 90
-0.0733125 89.9589 90.0335 0.0153892 -90.0203
-0.580571 89.6177 -89.6136 180 90
-0.0618873 89.96 90.0349 0.0156789 -90.0277
-0.627303 89.5868 -89.5863 180 90
-0.0524436 89.9635 90.0314 0.0163999 -90.0321
-0.610848 89.5884 -89.5847 180 90
-0.092284 89.9415 90.0578 0.0111311 -90.0119
-0.636327 89.5222 -89.5252 180 90
-0.0908118 89.9411 90.0589 0.00835663 -90.012
-0.613398 89.5411 -89.5446 180 90
-0.0952128 89.9416 90.0573 0.00761726 -90.0085
-0.620418 89.5038 -89.5054 180 90
-0.0976576 89.9416 90.0562 0.00622031 -89.9926
-0.615962 89.4765 -89.4786 180 90
-0.096981 89.9585 90.0386 0.00479873 -89.9943
-0.606985 89.4761 -89.4724 180 90
-0.099035 89.9541 90.0432 0.00595938 -89.9982
-0.583569 89.5153 -89.5105 180 90
-0.0974809 89.9635 90.0339 0.00325244 -89.9873
-0.595026 89.5227 -89.5202 180 90
-0.0944636 89.961 90.0403 0.00299876 -89.9937
-0.628374 89.4913 -89.4874 180 90
-0.113411 89.9386 90.0637 0.00353967 -89.9814
-0.62339 89.5107 -89.4989 180 90
-0.0974114 89.9511 90.0518 0.00421605 -89.9823
-0.624938 89.5018 -89.4903 180 90
-0.0858689 89.9576 90.0443 0.00146441 -89.9745
-0.643379 89.4779 -89.4695 180 90
-0.0852408 89.9791 90.0268 -0.00650509 -89.9592
-0.621461 89.4809 -89.4749 180 90
-0.0769593 89.9993 90.0094 -0.00702928 -89.9487
-0.65779 89.4531 -89.4451 180 90
-0.0906954 89.9797 90.0227 -0.00234601 -89.9625
-0.635891 89.476 -89.4658 180 90
-0.101013 89.9746 90.0292 -0.00447329 -89.9526
-0.670257 89.4759 -89.4657 180 90
-0.110635 89.9452 90.0527 0.000474408 -89.9461
-0.655315 89.4988 -89.4854 180 90
-0.122458 89.9387 90.0583 0.00143652 -89.9298
-0.649352 89.5027 -89.4922 180 90
-0.108766 89.9576 90.0414 6.88217e-05 -89.942
-0.652924 89.4843 -89.4779 180 90
-0.125262 89.9456 90.0532 0.000787442 -89.9389
-0.623041 89.528 -89.5249 180 90
-0.150132 89.9214 90.0785 -0.00100165 -89.9318
-0.712616 89.434 -89.4302 180 90
-0.130735 89.9135 90.0845 -0.00091475 -89.9418
-0.699169 89.4821 -89.4797 180 90
-0.127216 89.9166 90.0822 -0.00316314 -89.9439
-0.671301 89.4966 -89.4935 180 90
-0.12222 89.9211 90.0758 -0.00330855 -89.9459
-0.681849 89.4592 -89.4589 180 90
-0.104109 89.9136 90.089 -0.00651585 -89.9655
-0.668387 89.4836 -89.484 180 90
-0.100566 89.9201 90.0857 -0.00649973 -89.9788
-0.702674 89.4428 -89.4438 180 90
-0.0824952 89.9192 90.0885 -0.0088074 -90.0097
-0.702733 89.4334 -89.4359 180 90
-0.0816388 89.9185 90.088 -0.00678319 -90.0167
-0.668423 89.4255 -89.4275 180 90
-0.0905693 89.9165 90.0953 -0.00583831 -90.0176
-0.668933 89.4518 -89.4426 180 90
-0.0827859 89.9149 90.093 -0.00459929 -90.0206
-0.634599 89.4564 -89.4305 180 90
-0.0796724 89.9144 90.0956 -0.00233994 -90.0138
-0.701336 89.4179 -89.3818 180 90
-0.0750512 89.9255 90.0849 -0.0049931 -89.9995
-0.694382 89.4244 -89.3803 180 90
-0.0741357 89.926 90.0863 -0.00726408 -90.0105
-0.678477 89.4215 -89.3675 180 90
-0.073138 89.9324 90.0788 -0.00646321 -90.0075
-0.640139 89.4459 -89.3888 180 90
-0.0845011 89.929 90.0785 -0.00655828 -89.9822
-0.610297 89.4614 -89.3976 180 90
-0.0579492 89.9441 90.0655 -0.00506382 -89.9843
-0.599842 89.4843 -89.4147 180 90
-0.0618671 89.949 90.0604 -0.0041705 -89.9764
-0.628713 89.4941 -89.4184 180 90
-0.0620818 89.9515 90.0632 -0.00867849 -89.9677
-0.598857 89.5051 -89.422 180 90
-0.062626 89.953 90.059 -0.00344426 -89.9503
-0.600332 89.4982 -89.4151 180 90
-0.0547168 89.9499 90.0606 -0.00357416 -89.9559
-0.569536 89.5151 -89.431 180 90
-0.0572064 89.9298 90.0804 -0.00297296 -89.963
-0.520767 89.546 -89.461 180 90
-0.0225799 89.956 90.0542 -0.00256752 -89.9744
-0.518766 89.5525 -89.4626 180 90
-0.0310639 89.948 90.0635 -0.00598105 -89.9884
-0.537196 89.554 -89.4583 180 90
-0.0184504 89.9366 90.0769 -0.00631576 -90.001
-0.548585 89.5734 -89.4725 180 90
-0.0119976 89.9342 90.0774 -0.00492984 -89.9975
-0.523175 89.6366 -89.5254 180 90
-0.0192433 89.9397 90.0737 -0.00813269 -89.9873
-0.491815 89.6585 -89.5466 180 90
-0.0341168 89.9322 90.081 -0.00657347 -89.9683
-0.457483 89.6934 -89.5769 180 90
-0.0257797 89.9269 90.0866 -0.00526031 -89.9723
-0.528698 89.6117 -89.4843 180 90
-0.0222201 89.9328 90.0782 -0.00672664 -89.9669
-0.497815 89.6222 -89.4917 180 90
-0.021773 89.9357 90.0733 -0.00349036 -89.9737
-0.506275 89.6505 -89.5189 180 90
-0.0399337 89.9007 90.1082 -0.00732755 -89.9779
-0.495287 89.6739 -89.5325 180 90
-0.0373335 89.8997 90.1099 -0.00712025 -89.9838
-0.463929 89.6839 -89.537 180 90
-0.0344158 89.8996 90.1059 -0.00473464 -89.9957
-0.495249 89.6556 -89.5085 180 90
-0.0504666 89.877 90.1283 -0.00937507 -89.9863
-0.486832 89.6516 -89.5081 180 90
-0.0500958 89.8715 90.1288 -0.00483778 -89.9853
-0.482306 89.6858 -89.5534 180 90
-0.0307671 89.8821 90.12 -0.00750777 -89.9827
-0.500264 89.653 -89.5267 180 90
-0.0336731 89.878 90.1248 -0.00677883 -89.9907
-0.484819 89.656 -89.5407 180 90
-0.0202201 89.8711 90.132 -0.00545119 -90.0022
-0.486186 89.6566 -89.5481 180 90
-0.0174946 89.8861 90.1186 -0.00820765 -89.9836
-0.469245 89.6596 -89.5609 180 90
-0.00756004 89.8778 90.1228 -0.00608038 -89.9924
-0.44589 89.6776 -89.5839 180 90
0.00640329 89.8807 90.1184 -0.00391246 -90.0067
-0.439849 89.7005 -89.6156 180 90
-0.0190696 89.8703 90.131 -0.00841065 -89.9978
-0.463216 89.694 -89.6158 180 90
-0.0246845 89.8617 90.1367 -0.0072683 -89.9933
-0.475133 89.6845 -89.6121 180 90
-0.0122821 89.8563 90.1397 -0.00674796 -90.0068
-0.457249 89.695 -89.6327 180 90
-0.00972912 89.8569 90.1423 -0.00449491 -89.9897
-0.420929 89.7298 -89.6822 180 90
-0.00560541 89.8565 90.1474 -0.00766983 -89.9888
-0.4239 89.7506 -89.7132 180 90
0.0149605 89.8926 90.111 -0.0101892 -89.9653
-0.44173 89.762 -89.7368 180 90
0.0115853 89.8917 90.1088 -0.00576614 -89.9525
-0.428308 89.7685 -89.7562 180 90
0.00188938 89.8837 90.1178 -0.00312168 -89.9438
-0.444697 89.7735 -89.7662 180 90
0.00387697 89.8936 90.1055 -0.00300411 -89.9626
-0.448171 89.7744 -89.7706 180 90
-0.000599682 89.8927 90.1065 -0.00425332 -89.9551
-0.491972 89.7237 -89.7264 180 90
-0.0432469 89.8641 90.1357 -0.00568301 -89.9451
-0.544216 89.7246 -89.7341 180 90
-0.0480498 89.8675 90.1293 -0.00272532 -89.9494
-0.624335 89.6638 -89.6839 180 90
-0.0537609 89.8498 90.1487 0.000521108 -89.9513
-0.598992 89.6767 -89.7028 180 90
-0.0645819 89.8371 90.1555 0.00222645 -89.9537
-0.593469 89.6817 -89.7164 180 90
-0.0598279 89.836 90.1536 0.00283068 -89.9555
-0.595955 89.6753 -89.7202 180 90
-0.0674189 89.8439 90.1439 0.00426017 -89.9603
-0.62777 89.7016 -89.755 180 90
-0.0798582 89.8469 90.138 0.00411984 -89.9525
-0.661127 89.6688 -89.7256 180 90
-0.0988865 89.8367 90.1494 0.00544878 -89.9396
-0.655646 89.6628 -89.7258 180 90
-0.0995229 89.8512 90.1345 0.00290884 -89.9389
-0.643187 89.6788 -89.7513 180 90
-0.116678 89.828 90.1583 0.00234576 -89.9409
-0.658137 89.6534 -89.7291 180 90
-0.133745 89.8324 90.1561 0.000532864 -89.9308
-0.747261 89.5493 -89.6355 180 90
-0.141322 89.831 90.1558 -0.000917474 -89.9287
-0.767111 89.5384 -89.6333 180 90
-0.130784 89.8495 90.1375 -0.00237702 -89.9252
-0.782061 89.5329 -89.6349 180 90
-0.131808 89.8451 90.1421 -0.000362969 -89.9136
-0.813914 89.5254 -89.6336 180 90
-0.130287 89.8564 90.1317 -0.00261007 -89.9181
-0.808404 89.5106 -89.6213 180 90
-0.145084 89.8579 90.1319 -0.00262817 -89.8993
-0.784533 89.5632 -89.6783 180 90
-0.138197 89.8713 90.1193 -0.00154188 -89.9062
-0.77111 89.5638 -89.6833 180 90
-0.144265 89.8748 90.1118 -0.000426112 -89.8981
-0.750205 89.5732 -89.697 180 90
-0.147647 89.8734 90.1148 -0.00124866 -89.8917
-0.751684 89.5667 -89.6979 180 90
-0.172186 89.8525 90.138 -0.00494832 -89.8713
-0.709924 89.6085 -89.7434 180 90
-0.161228 89.8656 90.1241 -0.00511159 -89.8643
-0.69948 89.6051 -89.745 180 90
-0.125643 89.9017 90.0888 -0.00588008 -89.8673
-0.755227 89.522 -89.6652 180 90
-0.118275 89.8998 90.0903 -0.00482343 -89.8804
-0.858732 89.4314 -89.5744 180 90
-0.118717 89.9029 90.0888 -0.00687695 -89.881
-0.841795 89.4413 -89.5843 180 90
-0.134806 89.8838 90.1066 -0.00615315 -89.8874
-0.834329 89.48 -89.6276 180 90
-0.137868 89.8842 90.1062 -0.00515505 -89.8903
-0.85566 89.4601 -89.6096 180 90
-0.128028 89.8868 90.102 -0.00722511 -89.9017
-0.870099 89.4472 -89.5979 180 90
-0.132842 89.8863 90.1038 -0.00539021 -89.8933
-0.847705 89.4696 -89.6225 180 90
-0.116953 89.9122 90.0791 -0.00455815 -89.8977
-0.826792 89.4741 -89.6313 180 90
-0.0913959 89.9407 90.0498 -0.00465203 -89.8928
-0.851208 89.4602 -89.6181 180 90
-0.0960374 89.9366 90.0504 -0.00184399 -89.8837
-0.888057 89.4432 -89.603 180 90
-0.10726 89.9214 90.0665 -0.0017333 -89.8951
-0.87762 89.4537 -89.612 180 90
-0.142767 89.8963 90.0943 -0.0036006 -89.8867
-0.870638 89.4761 -89.6334 180 90
-0.147969 89.8862 90.1051 -0.00432835 -89.894
-0.841231 89.5005 -89.6559 180 90
-0.166906 89.8955 90.093 -0.00467343 -89.8862
-0.814368 89.5328 -89.6891 180 90
-0.152972 89.9176 90.0693 -0.000664212 -89.8929
-0.828745 89.5209 -89.6738 180 90
-0.155522 89.9215 90.0668 -8.4291e-05 -89.8944
-0.82669 89.5463 -89.6988 180 90
-0.118402 89.9498 90.0373 0.00184704 -89.9072
-0.841105 89.5423 -89.7021 180 90
-0.108985 89.9563 90.0297 -0.000700793 -89.9052
-0.864983 89.5259 -89.6888 180 90
-0.115913 89.9532 90.032 -0.000149902 -89.9048
-0.854541 89.5393 -89.702 180 90
-0.11583 89.9548 90.0295 0.000242284 -89.9043
-0.845002 89.5325 -89.6965 180 90
-0.12078 89.9587 90.0278 -8.94636e-05 -89.8964
-0.81264 89.549 -89.7136 180 90
-0.129266 89.9546 90.0347 -0.000762352 -89.8954
-0.796284 89.5465 -89.7137 180 90
-0.157228 89.9412 90.0491 0.00471136 -89.8698
-0.764935 89.557 -89.7258 180 90
-0.160055 89.9492 90.0451 0.00203029 -89.8654
-0.774404 89.5381 -89.7113 180 90
-0.188276 89.9537 90.0436 -0.000818572 -89.8372
-0.807762 89.5252 -89.6983 180 90
-0.20162 89.9492 90.0492 -0.000488715 -89.8263
-0.825692 89.5038 -89.6781 180 90
-0.195803 89.9367 90.0618 -0.00560818 -89.8353
-0.815702 89.5207 -89.7023 180 90
-0.214807 89.9104 90.084 -0.00564076 -89.8313
-0.847118 89.4938 -89.6752 180 90
-0.242273 89.8908 90.1028 -0.00510702 -89.8179
-0.856565 89.4769 -89.6627 180 90
-0.279078 89.8696 90.1208 -0.000306073 -89.8172
-0.843629 89.5424 -89.7299 180 90
-0.294383 89.8446 90.1509 -0.00358061 -89.811
-0.823243 89.5594 -89.7343 180 90
-0.285577 89.8316 90.1624 -0.00386566 -89.8184
-0.831708 89.5355 -89.6941 180 90
-0.288054 89.8182 90.1772 -0.00317496 -89.8164
-0.810285 89.5674 -89.7106 180 90
-0.297686 89.7897 90.2068 -0.00506529 -89.8264
-0.809774 89.5689 -89.7019 180 90
-0.289294 89.7802 90.2143 -0.00391683 -89.8407
-0.899405 89.4649 -89.5899 180 90
-0.300684 89.7862 90.2056 -0.00401916 -89.8303
-0.882437 89.4848 -89.5988 180 90
-0.307096 89.7788 90.2138 -0.00608912 -89.8283
-0.854101 89.5374 -89.6407 180 90
-0.319744 89.7756 90.2132 -0.00933936 -89.8289
-0.831749 89.5658 -89.6589 180 90
-0.332185 89.765 90.2269 -0.0140196 -89.8365
-0.822267 89.5697 -89.6544 180 90
-0.315943 89.7582 90.2306 -0.0114911 -89.8516
-0.811812 89.5852 -89.6607 180 90
-0.305112 89.7716 90.2192 -0.00711706 -89.8534
-0.837206 89.5608 -89.6236 180 90
-0.295109 89.7612 90.231 -0.0059875 -89.881
-0.852089 89.5454 -89.5991 180 90
-0.284271 89.7692 90.223 -0.00457123 -89.8875
-0.855614 89.5393 -89.5855 180 90
-0.261104 89.7824 90.2123 -0.0053988 -89.9011
-0.876015 89.5036 -89.5369 180 90
-0.247641 89.783 90.2101 -0.00456448 -89.8951
-0.939756 89.422 -89.4477 180 90
-0.229492 89.7842 90.2113 -0.00727158 -89.9052
-0.90741 89.4191 -89.4412 180 90
-0.252754 89.7616 90.2303 -0.00532387 -89.8965
-0.897953 89.426 -89.4411 180 90
-0.272329 89.7714 90.2186 -0.00273034 -89.874
-0.866125 89.4668 -89.4722 180 90
-0.287877 89.7779 90.2093 -0.000845143 -89.8699
-0.847206 89.5198 -89.5149 180 90
-0.309677 89.7692 90.2229 -0.00562803 -89.8553
-0.82382 89.5402 -89.5209 180 90
-0.282056 89.8003 90.1912 -0.00274209 -89.8572
-0.910988 89.4133 -89.386 180 90
-0.275137 89.7914 90.1967 -0.00248617 -89.8621
-0.932451 89.3725 -89.3375 180 90
-0.232106 89.8088 90.1768 -0.000370494 -89.8571
-0.937431 89.3755 -89.3297 180 90
-0.249035 89.7992 90.1911 -0.00263515 -89.8536
-0.994686 89.3187 -89.2666 180 90
-0.264916 89.7902 90.2051 -0.00590646 -89.8457
-0.983248 89.3505 -89.2916 180 90
-0.28336 89.7791 90.2157 -0.00728641 -89.8414
-0.987733 89.3376 -89.2719 180 90
-0.292877 89.7784 90.2183 -0.00936615 -89.8489
-1.03295 89.2889 -89.2174 180 90
-0.267532 89.7834 90.212 -0.00744129 -89.8677
-1.00018 89.3152 -89.2397 180 90
-0.258576 89.7879 90.2093 -0.00764196 -89.8722
-0.986241 89.3535 -89.2763 180 90
-0.26996 89.774 90.2253 -0.00727418 -89.8568
-1.02599 89.3137 -89.2372 180 90
-0.278036 89.7546 90.2421 -0.00725991 -89.8523
-1.05388 89.28 -89.1933 180 90
-0.259541 89.7556 90.2372 -0.00363824 -89.8568
-1.06376 89.3277 -89.2339 180 90
-0.262597 89.7192 90.277 -0.00790967 -89.8738
-1.04139 89.35 -89.2517 180 90
-0.26658 89.7364 90.2595 -0.00908616 -89.8703
-1.09416 89.3002 -89.1965 180 90
-0.251972 89.7445 90.2526 -0.00772385 -89.8684
-1.07078 89.3306 -89.2214 180 90
-0.248268 89.7481 90.2556 -0.00910215 -89.8656
-1.0459 89.3267 -89.2119 180 90
-0.2458 89.7521 90.2527 -0.00768835 -89.8791
-1.00706 89.3754 -89.2538 180 90
-0.234548 89.7494 90.263 -0.0114325 -89.8748
-0.995121 89.4216 -89.2923 180 90
-0.220409 89.7376 90.2772 -0.0126818 -89.8854
-1.0195 89.4324 -89.2998 180 90
-0.20377 89.7556 90.2582 -0.0109197 -89.8885
-1.07079 89.3752 -89.2372 180 90
-0.200165 89.7506 90.2649 -0.0132486 -89.8937
-1.06083 89.3812 -89.245 180 90
-0.206461 89.745 90.2749 -0.0145583 -89.9087
-1.03299 89.3986 -89.2578 180 90
-0.201512 89.7386 90.2776 -0.0127604 -89.9216
-1.01256 89.4051 -89.2588 180 90
-0.207741 89.7287 90.2933 -0.0133701 -89.9168
-0.994708 89.4115 -89.2681 180 90
-0.197653 89.7109 90.3148 -0.0156023 -89.9254
-0.992721 89.4448 -89.2981 180 90
-0.191512 89.7089 90.3168 -0.013683 -89.9335
-0.982254 89.4681 -89.3231 180 90
-0.162528 89.7393 90.2848 -0.0124832 -89.9429
-0.973815 89.4522 -89.3073 180 90
-0.131579 89.7615 90.2588 -0.00849274 -89.9434
-0.970826 89.4244 -89.2801 180 90
-0.140981 89.7359 90.2862 -0.0115995 -89.9377
-0.992304 89.4793 -89.3318 180 90
-0.122 89.733 90.2873 -0.0129505 -89.9369
-1.03111 89.4265 -89.2762 180 90
-0.126023 89.729 90.2908 -0.0131791 -89.9423
-1.00428 89.442 -89.287 180 90
-0.155396 89.7071 90.3169 -0.0158595 -89.9285
-1.07348 89.3599 -89.1985 180 90
-0.159283 89.7032 90.3213 -0.0164868 -89.9141
-1.13223 89.3091 -89.1509 180 90
-0.140594 89.7166 90.3097 -0.0195691 -89.9164
-1.13572 89.2971 -89.1402 180 90
-0.123191 89.6964 90.3291 -0.0172241 -89.9625
-1.11789 89.2877 -89.1303 180 90
-0.142255 89.6982 90.3273 -0.0177195 -89.9506
-1.23184 89.2313 -89.0796 180 90
-0.156086 89.705 90.3186 -0.0156713 -89.9427
-1.18556 89.2597 -89.12 180 90
-0.178493 89.7064 90.3142 -0.01285 -89.9193
-1.16418 89.2702 -89.1432 180 90
-0.158451 89.706 90.3128 -0.0133485 -89.923
-1.14617 89.2921 -89.1766 180 90
-0.137251 89.7152 90.3051 -0.0144027 -89.9243
-1.11884 89.3021 -89.2005 180 90
-0.141028 89.7082 90.3142 -0.0140684 -89.9214
-1.10188 89.3091 -89.2177 180 90
-0.105831 89.7269 90.296 -0.0163224 -89.9299
-1.13871 89.2777 -89.1947 180 90
-0.108047 89.7048 90.3189 -0.0141077 -89.9402
-1.11824 89.314 -89.2393 180 90
-0.103905 89.7184 90.3084 -0.0148436 -89.9294
-1.15858 89.2513 -89.1839 180 90
-0.113403 89.7174 90.3106 -0.0151671 -89.9235
-1.1506 89.2667 -89.2072 180 90
-0.120374 89.7297 90.2975 -0.0116079 -89.9071
-1.18187 89.2324 -89.1789 180 90
-0.123088 89.7193 90.3062 -0.0120604 -89.9159
-1.164 89.24 -89.1936 180 90
-0.115707 89.7212 90.3055 -0.0150514 -89.9268
-1.14356 89.242 -89.199 180 90
-0.123297 89.7041 90.3238 -0.0139939 -89.9472
-1.1525 89.2276 -89.1961 180 90
-0.112346 89.7121 90.3142 -0.014435 -89.9581
-1.20524 89.1729 -89.1477 180 90
-0.110939 89.7125 90.3142 -0.017288 -89.9542
-1.21518 89.1535 -89.1369 180 90
-0.13918 89.7103 90.3202 -0.018912 -89.9374
-1.17389 89.1779 -89.1725 180 90
-0.151105 89.7073 90.3277 -0.0173455 -89.927
-1.1316 89.1974 -89.1989 180 90
-0.155615 89.7147 90.3209 -0.0197519 -89.9255
-1.14399 89.189 -89.2049 180 90
-0.164471 89.7152 90.3223 -0.0221018 -89.9112
-1.12605 89.2154 -89.2379 180 90
-0.149893 89.7218 90.3155 -0.0229075 -89.9042
-1.09673 89.2239 -89.2546 180 90
-0.1517 89.7267 90.3115 -0.0232753 -89.9005
-1.08426 89.2106 -89.2436 180 90
-0.137586 89.7463 90.2905 -0.0194021 -89.9059
-1.05193 89.2231 -89.2632 180 90
-0.144986 89.7324 90.3074 -0.0174569 -89.8976
-1.06091 89.2132 -89.2537 180 90
-0.126754 89.7473 90.2887 -0.0173119 -89.8999
-1.04896 89.2213 -89.2653 180 90
-0.118353 89.7602 90.2749 -0.0149281 -89.9107
-1.02658 89.3031 -89.3572 180 90
-0.125367 89.7602 90.2765 -0.0128255 -89.9162
-1.13113 89.1937 -89.2551 180 90
-0.116075 89.7633 90.2727 -0.010175 -89.9244
-1.14952 89.1856 -89.2572 180 90
-0.158435 89.7413 90.2976 -0.0119219 -89.9064
-1.15404 89.1891 -89.2654 180 90
-0.148914 89.7528 90.2847 -0.0105774 -89.9163
-1.12465 89.2061 -89.2859 180 90
-0.145071 89.7475 90.2905 -0.0110242 -89.9191
-1.12319 89.1996 -89.2835 180 90
-0.143253 89.7445 90.2938 -0.0121779 -89.9155
-1.14899 89.2259 -89.315 180 90
-0.128252 89.7552 90.2821 -0.0107262 -89.9203
-1.18683 89.1891 -89.2824 180 90
-0.137651 89.7553 90.2859 -0.0144131 -89.9139
-1.16589 89.2031 -89.3015 180 90
-0.130729 89.7542 90.2876 -0.0127312 -89.9138
-1.14199 89.2126 -89.308 180 90
-0.126809 89.7522 90.2913 -0.0146067 -89.9109
-1.1574 89.2245 -89.3184 180 90
-0.125886 89.7373 90.3057 -0.0136772 -89.9203
-1.13304 89.2469 -89.3406 180 90
-0.105232 89.7438 90.3041 -0.0116416 -89.9427
-1.1469 89.2643 -89.368 180 90
-0.093617 89.7579 90.2882 -0.0128657 -89.9501
-1.13653 89.2728 -89.3842 180 90
-0.10778 89.7474 90.2971 -0.00858117 -89.9454
-1.11911 89.2823 -89.3942 180 90
-0.0959565 89.7491 90.2916 -0.00621715 -89.9472
-1.08276 89.3037 -89.4212 180 90
-0.0924521 89.7492 90.288 -0.00386963 -89.9451
-1.06984 89.3246 -89.4529 180 90
-0.131854 89.7377 90.3006 -0.00824042 -89.9301
-1.04742 89.3406 -89.4714 180 90
-0.140871 89.7323 90.3065 -0.00882873 -89.9312
-1.02351 89.3496 -89.4851 180 90
-0.132414 89.7188 90.3196 -0.00803224 -89.9438
-1.04444 89.3148 -89.4517 180 90
-0.134485 89.7252 90.3127 -0.00669044 -89.9491
-1.04394 89.3124 -89.4478 180 90
-0.111047 89.7374 90.3006 -0.00679327 -89.966
-0.991159 89.3468 -89.4736 180 90
-0.114999 89.7274 90.3132 -0.00916586 -89.9482
-0.946904 89.3518 -89.4713 180 90
-0.133907 89.7285 90.3116 -0.00979635 -89.9382
-0.933963 89.3474 -89.4542 180 90
-0.140452 89.7234 90.3152 -0.0107268 -89.9446
-0.930471 89.3782 -89.4727 180 90
-0.150949 89.7347 90.303 -0.0112137 -89.9469
-0.925054 89.3926 -89.4779 180 90
-0.163553 89.7233 90.3142 -0.0079267 -89.9403
-0.889709 89.4041 -89.4795 180 90
-0.157458 89.7216 90.3203 -0.00994658 -89.9487
-0.850896 89.433 -89.4995 180 90
-0.142392 89.7365 90.3046 -0.0116371 -89.9468
-0.820582 89.4653 -89.5232 180 90
-0.128439 89.7501 90.2933 -0.0115935 -89.9542
-0.796674 89.4837 -89.5328 180 90
-0.127986 89.7556 90.2859 -0.00828621 -89.947
-0.773371 89.4867 -89.5268 180 90
-0.116005 89.7613 90.2792 -0.00776483 -89.9585
-0.785845 89.4574 -89.495 180 90
-0.133809 89.7634 90.2815 -0.00805023 -89.9336
-0.76741 89.4629 -89.4925 180 90
-0.125437 89.761 90.2855 -0.00718591 -89.9364
-0.809718 89.43 -89.4563 180 90
-0.135352 89.7586 90.2885 -0.00917288 -89.9181
-0.769906 89.4738 -89.4923 180 90
-0.138799 89.7546 90.294 -0.0124625 -89.9122
-0.737546 89.4849 -89.493 180 90
-0.153093 89.7465 90.2995 -0.0112982 -89.9205
-0.710643 89.5053 -89.502 180 90
-0.145503 89.7431 90.3087 -0.0120692 -89.9244
-0.700182 89.5197 -89.5064 180 90
-0.152916 89.7515 90.2994 -0.0138196 -89.9066
-0.70956 89.5327 -89.513 180 90
-0.157949 89.75 90.304 -0.0129329 -89.917
-0.69563 89.548 -89.5175 180 90
-0.15096 89.7451 90.3091 -0.0132397 -89.9195
-0.669722 89.5675 -89.5288 180 90
-0.151436 89.7455 90.3101 -0.012806 -89.9212
-0.69615 89.5292 -89.4809 180 90
-0.144839 89.7559 90.3003 -0.0138952 -89.9168
-0.693149 89.5436 -89.4854 180 90
-0.137959 89.7541 90.3016 -0.011964 -89.926
-0.657806 89.5904 -89.5277 180 90
-0.152311 89.7472 90.3079 -0.00976888 -89.9027
-0.662269 89.5919 -89.5226 180 90
-0.182815 89.7385 90.3163 -0.0102863 -89.8877
-0.654747 89.6004 -89.5256 180 90
-0.180327 89.744 90.3093 -0.0094317 -89.8847
-0.686131 89.5546 -89.4736 180 90
-0.186263 89.742 90.3123 -0.00707044 -89.8862
-0.685586 89.5677 -89.4801 180 90
-0.16824 89.7581 90.2927 -0.00519968 -89.8851
-0.66116 89.5648 -89.4755 180 90
-0.163689 89.7557 90.2982 -0.00839452 -89.8867
-0.639785 89.5703 -89.476 180 90
-0.170281 89.7572 90.2932 -0.00447115 -89.89
-0.632313 89.5604 -89.4579 180 90
-0.16169 89.7623 90.29 -0.00581245 -89.8974
-0.633298 89.5541 -89.4487 180 90
-0.14119 89.7699 90.2817 -0.00421987 -89.8969
-0.606431 89.5695 -89.4586 180 90
-0.115736 89.774 90.2779 -0.00271985 -89.9193
-0.562202 89.574 -89.4605 180 90
-0.10435 89.7845 90.2681 -0.0027353 -89.9291
-0.524839 89.5925 -89.4789 180 90
-0.120294 89.7789 90.2752 -0.00700041 -89.9232
-0.520354 89.6094 -89.4902 180 90
-0.120269 89.7681 90.2842 -0.00599247 -89.9137
-0.491492 89.6452 -89.5255 180 90
-0.123481 89.768 90.2811 -0.0047782 -89.9106
-0.51041 89.6228 -89.5002 180 90
-0.110964 89.778 90.271 -0.00758967 -89.923
-0.498511 89.6139 -89.4894 180 90
-0.126814 89.786 90.2654 -0.0112334 -89.9011
-0.499523 89.5916 -89.468 180 90
-0.134962 89.7792 90.2714 -0.0103905 -89.8901
-0.471634 89.6358 -89.5075 180 90
-0.141302 89.7811 90.2707 -0.0112946 -89.8738
-0.435857 89.6398 -89.5031 180 90
-0.137293 89.7806 90.27 -0.0120114 -89.8823
-0.427371 89.6353 -89.4957 180 90
-0.127787 89.7841 90.2675 -0.0110734 -89.8902
-0.411948 89.6528 -89.508 180 90
-0.0926256 89.7837 90.2659 -0.0118146 -89.9239
-0.389479 89.6911 -89.5471 180 90
-0.0846168 89.7798 90.2716 -0.0125743 -89.924
-0.403862 89.7126 -89.5673 180 90
-0.0647675 89.7774 90.2685 -0.00817468 -89.9338
-0.38841 89.7181 -89.5736 180 90
-0.058948 89.7803 90.2616 -0.00631214 -89.9312
-0.401332 89.7251 -89.5776 180 90
-0.0708886 89.7958 90.2426 -0.00745311 -89.9206
-0.406803 89.7181 -89.5714 180 90
-0.0933514 89.7663 90.2708 -0.0053844 -89.9211
-0.411294 89.7171 -89.5748 180 90
-0.100694 89.7773 90.2616 -0.00516717 -89.9013
-0.41626 89.7161 -89.5734 180 90
-0.0626683 89.7966 90.2433 -0.00677424 -89.9077
-0.394807 89.7649 -89.6224 180 90
-0.0701547 89.805 90.2316 0.00042026 -89.9069
-0.437649 89.7096 -89.5671 180 90
-0.0674851 89.8087 90.2336 -0.00183014 -89.8877
-0.423178 89.7166 -89.5761 180 90
-0.0534406 89.8158 90.2234 0.00142886 -89.8861
-0.434631 89.7131 -89.5689 180 90
-0.0660423 89.8017 90.2386 -0.000310226 -89.8927
-0.421202 89.733 -89.5816 180 90
-0.0637169 89.7949 90.2445 0.000615357 -89.8817
-0.416727 89.7494 -89.5963 180 90
-0.0612628 89.7854 90.2563 0.000173925 -89.9049
-0.401263 89.751 -89.5928 180 90
-0.0671492 89.772 90.2726 -0.00458236 -89.8946
-0.41966 89.7395 -89.5854 180 90
-0.0755698 89.7835 90.2635 -0.00918402 -89.8759
-0.466986 89.7141 -89.5736 180 90
-0.0670498 89.7895 90.2582 -0.00947597 -89.8804
-0.475903 89.7235 -89.5935 180 90
-0.0651141 89.7935 90.2532 -0.00389102 -89.9021
-0.46244 89.7539 -89.6341 180 90
-0.0355759 89.8126 90.2346 -0.00245859 -89.9119
-0.445473 89.7569 -89.6481 180 90
-0.0306462 89.8235 90.2233 -0.00169187 -89.9183
-0.447936 89.7728 -89.6744 180 90
-0.026115 89.8249 90.2219 -0.00187436 -89.9258
-0.427022 89.7813 -89.6875 180 90
-0.0233221 89.8294 90.2159 0.000643276 -89.9192
-0.436914 89.7953 -89.7104 180 90
-0.0288637 89.8384 90.2077 0.00134078 -89.924
-0.439857 89.7988 -89.7175 180 90
-0.0488134 89.8373 90.2134 -0.000582544 -89.9205
-0.448332 89.7774 -89.6996 180 90
-0.0731173 89.8214 90.2337 0.000251207 -89.9234
-0.432932 89.775 -89.6982 180 90
-0.0625732 89.8369 90.2195 -0.00343494 -89.9245
-0.402065 89.784 -89.7089 180 90
-0.0504587 89.8499 90.2083 -0.00391982 -89.9305
-0.388604 89.791 -89.7167 180 90
-0.0265399 89.8476 90.2154 -0.0087607 -89.9451
-0.429395 89.7671 -89.6967 180 90
-0.0241315 89.8313 90.2274 -0.00635685 -89.9534
-0.439737 89.7772 -89.7094 180 90
-0.0120552 89.8362 90.2266 -0.00690754 -89.9688
-0.44271 89.7668 -89.7087 180 90
-0.016995 89.8327 90.2335 -0.00787571 -89.9643
-0.456075 89.7872 -89.732 180 90
-0.0250893 89.8337 90.2296 -0.00614692 -89.9479
-0.412804 89.8056 -89.7565 180 90
-0.0206173 89.8264 90.2375 -0.00573689 -89.9444
-0.389428 89.8276 -89.7881 180 90
-0.0218919 89.8304 90.2314 -0.00430759 -89.9509
-0.373995 89.8346 -89.8023 180 90
-0.0183161 89.828 90.2352 -0.0082326 -89.9576
-0.370029 89.8375 -89.8095 180 90
-0.0172 89.8379 90.2265 -0.0111288 -89.9522
-0.385526 89.8141 -89.7958 180 90
-0.0132415 89.8311 90.2319 -0.0129561 -89.9586
-0.378554 89.8326 -89.8192 180 90
-0.0306215 89.8366 90.223 -0.0139773 -89.9477
-0.346678 89.8654 -89.8511 180 90
-0.0391106 89.8325 90.2222 -0.0138005 -89.9388
-0.311845 89.8943 -89.8855 180 90
-0.033967 89.8204 90.2313 -0.0128613 -89.9451
-0.27702 89.9078 -89.9073 180 90
-0.0433602 89.8279 90.2233 -0.0121287 -89.9311
-0.251168 89.9247 -89.9325 180 90
-0.0463365 89.8288 90.2248 -0.0114892 -89.9302
-0.234228 89.9447 -89.9577 180 90
-0.0688769 89.8223 90.2289 -0.0133377 -89.9147
-0.208818 89.9616 -89.9799 180 90
-0.0555347 89.8308 90.2175 -0.0104422 -89.932
-0.223784 89.9432 -89.9696 180 90
-0.0580559 89.8302 90.2196 -0.00941335 -89.934
-0.28802 89.8615 -89.8918 180 90
-0.0377589 89.8262 90.2221 -0.00647239 -89.9537
-0.273999 89.861 -89.8827 180 90
-0.047221 89.8277 90.2255 -0.00880785 -89.9368
-0.296869 89.849 -89.875 180 90
-0.0426802 89.8372 90.2161 -0.00734161 -89.9194
-0.287395 89.8624 -89.8976 180 90
-0.0493611 89.8405 90.2102 -0.00274134 -89.9236
-0.256554 89.8779 -89.916 180 90
-0.0650095 89.8354 90.2143 -0.00142681 -89.914
-0.254085 89.8883 -89.9305 180 90
-0.0568765 89.8485 90.2048 0.000107713 -89.907
-0.266526 89.8754 -89.9225 180 90
-0.0452074 89.842 90.2084 0.000648578 -89.9202
-0.332319 89.7902 -89.8451 180 90
-0.0517915 89.8284 90.2202 0.000454839 -89.9267
-0.331758 89.7937 -89.8558 180 90
-0.0579091 89.8298 90.2178 0.00375036 -89.9375
-0.311894 89.8067 -89.8756 180 90
-0.0482542 89.8448 90.1993 0.00326747 -89.9426
-0.27708 89.8435 -89.9137 180 90
-0.0478609 89.8457 90.1931 0.00363923 -89.9437
-0.273519 89.847 -89.9243 180 90
-0.0452721 89.8373 90.2046 -0.00113296 -89.9497
-0.281994 89.8415 -89.9241 180 90
-0.0652978 89.8124 90.2264 0.00127258 -89.9497
-0.297891 89.8335 -89.9283 180 90
-0.0597469 89.8303 90.2051 0.00138183 -89.9413
-0.299915 89.849 -89.946 180 90
-0.0581689 89.8377 90.1971 -0.00139715 -89.9443
-0.308395 89.8405 -89.9436 180 90
-0.0589809 89.8495 90.1864 0.000895671 -89.9467
-0.308941 89.8281 -89.935 180 90
-0.0366624 89.8554 90.1771 0.000983823 -89.9611
-0.288538 89.844 -89.952 180 90
-0.0502675 89.8646 90.166 0.00114994 -89.9601
-0.275564 89.8635 -89.9737 180 90
-0.0432601 89.877 90.1522 0.00114119 -89.9591
-0.270581 89.8808 -89.9898 180 90
-0.0548505 89.8661 90.1633 -0.00338878 -89.9517
-0.259602 89.8719 -89.9824 180 90
-0.0853929 89.8469 90.1841 -0.0045367 -89.9374
-0.233217 89.8904 -90.0042 180 90
-0.0887277 89.8578 90.1761 -0.00641317 -89.929
-0.188857 89.9129 -90.0263 180 90
-0.102165 89.8544 90.1803 -0.00596115 -89.9228
-0.168418 89.9303 -90.0456 180 90
-0.0972621 89.8516 90.1814 -0.0049464 -89.9228
-0.187404 89.8975 -90.0153 180 90
-0.109693 89.843 90.1908 -0.00626938 -89.9035
-0.198849 89.9371 -90.0602 180 90
-0.110302 89.8395 90.1939 -0.00437464 -89.9139
-0.200327 89.9629 -90.0913 180 90
-0.113662 89.844 90.1931 -0.00835609 -89.9179
-0.178427 89.9783 -90.1065 180 90
-0.121059 89.848 90.1897 -0.00531774 -89.9064
-0.17444 90.0022 -90.1363 180 90
-0.117111 89.8516 90.1852 -0.00334047 -89.9197
-0.237706 89.9583 -90.0992 180 90
-0.129159 89.844 90.1941 -0.00446566 -89.9148
-0.255627 89.9289 -90.0738 180 90
-0.124747 89.8461 90.1894 -0.00297978 -89.9311
-0.270593 89.909 -90.0578 180 90
-0.130584 89.8249 90.208 -0.0043678 -89.9399
-0.253144 89.9274 -90.082 180 90
-0.136563 89.8234 90.205 -0.00445451 -89.9275
-0.265113 89.9021 -90.0554 180 90
-0.149586 89.8128 90.2114 -0.00373891 -89.9112
-0.26463 89.8947 -90.0525 180 90
-0.138145 89.8234 90.1969 -0.00151893 -89.9083
-0.238276 89.8967 -90.0577 180 90
-0.128283 89.8198 90.1981 -0.00404841 -89.9133
-0.250774 89.8823 -90.0455 180 90
-0.124758 89.8269 90.1904 -0.00182489 -89.9072
-0.246801 89.8709 -90.038 180 90
-0.139538 89.8323 90.1867 -0.00266959 -89.8924
-0.251259 89.8575 -90.0306 180 90
-0.152404 89.8318 90.1898 -0.00507643 -89.8825
-0.23732 89.8893 -90.0632 180 90
-0.142824 89.8502 90.1708 -0.00607276 -89.8886
-0.245718 89.9011 -90.0769 180 90
-0.137424 89.8585 90.1598 -0.00549872 -89.8777
-0.240766 89.9017 -90.0815 180 90
-0.134414 89.8566 90.1619 -0.00777413 -89.8808
-0.211867 89.9147 -90.0966 180 90
-0.117846 89.873 90.1442 -0.00682103 -89.8853
-0.171035 89.9247 -90.1021 180 90
-0.121334 89.8691 90.1489 -0.00284089 -89.8788
-0.178986 89.9401 -90.1194 180 90
-0.122776 89.8731 90.1445 -0.00240443 -89.8803
-0.178985 89.9336 -90.1119 180 90
-0.126148 89.8797 90.1377 -0.00468469 -89.8734
-0.162496 89.9397 -90.1199 180 90
-0.133384 89.8616 90.1499 -0.00388633 -89.8674
-0.163441 89.9466 -90.1314 180 90
-0.166104 89.8348 90.1775 -0.00248515 -89.8728
-0.152981 89.9576 -90.1424 180 90
-0.166577 89.8269 90.184 -0.00312893 -89.8763
-0.120638 89.983 -90.1702 180 90
-0.163592 89.8299 90.1824 -0.00535012 -89.8759
-0.0957265 89.992 -90.1797 180 90
-0.161081 89.8368 90.1732 -0.00357503 -89.872
-0.076362 89.9926 -90.1808 180 90
-0.14703 89.8409 90.1733 -0.00837543 -89.8849
-0.0384741 90.0181 -90.2078 180 90
-0.151447 89.8374 90.1777 -0.00907694 -89.8751
-0.0304845 90.0236 -90.2165 180 90
-0.15159 89.8289 90.1861 -0.0149157 -89.891
0.0202435 90.0565 -90.2498 180 90
-0.143373 89.8199 90.1884 -0.0128012 -89.9044
-0.0579945 89.9748 -90.1691 180 90
-0.125848 89.8238 90.1822 -0.0154458 -89.9348
-0.0360696 90.0042 -90.1966 180 90
-0.121442 89.8243 90.1823 -0.0128186 -89.9462
-0.00367246 90.0444 -90.2419 180 90
-0.136233 89.8277 90.1795 -0.0171391 -89.9383
-0.00420792 90.038 -90.2364 180 90
-0.152062 89.8406 90.1694 -0.0181685 -89.9299
-0.00077662 90.0489 -90.2451 180 90
-0.14313 89.8328 90.1787 -0.0178616 -89.9472
-0.000331646 90.0504 -90.2437 180 90
-0.141056 89.8468 90.1608 -0.012675 -89.9506
-0.0112219 90.0563 -90.2484 180 90
-0.129894 89.854 90.1579 -0.0135364 -89.9412
-0.00882133 90.0468 -90.2427 180 90
-0.157907 89.86 90.1472 -0.00929253 -89.9014
0.00813508 90.0449 -90.2381 180 90
-0.164229 89.8709 90.1403 -0.0116559 -89.8871
-0.0317536 89.994 -90.1931 180 90
-0.165122 89.8929 90.1133 -0.0142567 -89.8698
-0.0830292 89.9507 -90.1434 180 90
-0.148734 89.8914 90.1164 -0.0116198 -89.8891
-0.0809822 89.9805 -90.1739 180 90
-0.147291 89.89 90.118 -0.0112922 -89.8905
-0.112378 89.9332 -90.1312 180 90
-0.156207 89.8925 90.1169 -0.0143437 -89.879
-0.168699 89.8854 -90.0859 180 90
-0.156837 89.89 90.1157 -0.011428 -89.879
-0.204996 89.8942 -90.0948 180 90
-0.15558 89.87 90.133 -0.00741369 -89.9011
-0.179705 89.9389 -90.1391 180 90
-0.166478 89.8647 90.1399 -0.0121425 -89.8973
-0.215599 89.899 -90.1035 180 90
-0.186609 89.837 90.1661 -0.0116154 -89.9077
-0.242985 89.8757 -90.0827 180 90
-0.193626 89.8244 90.1764 -0.0112992 -89.9226
-0.240504 89.8722 -90.0809 180 90
-0.240624 89.7949 90.2097 -0.012735 -89.9032
-0.25541 89.8772 -90.0911 180 90
-0.241226 89.7893 90.2174 -0.0169881 -89.9053
-0.274276 89.8553 -90.069 180 90
-0.238674 89.785 90.223 -0.017141 -89.8935
-0.278749 89.8428 -90.0594 180 90
-0.236129 89.786 90.2242 -0.0154712 -89.8964
-0.258309 89.8841 -90.0973 180 90
-0.23663 89.7706 90.242 -0.0185761 -89.8885
-0.268708 89.9029 -90.1141 180 90
-0.247064 89.7602 90.2505 -0.0193702 -89.8707
-0.280122 89.893 -90.1027 180 90
-0.227719 89.7649 90.2509 -0.0207252 -89.877
-0.307958 89.8839 -90.0904 180 90
-0.21132 89.7525 90.2644 -0.0186124 -89.8893
-0.293467 89.9465 -90.1515 180 90
-0.207323 89.7585 90.2574 -0.0203133 -89.8969
-0.312376 89.9161 -90.1184 180 90
-0.220134 89.7615 90.2558 -0.0199587 -89.8914
-0.366694 89.8529 -90.0494 180 90
-0.202728 89.7651 90.2538 -0.0208312 -89.9087
-0.41301 89.8081 -90.0036 180 90
-0.202407 89.758 90.2632 -0.0208314 -89.9117
-0.380177 89.8489 -90.0451 180 90
-0.194927 89.7606 90.2617 -0.0212131 -89.9281
-0.363752 89.8425 -90.0353 180 90
-0.194825 89.7592 90.2662 -0.0224226 -89.943
-0.384243 89.824 -90.0095 180 90
-0.202353 89.7537 90.2671 -0.0233863 -89.938
-0.353869 89.8286 -90.0159 180 90
-0.197816 89.7626 90.2596 -0.0213234 -89.9485
-0.373833 89.8031 -89.9888 180 90
-0.21461 89.7681 90.2508 -0.0213538 -89.9316
-0.371872 89.7733 -89.9591 180 90
-0.218264 89.7656 90.2518 -0.019538 -89.9329
-0.407155 89.7519 -89.934 180 90
-0.221401 89.7467 90.2674 -0.0180413 -89.9334
-0.418612 89.7385 -89.92 180 90
-0.193889 89.7493 90.2661 -0.0200219 -89.9583
-0.397635 89.7435 -89.9266 180 90
-0.19431 89.7575 90.2575 -0.0177654 -89.9649
-0.380176 89.751 -89.9343 180 90
-0.209475 89.7365 90.2748 -0.0157912 -89.9653
-0.399597 89.7525 -89.935 180 90
-0.198507 89.7362 90.2702 -0.0157767 -89.9648
-0.379676 89.758 -89.9432 180 90
-0.210852 89.7366 90.2728 -0.0194862 -89.9585
-0.416553 89.7588 -89.9435 180 90
-0.193584 89.7369 90.2692 -0.0163561 -89.9728
-0.434031 89.7364 -89.9218 180 90
-0.211868 89.7319 90.277 -0.017784 -89.9606
-0.439574 89.7379 -89.928 180 90
-0.194268 89.7521 90.2536 -0.0169887 -89.9602
-0.433586 89.7592 -89.9537 180 90
-0.192438 89.7461 90.2591 -0.0164537 -89.9604
-0.436006 89.7483 -89.9424 180 90
-0.200388 89.7574 90.2455 -0.0195283 -89.961
-0.442459 89.7453 -89.9438 180 90
-0.232496 89.7458 90.2584 -0.0208078 -89.948
-0.421549 89.7508 -89.9552 180 90
-0.25833 89.7387 90.2704 -0.0239103 -89.9347
-0.437553 89.7389 -89.9454 180 90
-0.26139 89.7322 90.2754 -0.0231826 -89.9615
-0.432545 89.7314 -89.9385 180 90
-0.263113 89.7182 90.2859 -0.0214283 -89.9624
-0.402257 89.7345 -89.9421 180 90
-0.259164 89.722 90.2828 -0.0211969 -89.9584
-0.437569 89.7155 -89.9287 180 90
-0.241576 89.7241 90.2787 -0.0215283 -89.9601
-0.484418 89.6692 -89.8855 180 90
-0.243323 89.7176 90.2827 -0.0207908 -89.9574
-0.477428 89.6717 -89.8911 180 90
-0.252762 89.7022 90.3018 -0.0216923 -89.9594
-0.4854 89.6667 -89.8845 180 90
-0.271308 89.6827 90.3192 -0.0221684 -89.9604
-0.471433 89.6826 -89.8997 180 90
-0.272365 89.6887 90.3136 -0.0200197 -89.9608
-0.466508 89.6816 -89.903 180 90
-0.262873 89.6984 90.3074 -0.0189252 -89.9556
-0.482941 89.6727 -89.8953 180 90
-0.278256 89.6919 90.3178 -0.0181909 -89.9501
-0.469996 89.6906 -89.9164 180 90
-0.282922 89.6754 90.3295 -0.0157412 -89.9575
-0.428172 89.719 -89.9478 180 90
-0.315875 89.6731 90.3319 -0.0171202 -89.952
-0.403769 89.7513 -89.9761 180 90
-0.319059 89.6597 90.3463 -0.0187214 -89.9495
-0.399289 89.7875 -90.0119 180 90
-0.312019 89.6597 90.3489 -0.0182515 -89.9544
-0.430144 89.7567 -89.9841 180 90
-0.309922 89.6547 90.3532 -0.0185648 -89.9545
-0.447533 89.7482 -89.9784 180 90
-0.313609 89.6352 90.3727 -0.0179537 -89.954
-0.434081 89.7507 -89.9798 180 90
-0.308606 89.6313 90.3773 -0.0196765 -89.9511
-0.436608 89.7343 -89.9597 180 90
-0.305647 89.6346 90.3705 -0.0169391 -89.9585
-0.431631 89.7288 -89.9543 180 90
-0.284218 89.6511 90.3516 -0.0161302 -89.9718
-0.424626 89.7165 -89.9434 180 90
-0.260149 89.6727 90.3331 -0.0173553 -89.9807
-0.398225 89.7275 -89.9548 180 90
-0.263651 89.6751 90.3302 -0.0188771 -89.9684
-0.465899 89.6722 -89.9018 180 90
-0.263908 89.6571 90.3489 -0.0164026 -89.9906
-0.500239 89.6433 -89.8762 180 90
-0.269386 89.6556 90.3501 -0.0175973 -89.997
-0.512205 89.635 -89.8671 180 90
-0.258401 89.667 90.3401 -0.0200522 -89.9926
-0.5246 89.6414 -89.8703 180 90
-0.248888 89.6707 90.3384 -0.0193525 -89.9892
-0.573872 89.622 -89.8492 180 90
-0.243001 89.6731 90.3308 -0.0170841 -89.9961
-0.635102 89.5861 -89.8163 180 90
-0.230464 89.693 90.3079 -0.0213906 -89.9947
-0.671887 89.5523 -89.787 180 90
-0.209462 89.6952 90.3076 -0.0200921 -89.9893
-0.666964 89.578 -89.8075 180 90
-0.261884 89.6676 90.3393 -0.0205893 -89.958
-0.656001 89.5875 -89.812 180 90
-0.275301 89.6781 90.3306 -0.0175267 -89.949
-0.652028 89.6038 -89.8254 180 90
-0.284736 89.6694 90.3453 -0.0247425 -89.9607
-0.616207 89.6342 -89.8618 180 90
-0.29243 89.6703 90.3411 -0.0196355 -89.966
-0.603262 89.6442 -89.8709 180 90
-0.297526 89.6726 90.3371 -0.0181523 -89.9735
-0.603764 89.6317 -89.8628 180 90
-0.290328 89.6847 90.329 -0.0210831 -89.9686
-0.603343 89.6347 -89.8674 180 90
-0.292851 89.6723 90.3425 -0.0189364 -89.9626
-0.643655 89.6222 -89.8554 180 90
-0.257842 89.683 90.3302 -0.019021 -89.9726
-0.625239 89.649 -89.8825 180 90
-0.262897 89.6684 90.344 -0.0234388 -89.9758
-0.611278 89.6669 -89.9046 180 90
-0.278741 89.6615 90.3525 -0.0226416 -89.9585
-0.605848 89.6625 -89.9021 180 90
-0.266486 89.6596 90.3498 -0.0193019 -89.9573
-0.608314 89.6675 -89.902 180 90
-0.251396 89.6637 90.3436 -0.0186139 -89.9673
-0.673559 89.6142 -89.8481 180 90
-0.250383 89.6572 90.3524 -0.0208438 -89.9764
-0.654153 89.6221 -89.8625 180 90
-0.226769 89.6814 90.3314 -0.0198431 -89.9822
-0.623872 89.6519 -89.893 180 90
-0.24249 89.6735 90.3425 -0.0229865 -89.9626
-0.632349 89.6385 -89.8808 180 90
-0.238463 89.6686 90.3497 -0.022162 -89.9744
-0.626921 89.6519 -89.8975 180 90
-0.233885 89.6696 90.3495 -0.0254429 -89.9874
-0.667325 89.6368 -89.8849 180 90
-0.224337 89.6756 90.3444 -0.0253702 -89.9874
-0.654854 89.6473 -89.8946 180 90
-0.226446 89.6714 90.3497 -0.0238307 -90.0022
-0.640413 89.6369 -89.8805 180 90
-0.233542 89.6744 90.3439 -0.0223775 -89.993
-0.618568 89.633 -89.876 180 90
-0.244938 89.6738 90.3455 -0.0235713 -89.9777
-0.737091 89.5021 -89.7399 180 90
-0.240282 89.6709 90.3498 -0.0249516 -89.9759
-0.717663 89.4942 -89.7308 180 90
-0.24294 89.6683 90.3493 -0.0231539 -89.9833
-0.722107 89.5026 -89.7402 180 90
-0.221911 89.6694 90.3469 -0.0232031 -89.9854
-0.72059 89.519 -89.7552 180 90
-0.21738 89.6673 90.3477 -0.0237175 -89.9814
-0.71361 89.5483 -89.7817 180 90
-0.229995 89.6544 90.3561 -0.0227138 -89.971
-0.741553 89.4926 -89.7183 180 90
-0.232162 89.6688 90.3358 -0.0208007 -89.9648
-0.754009 89.4867 -89.711 180 90
-0.216065 89.6963 90.3046 -0.0231673 -89.954
-0.773906 89.4494 -89.6753 180 90
-0.203426 89.7064 90.298 -0.02346 -89.9461
-0.755461 89.4629 -89.6877 180 90
-0.199233 89.6938 90.3112 -0.0226569 -89.9679
-0.761928 89.4485 -89.6697 180 90
-0.202624 89.6919 90.3141 -0.0228618 -89.9666
-0.843064 89.3678 -89.5846 180 90
-0.204967 89.7084 90.2994 -0.0246635 -89.9601
-0.838598 89.3594 -89.5738 180 90
-0.199623 89.6879 90.317 -0.0213605 -89.9655
-0.81716 89.4076 -89.6179 180 90
-0.189471 89.7119 90.2955 -0.022508 -89.9502
-0.8505 89.3866 -89.592 180 90
-0.184396 89.7096 90.2983 -0.0244973 -89.9632
-0.842028 89.3955 -89.6015 180 90
-0.199567 89.6812 90.3247 -0.0234751 -89.9765
-0.873879 89.3766 -89.5794 180 90
-0.211083 89.6701 90.3321 -0.0205711 -89.974
-0.846025 89.3871 -89.5905 180 90
-0.218539 89.6591 90.338 -0.019457 -89.9606
-0.842528 89.3991 -89.6011 180 90
-0.215955 89.6864 90.3117 -0.0215158 -89.9447
-0.874841 89.391 -89.5989 180 90
-0.197773 89.7138 90.2863 -0.0232018 -89.9577
-0.906271 89.3536 -89.5634 180 90
-0.192218 89.7204 90.2804 -0.0236127 -89.9558
-0.901809 89.3412 -89.5503 180 90
-0.188736 89.7314 90.2727 -0.0217618 -89.9651
-0.920249 89.3024 -89.5092 180 90
-0.205397 89.7243 90.278 -0.0205382 -89.9631
-0.92669 89.2736 -89.4803 180 90
-0.226204 89.7163 90.289 -0.0205851 -89.9476
-0.93917 89.2592 -89.4621 180 90
-0.212252 89.7187 90.2928 -0.0229977 -89.9606
-1.02036 89.2088 -89.4103 180 90
-0.212629 89.7202 90.2909 -0.0228955 -89.9657
-1.04424 89.1804 -89.3831 180 90
-0.203074 89.7377 90.2763 -0.0224618 -89.9652
-1.01436 89.1959 -89.3975 180 90
-0.16648 89.7597 90.2544 -0.0200837 -89.9811
-1.00993 89.1825 -89.3871 180 90
-0.164536 89.7557 90.2601 -0.0185333 -89.995
-1.0383 89.1343 -89.3384 180 90
-0.156844 89.7618 90.2544 -0.0223725 -90.0067
-1.06171 89.0911 -89.2958 180 90
-0.169852 89.7462 90.2744 -0.0290576 -89.9985
-1.10103 89.0498 -89.2579 180 90
-0.172848 89.7522 90.2686 -0.0256416 -89.9816
-1.05719 89.1045 -89.3138 180 90
-0.168598 89.7587 90.2652 -0.0286199 -89.9798
-1.01936 89.1284 -89.3381 180 90
-0.149397 89.7893 90.238 -0.0301334 -89.9714
-1.00294 89.1457 -89.3591 180 90
-0.149018 89.7828 90.2412 -0.0312541 -89.9644
-0.984065 89.1875 -89.3981 180 90
-0.168004 89.7707 90.256 -0.033562 -89.9545
-0.950699 89.2312 -89.4478 180 90
-0.170551 89.7772 90.2497 -0.0325541 -89.9484
-0.916894 89.2655 -89.485 180 90
-0.165629 89.7762 90.2531 -0.0296688 -89.9737
-0.90593 89.2825 -89.5101 180 90
-0.156706 89.7723 90.2627 -0.0327593 -89.9727
-0.943777 89.2511 -89.4805 180 90
-0.163563 89.7713 90.2652 -0.0326111 -89.9599
-0.908921 89.2795 -89.5081 180 90
-0.151714 89.7674 90.2669 -0.0299609 -89.9747
-0.872554 89.303 -89.5316 180 90
-0.161119 89.7618 90.2741 -0.03006 -89.9758
-0.872599 89.3014 -89.5256 180 90
-0.161901 89.7709 90.2669 -0.0344876 -89.9744
-0.847768 89.3139 -89.5407 180 90
-0.141332 89.7761 90.2635 -0.0333648 -89.9908
-0.827386 89.3284 -89.5574 180 90
-0.14525 89.7622 90.2762 -0.0360777 -89.979
-0.787569 89.3647 -89.5929 180 90
-0.126675 89.7784 90.2578 -0.0345034 -89.9828
-0.811011 89.3532 -89.5835 180 90
-0.141344 89.7663 90.2695 -0.0360032 -89.9888
-0.808041 89.3443 -89.5723 180 90
-0.13927 89.7642 90.2724 -0.0375892 -89.98
-0.817511 89.3418 -89.5664 180 90
-0.140481 89.7592 90.275 -0.0364419 -89.9923
-0.80902 89.3284 -89.5511 180 90
-0.146908 89.7677 90.2603 -0.0327854 -89.9705
-0.843899 89.2875 -89.5131 180 90
-0.146317 89.7827 90.2437 -0.0312686 -89.9426
-0.837488 89.3228 -89.5483 180 90
-0.151288 89.7684 90.2567 -0.0276196 -89.9529
-0.823547 89.3263 -89.5516 180 90
-0.135814 89.771 90.2505 -0.0220071 -89.9534
-0.867814 89.2899 -89.511 180 90
-0.124206 89.769 90.2565 -0.0274451 -89.9646
-0.896174 89.2775 -89.498 180 90
-0.135127 89.7744 90.253 -0.0305177 -89.9617
-0.894236 89.2701 -89.4869 180 90
-0.154268 89.7533 90.2784 -0.0285058 -89.9635
-0.996816 89.1763 -89.3921 180 90
-0.166673 89.7483 90.2863 -0.0291247 -89.9685
-0.966959 89.2375 -89.4519 180 90
-0.174308 89.7383 90.2955 -0.0251937 -89.9703
-0.960978 89.2464 -89.4583 180 90
-0.162657 89.7514 90.2834 -0.0259489 -89.9764
-0.996826 89.2165 -89.4258 180 90
-0.141469 89.767 90.2714 -0.0247453 -89.9779
-1.01176 89.2001 -89.4072 180 90
-0.134588 89.7551 90.2855 -0.0258732 -89.9794
-0.997328 89.226 -89.4319 180 90
-0.148115 89.7466 90.2972 -0.0305559 -89.983
-0.938593 89.2752 -89.4815 180 90
-0.135692 89.7322 90.3088 -0.0319602 -89.9816
-0.92714 89.2862 -89.494 180 90
-0.155102 89.7327 90.3076 -0.0299168 -89.9597
-0.964488 89.2548 -89.4607 180 90
-0.16226 89.7043 90.3379 -0.0274126 -89.9681
-1.00337 89.2085 -89.4176 180 90
-0.19355 89.667 90.3739 -0.0290062 -89.9785
-0.991945 89.2279 -89.4371 180 90
-0.164112 89.6752 90.362 -0.0285068 -89.975
-0.958099 89.2567 -89.4681 180 90
-0.156963 89.6753 90.3664 -0.0307657 -89.9592
-0.940211 89.283 -89.4991 180 90
-0.171097 89.6641 90.3781 -0.0280201 -89.9631
-1.00581 89.2238 -89.4444 180 90
-0.158595 89.6721 90.3711 -0.0299553 -89.9667
-0.995368 89.2591 -89.4822 180 90
-0.193533 89.6517 90.3941 -0.0322511 -89.9464
-0.985432 89.279 -89.5026 180 90
-0.179546 89.6527 90.3922 -0.0321043 -89.9479
-0.9894 89.2825 -89.5069 180 90
-0.188963 89.6553 90.3894 -0.0319854 -89.9359
-0.967543 89.2959 -89.5192 180 90
-0.178951 89.643 90.4014 -0.0328299 -89.9414
-0.942184 89.3535 -89.5788 180 90
-0.17392 89.6332 90.4113 -0.0320609 -89.9412
-0.930815 89.3406 -89.5656 180 90
-0.165912 89.652 90.3898 -0.0318721 -89.9457
-0.928793 89.359 -89.5909 180 90
-0.156105 89.6589 90.375 -0.0285282 -89.9406
-1.00844 89.2804 -89.5108 180 90
-0.160591 89.6563 90.378 -0.0318634 -89.9322
-1.0159 89.2784 -89.5103 180 90
-0.157063 89.6622 90.3706 -0.0357161 -89.9318
-1.01344 89.2874 -89.5231 180 90
-0.169402 89.6715 90.3644 -0.0375545 -89.9291
-0.972052 89.3208 -89.5529 180 90
-0.155959 89.6879 90.346 -0.0404274 -89.934
-0.943707 89.3337 -89.5672 180 90
-0.154472 89.6884 90.3495 -0.0405842 -89.9345
-0.914301 89.3527 -89.5842 180 90
-0.147155 89.6872 90.35 -0.0410336 -89.937
-0.875495 89.388 -89.6176 180 90
-0.149859 89.69 90.3418 -0.0421247 -89.932
-0.853638 89.4337 -89.663 180 90
-0.165098 89.695 90.3426 -0.044686 -89.9329
-0.848669 89.4421 -89.6734 180 90
-0.166201 89.7 90.3333 -0.0459175 -89.9271
-0.828256 89.4426 -89.6767 180 90
-0.166361 89.7043 90.3278 -0.0475646 -89.9241
-0.798989 89.4799 -89.7126 180 90
-0.154987 89.7027 90.3313 -0.0483377 -89.948
-0.771489 89.4884 -89.7162 180 90
-0.172784 89.7061 90.3333 -0.0495462 -89.9287
-0.746093 89.5049 -89.7275 180 90
-0.167364 89.7111 90.332 -0.049504 -89.9261
-0.720671 89.5298 -89.751 180 90
-0.168865 89.7071 90.3358 -0.0518806 -89.9247
-0.690319 89.5314 -89.7544 180 90
-0.167409 89.714 90.3253 -0.0520773 -89.9461
-0.649062 89.5617 -89.784 180 90
-0.155848 89.7285 90.311 -0.0559628 -89.9447
-0.640591 89.5523 -89.7723 180 90
-0.150323 89.7339 90.3089 -0.0588701 -89.9612
-0.588809 89.5971 -89.8134 180 90
-0.160138 89.7235 90.3231 -0.0579607 -89.9658
-0.577832 89.6031 -89.8137 180 90
-0.187653 89.7169 90.3273 -0.0556738 -89.9577
-0.575348 89.6165 -89.8277 180 90
-0.194016 89.7198 90.3228 -0.0568229 -89.939
-0.545401 89.6409 -89.8534 180 90
-0.196217 89.7215 90.3173 -0.0589076 -89.93
-0.539848 89.6618 -89.8844 180 90
-0.200784 89.7258 90.3155 -0.0606471 -89.9162
-0.50501 89.6703 -89.8909 180 90
-0.200353 89.7219 90.3222 -0.0639688 -89.9256
