4
0.818312 89.9656 -89.957 180.004 90.104
0.917711 89.9642 -89.9596 180.004 90.1126
1.01246 89.9612 -89.9562 180.005 90.1049
1.10662 89.9587 -89.9506 180.006 90.1169
1.20207 89.9528 -89.941 180.006 90.1223
1.29645 89.9503 -89.9391 180.007 90.1431
1.39384 89.9478 -89.9427 180.005 90.1491
1.48482 89.9427 -89.9436 180.004 90.1739
1.58322 89.9438 -89.9443 180.004 90.1833
1.67936 89.9374 -89.9302 180.005 90.2003
1.77997 89.9359 -89.9256 180.005 90.2112
1.882 89.9401 -89.933 180.004 90.2238
1.97729 89.9311 -89.9227 180.004 90.2425
2.07112 89.928 -89.9158 180.003 90.2587
2.1693 89.922 -89.9046 180.003 90.257
2.26202 89.9211 -89.9048 180.003 90.2652
2.35749 89.9148 -89.9002 180.003 90.2545
2.45079 89.9119 -89.8981 180.003 90.2501
2.54514 89.9105 -89.8978 180.003 90.258
2.64608 89.905 -89.8897 180.004 90.2606
2.74383 89.9012 -89.8862 180.003 90.2435
2.84216 89.8953 -89.8795 180.002 90.2481
2.94202 89.8924 -89.8743 180.002 90.2462
3.0369 89.89 -89.8742 180.003 90.2273
3.12838 89.8815 -89.8625 180.003 90.2295
3.229 89.8832 -89.8629 180.003 90.1852
3.31462 89.8772 -89.8545 180.001 90.1933
3.40255 89.8711 -89.8415 180.001 90.2193
3.49914 89.8652 -89.8311 180.002 90.229
3.59529 89.8608 -89.8335 180.001 90.2323
3.69541 89.8549 -89.8264 180.003 90.2043
3.78851 89.8494 -89.8211 180.001 90.1635
3.89232 89.844 -89.807 179.999 90.0658
3.98961 89.8351 -89.7985 179.999 90.0096
4.08486 89.8252 -89.7872 180.001 89.9764
4.17686 89.8172 -89.7758 179.999 89.9494
4.27182 89.812 -89.7716 180 89.9577
4.36396 89.8036 -89.7595 180.001 89.9797
4.45817 89.8012 -89.7535 180 89.9917
4.55445 89.7954 -89.7504 179.999 90.0077
4.65193 89.7921 -89.7497 180 90.0218
4.74784 89.7877 -89.7414 179.998 90.0355
4.84203 89.7854 -89.7408 179.998 90.0462
4.94483 89.7832 -89.7399 179.998 90.0714
5.04375 89.7814 -89.7363 179.999 90.0823
5.13859 89.7776 -89.7354 179.998 90.1069
5.23428 89.7753 -89.7347 179.999 90.1315
5.33697 89.7752 -89.7337 179.998 90.1616
5.43038 89.7664 -89.7292 179.998 90.1827
5.52786 89.7647 -89.732 179.999 90.2115
5.62199 89.7593 -89.7366 179.998 90.2349
5.71698 89.7545 -89.7393 179.998 90.2384
5.81668 89.7503 -89.7292 179.998 90.2512
5.91197 89.748 -89.7245 179.997 90.2782
6.00776 89.7416 -89.7237 179.996 90.2979
6.10493 89.7427 -89.7249 179.996 90.3213
6.20423 89.739 -89.7168 179.997 90.3474
6.2982 89.7363 -89.7097 180 90.3691
6.39529 89.7361 -89.7095 180 90.3899
6.49095 89.7308 -89.7086 180 90.409
6.58828 89.7266 -89.7081 179.998 90.4325
6.68617 89.7217 -89.7096 179.996 90.4476
6.78213 89.7194 -89.7072 179.996 90.4533
6.87982 89.7156 -89.7052 179.996 90.4663
6.97562 89.7123 -89.7073 179.994 90.4831
7.07133 89.7095 -89.7069 179.994 90.5099
7.16613 89.7073 -89.7079 179.993 90.5219
7.26204 89.7041 -89.7028 179.993 90.5388
7.35614 89.6988 -89.6998 179.991 90.5574
7.45451 89.696 -89.6942 179.992 90.5763
7.55383 89.6942 -89.6903 179.992 90.5958
7.65448 89.689 -89.6855 179.993 90.6151
7.75157 89.6827 -89.6826 179.994 90.6277
7.84703 89.678 -89.6771 179.994 90.6384
7.93867 89.6713 -89.6664 179.996 90.6596
8.03851 89.6686 -89.6647 179.996 90.6869
8.1422 89.6679 -89.6613 179.996 90.7065
8.24164 89.6601 -89.6477 179.997 90.7118
8.33266 89.6542 -89.6344 179.998 90.7254
8.424 89.6495 -89.6291 179.997 90.7394
8.51176 89.6452 -89.6231 179.997 90.7492
8.60649 89.641 -89.6195 179.998 90.7654
8.7016 89.6368 -89.617 179.997 90.7866
8.79611 89.6276 -89.6027 179.996 90.8051
8.89308 89.6223 -89.5981 179.996 90.8248
8.98662 89.6136 -89.5706 179.997 90.8431
9.07494 89.6083 -89.5565 179.996 90.8647
9.17246 89.6032 -89.5425 179.996 90.886
9.26557 89.5971 -89.5382 179.997 90.8864
9.36089 89.5924 -89.5291 179.997 90.8893
9.45313 89.5892 -89.5229 179.998 90.9166
9.54546 89.582 -89.5149 179.999 90.9296
9.64091 89.5755 -89.5049 179.999 90.9409
9.73797 89.5744 -89.5028 179.997 90.9555
9.83014 89.5707 -89.4947 179.996 90.9642
9.92279 89.5671 -89.4911 179.995 90.9629
10.0151 89.5624 -89.4909 179.997 90.9747
10.1123 89.5577 -89.4806 179.999 90.98
10.2042 89.552 -89.4747 179.998 91.0006
10.2974 89.5493 -89.4683 179.999 91.0113
10.4007 89.5522 -89.4726 180 91.0232
10.494 89.5435 -89.4617 180.001 91.0406
10.591 89.5349 -89.4489 180.001 91.0636
10.6866 89.5265 -89.4515 180.002 91.0722
10.7928 89.522 -90.3234 179.975 91.0944
10.9537 89.2533 -98.1791 179.684 91.0185
11.0324 88.923 -102.467 179.475 90.9446
11.1253 89.0082 -101.379 179.546 90.9956
11.2288 89.0599 -100.74 179.584 91.0191
11.3246 89.0808 -100.411 179.607 91.0435
11.4159 89.0819 -100.274 179.619 91.0642
11.5069 89.0915 -100.048 179.634 91.087
11.605 89.1107 -99.7502 179.649 91.0939
11.6977 89.2957 -96.7866 179.781 91.1723
11.7465 89.4817 -91.4857 179.964 91.247
11.8109 89.4917 -89.5135 180.03 91.267
11.9045 89.4816 -89.3789 180.03 91.282
11.9965 89.4746 -89.3707 180.025 91.2986
12.0957 89.4693 -89.3678 180.024 91.31
12.1932 89.4691 -89.3695 180.02 91.3098
12.2889 89.4663 -89.3654 180.018 91.3337
12.3843 89.461 -89.3632 180.015 91.3441
12.4749 89.4556 -89.3627 180.014 91.3533
12.5739 89.4525 -89.3599 180.012 91.361
12.6719 89.4462 -89.3492 180.013 91.367
12.7677 89.4437 -89.3538 180.012 91.3847
12.8619 89.438 -89.3466 180.012 91.3969
12.948 89.429 -89.3346 180.011 91.4017
13.0542 89.4253 -89.3177 180.01 91.4082
13.1443 89.4219 -89.3089 180.008 91.4215
13.2445 89.4186 -89.2942 180.008 91.4281
13.335 89.4127 -89.2886 180.006 91.4151
