4
0.00362764 89.9766 -89.9655 179.997 89.9905
0.00575972 89.9805 -89.9682 180 89.9946
0.00864972 89.9781 -89.9735 180.004 90.0008
0.0137352 89.9785 -89.976 180.006 89.9999
0.0119483 89.9817 -89.9829 180.003 90.0055
0.0107174 89.9976 -90.0004 180.005 90.0175
0.0168214 89.9973 -90.0094 180.013 90.0147
0.255414 90.1871 -88.9816 179.175 89.8478
0.706637 90.5619 -88.7155 178.811 89.5851
2.42743 92.0471 -90.7727 179.184 88.4361
5.08425 94.1871 -93.4301 179.407 86.646
6.22785 101.6 -102.717 180.659 85.8861
5.86507 94.8578 -96.6469 181.158 86.1049
7.1367 95.8785 -98.127 181.442 85.2138
7.26117 96.0017 -98.3612 181.51 85.1638
2.30409 91.9554 -93.7132 180.918 88.5245
0.415298 90.3713 -89.0654 179.009 89.6892
2.50956 92.1299 -87.7692 177.057 88.2177
5.3943 94.4463 -89.0401 176.347 86.1817
8.089 96.6407 -91.5063 176.543 84.3482
4.91901 94.1044 -88.7565 176.293 86.5914
1.21467 91.1452 -89.4139 178.77 89.3203
1.68412 91.5087 -91.786 180.001 88.9438
1.11956 91.0567 -91.9281 180.475 89.4138
0.210802 90.2706 -90.518 180.08 90.0056
0.111031 90.2428 -89.8524 179.442 90.3879
-0.0164557 90.1354 -90.4656 179.998 90.1922
-0.0317549 90.1325 -90.9995 180.38 90.2248
0.0149083 90.1429 -90.9976 180.339 90.2021
-0.0608783 90.1174 -90.7558 180.311 90.244
-0.0592707 90.1177 -90.6688 180.324 90.2495
-0.0591057 90.1194 -90.652 180.33 90.2486
-0.0631679 90.1224 -90.647 180.332 90.2547
-0.0631151 90.1284 -90.6512 180.336 90.2625
-0.0705143 90.1255 -90.6439 180.334 90.2684
-0.0688709 90.1287 -90.6522 180.348 90.2708
-0.0697085 90.1287 -90.6457 180.345 90.2732
-0.0696789 90.1315 -90.6357 180.332 90.2821
-0.0715938 90.133 -90.6365 180.333 90.2933
-0.06748 90.1389 -90.6415 180.332 90.2942
-0.0669276 90.137 -90.6451 180.333 90.2981
-0.0692513 90.1325 -90.6373 180.335 90.3015
-0.065557 90.1345 -90.6429 180.343 90.3027
-0.0620557 90.1351 -90.6438 180.341 90.3048
-0.0609964 90.141 -90.6502 180.345 90.3116
-0.0639659 90.1415 -90.6517 180.342 90.3225
-0.0690395 90.1376 -90.6409 180.338 90.332
-0.0727089 90.138 -90.6358 180.334 90.3401
-0.0696037 90.1411 -90.6408 180.335 90.3411
-0.0658303 90.1461 -90.6457 180.334 90.3481
-0.0652631 90.149 -90.6472 180.335 90.353
-0.0618427 90.1554 -90.6492 180.334 90.3569
-0.0655081 90.1564 -90.6418 180.331 90.364
-0.0674533 90.1573 -90.6428 180.335 90.3704
-0.0634946 90.1578 -90.6412 180.339 90.373
-0.0569598 90.1638 -90.6437 180.337 90.3699
-0.0616915 90.1662 -90.6504 180.342 90.3751
-0.0581836 90.1683 -90.655 180.344 90.3766
-0.0605406 90.1692 -90.6546 180.347 90.3834
-0.0630241 90.1728 -90.6645 180.351 90.3924
-0.058047 90.1762 -90.669 180.351 90.3928
-0.0577193 90.1776 -90.6671 180.349 90.3941
-0.0611273 90.1821 -90.6686 180.35 90.4048
-0.0575628 90.1865 -90.6832 180.357 90.4092
-0.0555942 90.1855 -90.6872 180.364 90.4088
-0.0574737 90.1845 -90.6862 180.363 90.4142
-0.0661516 90.1816 -90.6945 180.378 90.4229
-0.0696618 90.18 -90.7362 180.397 90.4322
0.182707 90.1794 -90.7448 180.353 90.1792
0.173521 90.2016 -90.7131 180.278 90.1878
0.40916 90.2157 -87.1801 176.748 89.9634
29.0655 90.2114 -70.2473 159.795 61.313
21.2052 90.214 -97.5974 187.139 69.181
17.234 90.2166 -96.8147 186.367 73.1529
17.2792 89.8618 -97.2502 187.206 72.7617
-0.387951 69.6223 -93.5817 172.904 69.9562
-45.388 24.6223 -48.5817 193.231 69.2518
-8.3432 69.6223 -41.4243 193.556 101.062
-8.40634 92.4254 -42.31 194.084 101.495
-8.38705 95.2368 -45.5537 195.375 102.061
-8.33679 94.7159 -45.4013 195.85 101.718
-8.28913 92.5832 -43.6 196.618 102.703
-8.23409 93.0175 -44.3978 197.267 101.837
-8.17178 120.665 -72.3725 197.745 101.723
-8.12013 85.4603 -37.5097 198.115 101.846
-53.1201 89.2824 -5.45096 161.46 146.601
-98.1201 85.4376 -1.28893 161.187 190.549
-95.3921 85.4845 -1.24999 160.569 188.906
-83.9076 85.4947 -1.28069 160.438 175.726
-74.9609 85.5051 -1.45416 160.444 165.865
-66.8664 85.5124 -1.74749 160.147 156.675
-60.4426 85.5193 -2.09642 159.972 152.926
-53.8118 85.5308 -2.60013 158.821 144.133
-47.7979 85.5465 -3.22928 160.148 139.975
-44.5045 85.5588 -3.65878 158.5 136.028
-41.6206 85.5741 -4.10568 158.943 133.286
-39.1888 85.5774 -4.53197 159.368 130.86
-37.0627 85.5855 -4.97217 159.803 128.751
-35.282 85.5917 -5.38082 160.206 126.982
-33.7937 85.5994 -5.75509 160.565 125.504
-32.6209 85.6101 -6.07 160.865 124.343
-31.3937 85.6229 -6.43908 161.213 123.127
-30.0761 85.6322 -6.85268 161.624 121.813
-29.1414 85.6376 -7.1845 161.95 120.876
-28.3146 85.6453 -7.49022 162.251 120.042
-27.6055 85.6501 -7.77694 162.537 119.343
-26.9467 85.6583 -8.05123 162.807 118.691
-26.3987 85.6598 -8.29535 163.047 118.14
-25.8193 85.6676 -8.54404 163.288 117.563
-25.2292 85.675 -8.82624 163.566 116.972
-24.6783 85.6813 -9.11734 163.846 116.418
-24.2653 85.6811 -9.32425 164.054 116.002
-23.8062 85.6835 -9.57205 164.297 115.537
-23.4001 85.6871 -9.78369 164.515 115.129
-23.0237 85.6942 -10.0134 164.737 114.763
-22.669 85.6975 -10.2219 164.943 114.409
-22.3211 85.7052 -10.4384 165.147 114.063
-22.0308 85.7073 -10.6167 165.321 113.777
-21.7411 85.7145 -10.7915 165.487 113.499
-21.4828 85.7181 -10.9659 165.664 113.244
-21.212 85.7195 -11.1432 165.837 112.974
-21.0114 85.7216 -11.2944 165.985 112.772
-20.7977 85.7225 -11.4525 166.143 112.553
-20.5784 85.7267 -11.6175 166.3 112.328
-20.387 85.7232 -11.7403 166.428 112.144
-20.1665 85.7322 -11.903 166.59 111.932
-19.9488 85.7336 -12.0632 166.751 111.715
-19.7432 85.7413 -12.2136 166.9 111.519
-19.5429 85.7422 -12.3616 167.047 111.325
-19.3972 85.7439 -12.4822 167.169 111.18
-19.2681 85.7458 -12.5921 167.278 111.05
-19.1207 85.7459 -12.7057 167.39 110.9
-18.9483 85.7462 -12.8459 167.526 110.727
-18.8022 85.7476 -12.9642 167.647 110.574
-18.6725 85.7499 -13.0734 167.761 110.448
-18.4957 85.7499 -13.2157 167.902 110.286
-18.37 85.7535 -13.3258 168.01 110.137
-18.2346 85.753 -13.4402 168.132 110.014
-18.1359 85.7513 -13.5347 168.889 109.661
-18.0494 85.753 -13.6242 170.205 109.662
-17.9441 85.7571 -13.7365 170.303 110.261
-17.8583 85.7578 -13.8411 170.422 110.655
-17.7509 85.7624 -13.9435 170.94 110.499
-17.6645 85.76 -14.0336 171.033 110.411
-17.5568 85.7588 -14.1279 171.138 110.445
-17.4647 85.763 -14.2339 171.245 110.183
-17.375 85.7633 -14.3295 171.343 110.064
-17.2999 85.7595 -14.4068 171.43 109.99
-17.2192 85.7565 -14.476 171.509 109.899
-17.159 85.7583 -14.5539 171.583 109.851
-17.0814 85.7554 -14.6351 171.668 109.932
-17.0208 85.757 -14.7104 171.748 109.799
-16.9454 85.7544 -14.7886 171.835 109.715
-16.8781 85.7497 -14.854 171.906 109.646
-16.8047 85.7534 -14.9336 171.983 109.576
-16.7276 85.7517 -15.0192 172.067 109.502
-16.6588 85.7485 -15.0954 172.15 109.425
-16.5953 85.7486 -15.1607 172.214 109.364
-16.5326 85.7517 -15.2249 172.273 109.304
-16.4777 85.7542 -15.2884 172.336 109.253
-16.427 85.7515 -15.3492 172.403 109.208
-16.3642 85.7579 -15.4206 172.472 109.154
-16.3146 85.7592 -15.4916 172.548 109.105
-16.244 85.7674 -15.5757 172.623 109.041
-16.1868 85.7691 -15.6408 172.688 108.98
-16.1153 85.7698 -15.7105 172.758 108.915
-16.0665 85.7646 -15.7706 172.821 108.873
-16.0162 85.767 -15.8308 172.879 108.83
-15.9663 85.7645 -15.8985 172.948 108.783
-15.9329 85.7709 -15.9578 173.001 108.882
-15.8761 85.7809 -16.0337 173.069 108.77
-15.8391 85.7798 -16.0813 173.125 108.74
-15.7993 85.7794 -16.1361 173.183 108.702
-15.7767 85.7825 -16.1896 173.236 108.673
-15.7517 85.7813 -16.2427 173.292 108.617
-15.7027 85.791 -16.303 173.343 108.575
-15.6729 85.7929 -16.3605 173.399 108.583
-15.6313 85.7946 -16.4037 173.446 108.422
-15.5932 85.7953 -16.4473 173.489 108.458
-15.5576 85.7994 -16.4967 173.536 108.437
-15.5305 85.8048 -16.5508 173.584 108.412
-15.5082 85.8117 -16.601 173.631 108.392
-15.4628 85.8185 -16.644 173.671 108.357
-15.428 85.8229 -16.6905 173.718 108.319
-15.3837 85.8194 -16.7395 173.771 108.27
-15.3659 85.8185 -16.7786 173.811 108.244
-15.3127 85.8223 -16.8276 173.861 108.213
-15.2776 85.8243 -16.8729 173.911 108.18
-15.2454 85.8234 -16.9147 173.955 108.166
-15.2284 85.8179 -16.9462 173.996 108.13
-15.1795 85.8218 -16.9846 174.034 108.091
-15.1726 85.8145 -17.0141 174.072 108.085
-15.13 85.8171 -17.0574 174.118 108.045
-15.1156 85.8166 -17.0858 174.152 108.031
-15.087 85.8175 -17.1311 174.194 108.012
-15.0485 85.8221 -17.1711 174.228 108.059
-15.0143 85.8221 -17.205 174.266 108.01
-14.9959 85.8226 -17.2427 174.305 107.982
-14.972 85.8222 -17.2786 174.351 107.952
-14.9472 85.8159 -17.3076 174.387 107.934
-14.9275 85.8226 -17.3423 174.419 107.911
-14.9166 85.8183 -17.3756 174.457 107.896
-14.9061 85.8192 -17.4141 174.494 107.878
-14.8757 85.8216 -17.4531 174.533 107.842
-14.8375 85.8272 -17.4895 174.561 107.818
-14.8154 85.8278 -17.5227 174.596 107.791
-14.7967 85.8243 -17.5476 174.626 107.78
-14.7652 85.8255 -17.5753 174.656 107.758
-14.754 85.8258 -17.6082 174.689 107.749
-14.7356 85.8263 -17.6349 174.717 107.739
-14.7098 85.8268 -17.669 174.753 107.708
-14.6794 85.8246 -17.7054 174.797 107.682
-14.6548 85.829 -17.7471 174.831 107.65
-14.6336 85.829 -17.7734 174.856 107.629
-14.6098 85.8291 -17.8016 174.887 107.604
-14.5953 85.8293 -17.8269 174.916 107.599
-14.5577 85.834 -17.8711 174.957 107.563
-14.5257 85.8368 -17.904 174.989 107.546
-14.4977 85.8367 -17.9352 175.023 107.497
-14.4793 85.8362 -17.9648 175.052 107.473
-14.4498 85.8353 -17.9851 175.076 107.452
-14.4454 85.8238 -18.0023 175.115 107.442
-14.4439 85.8213 -18.0306 175.147 107.444
-14.4233 85.8268 -18.0617 175.179 107.406
-14.395 85.8274 -18.0866 175.204 107.387
-14.3734 85.8313 -18.1125 175.229 107.432
-14.3564 85.8277 -18.1359 175.257 107.408
-14.3351 85.8235 -18.1558 175.285 107.39
-11.7477 85.3188 -20.1193 177.758 104.815
-12.6606 40.3188 24.8807 195.023 108.801
-19.1225 -4.68123 69.8807 188.788 116.001
-10.8146 -49.6812 114.881 188.394 103.384
-10.8436 -79.1871 137.219 188.403 103.484
-10.8534 -79.3 137.341 188.407 103.539
-10.8654 -79.3099 137.353 188.414 103.576
-10.8816 -79.2837 137.329 188.421 103.611
-10.8756 -79.2467 137.294 188.43 103.614
-10.8628 -79.1818 137.225 188.446 103.614
-10.8607 -79.1175 137.171 188.454 103.632
-10.8485 -79.0618 137.125 188.461 103.64
-10.8307 -78.9843 137.043 188.471 103.642
-10.8264 -78.9117 136.971 188.481 103.654
-10.8245 -78.8272 136.889 188.49 103.651
-10.8144 -78.7359 136.799 188.503 103.649
-10.8052 -78.6602 136.733 188.506 103.648
-10.8079 -78.5448 136.622 188.508 103.656
-10.7955 -78.4485 136.536 188.511 103.657
-10.7924 -78.349 136.443 188.517 103.649
-10.7846 -78.2462 136.344 188.521 103.655
-10.7743 -78.1445 136.246 188.526 103.652
-10.7653 -78.0586 136.16 188.537 103.647
-10.765 -77.957 136.057 188.546 103.648
-10.7576 -77.8527 135.955 188.556 103.648
-10.7518 -77.7536 135.853 188.569 103.64
-10.7518 -77.6462 135.744 188.58 103.647
-10.7503 -77.5552 135.657 188.596 103.65
-10.759 -77.4692 135.58 188.605 103.657
-10.7586 -77.358 135.471 188.616 103.66
-10.7633 -77.244 135.358 188.627 103.661
-5.48766 -77.1427 126.176 197.716 98.3923
39.5123 -77.0498 86.3498 237.471 53.3929
48.9397 -76.9648 78.1416 245.609 43.9653
28.5185 -76.8606 65.9018 257.762 64.4089
17.4938 -76.7556 76.2647 247.307 75.4281
34.9445 -76.6444 75.2737 248.201 57.9753
-10.0555 -76.5432 30.2737 265 102.975
-55.0555 -76.4413 10.9748 265 147.975
-65.523 -76.3345 2.03095 265 158.448
-110.523 -76.2392 5.68 265 203.448
-155.523 -76.1271 1.85718 265 248.448
-152.543 -76.0153 -5.87232 265 245.486
-137.252 -75.9138 -5.29989 265 230.194
-102.72 -75.8095 -3.3428 265 195.673
-87.07 -75.6993 -8.77948 265 180.036
-90.292 -75.5756 -7.86095 265 183.265
-94.3104 -75.4703 -5.99697 265 187.283
-109.006 -75.3438 -11.3959 265 201.976
-64.0062 -75.2222 -12.2007 265 156.978
-19.0062 -75.107 -10.6337 265 111.984
25.9938 -75.0085 -8.56516 265 66.991
69.3287 -74.9117 -8.61493 265 23.6611
67.7157 -74.7968 -8.92351 265 25.2784
63.12 -74.661 -8.80137 265 29.8792
65.4343 -74.5381 -8.13221 265 27.5859
66.4726 -74.4075 -8.061 265 26.5378
21.4726 -74.3062 -6.14472 265 71.5378
-23.5274 -74.2059 -4.70715 265 116.53
21.4726 -74.0847 -5.6545 265 71.5371
40.6124 -73.9549 -5.38115 265 52.3978
28.695 -73.8339 -3.40541 265 64.3218
28.8271 -73.7117 -3.49641 265 64.1929
28.7996 -73.5868 -3.606 265 64.228
28.9418 -73.4852 -3.66794 265 64.1029
73.9418 -73.3508 41.3321 226.981 19.1029
50.0322 -70.0351 84.1969 249.519 47.0767
69.0872 -25.0351 39.1969 204.519 8.79554
85.7351 19.9649 -5.80315 178.123 5.6711
40.7351 64.9649 -50.8031 190.168 50.4215
-4.2649 85.3224 -95.8031 205.79 95.3434
-6.3662 85.3571 -111.43 204.154 97.3995
-6.32395 85.3815 -110.228 202.926 97.3347
-6.28091 85.3934 -109.127 201.846 96.5825
-6.24015 85.4022 -108.217 201.776 97.8526
-6.20308 85.4123 -107.433 204.236 96.1198
-6.17149 85.4172 -106.696 201.194 116.005
-6.15146 85.425 -106.072 206.627 95.1946
-6.1238 85.4313 -108.976 206.845 97.8935
-6.18154 85.4305 -108.368 206.244 98.0868
-6.20733 85.4315 -107.761 205.637 98.1235
-5.87888 85.4301 -102.757 200.633 97.7923
-5.94996 85.4364 -103.617 201.492 97.8637
-6.43532 85.4363 -99.0715 196.945 98.346
-10.4062 85.4415 -141.195 239.067 102.313
-8.35804 85.4461 -131.479 229.348 100.263
-7.07061 85.4458 -119.44 217.308 98.967
-6.34457 85.4525 -108.025 205.885 98.2441
-6.32625 85.4552 -107.573 205.431 98.2251
-6.71697 84.7093 -87.6655 204.964 98.1144
-5.97854 85.1869 -79.2063 204.641 98.0431
-5.88497 85.4128 -85.737 204.226 97.9115
-5.90745 85.4362 -88.0531 203.859 97.8809
-6.23214 85.1195 -87.3759 203.553 97.8978
-5.95525 85.3782 -86.7787 203.281 97.876
-5.92067 85.4074 -86.3547 203.039 97.8679
-5.82378 85.5027 -86.2279 202.816 97.8581
-5.83708 85.5214 -91.3449 207.918 97.8791
-5.88938 85.5337 -94.2578 210.819 97.94
-6.10819 85.5474 -103.048 219.596 98.1654
-6.00413 85.5592 -100.09 216.624 98.0688
-6.03505 85.5652 -99.6622 216.186 98.1001
-6.02465 85.5775 -99.2748 215.787 98.0953
-6.01274 85.5819 -98.8937 215.405 98.0817
-5.99856 85.5923 -98.5749 215.073 98.075
-5.98653 85.5997 -98.2792 214.767 98.0606
-5.97462 85.6072 -98.0212 214.501 98.0509
-5.9659 85.608 -97.7737 214.254 98.0393
-5.95209 85.6198 -97.5348 213.995 98.0305
-5.93916 85.6241 -97.2861 213.74 98.0154
-5.93051 85.6257 -97.1193 213.567 98.0045
-5.91944 85.6298 -96.9454 213.389 97.9957
-5.91236 85.63 -96.7755 213.215 97.9907
-5.90356 85.6324 -96.6191 213.053 97.981
-5.89337 85.6378 -96.4651 212.894 97.9706
-5.88848 85.6394 -96.3087 212.732 97.9598
-5.88349 85.6383 -96.1666 212.595 97.9531
-5.87739 85.6415 -96.034 212.465 97.9455
-5.87484 85.6462 -95.9027 212.33 97.9407
-5.87239 85.6501 -95.7722 212.197 97.9321
-5.87011 85.6504 -95.6509 212.074 97.9272
-5.86709 85.6488 -95.5512 211.976 97.923
-5.858 85.6548 -95.4325 211.851 97.9197
-5.8539 85.6551 -95.3344 211.752 97.9109
-5.84572 85.6624 -95.2471 211.656 97.9067
-5.8442 85.6648 -95.1657 211.571 97.9007
-5.84103 85.6636 -95.0712 211.481 97.8953
-5.83569 85.6667 -94.9989 211.406 97.8886
-5.83279 85.6667 -94.9249 211.328 97.8844
-5.83198 85.6656 -94.8405 211.24 97.8802
-5.83082 85.6672 -94.7618 211.162 97.8749
-5.83028 85.6696 -94.6959 211.098 97.8744
-5.83285 85.6662 -94.618 211.026 97.8724
-5.83098 85.6637 -94.5491 210.96 97.8678
-5.82509 85.6623 -94.4901 210.899 97.8624
-5.8136 85.6752 -94.4419 210.836 97.8562
-5.80975 85.6782 -94.3768 210.769 97.8545
-5.8087 85.6801 -94.3228 210.71 97.8564
-5.80772 85.6797 -94.2614 210.651 97.8577
-5.80792 85.6833 -94.2074 210.592 97.8587
-5.80144 85.6842 -94.1467 210.536 97.859
-5.80642 85.685 -94.0879 210.48 97.8614
-5.80036 85.6803 -94.0284 210.421 97.8533
-6.00847 85.3719 -91.2133 210.4 97.7899
-5.75356 85.252 -74.8342 210.427 98.2841
-6.28094 84.2096 -56.6363 210.454 100.006
-5.6262 85.8902 -95.9802 210.233 97.8569
-5.46211 85.8439 -87.706 210.225 97.8784
-5.51064 85.5052 -74.0015 210.23 98.4096
-5.48458 85.4354 -68.6486 210.203 98.8574
-5.58486 85.648 -83.8394 210.122 97.9734
-5.63554 85.5474 -76.3957 202.779 97.919
-13.596 85.5309 -31.3957 157.779 105.865
-5.69039 85.523 -76.3957 202.779 97.9535
-6.5718 85.5214 -56.2657 182.665 98.8305
-6.8164 85.52 -53.3765 179.778 99.0743
-20.2529 81.4414 -8.58005 180.564 116.607
-8.76395 84.6947 -36.7962 180.01 101.435
-5.95116 85.8346 -66.9798 179.862 98.0773
-5.94938 85.3197 -73.7417 179.865 97.7989
-5.92899 85.2454 -73.7177 179.91 97.7877
-50.929 40.2454 -28.7177 177.243 57.3366
-95.929 -4.75464 16.2823 173.191 54.3319
-140.929 -49.7546 61.2823 182.936 56.1733
-95.929 -85 106.282 185.365 101.173
-50.929 -85 151.282 187.468 146.173
-5.92899 -40 106.282 183.588 123.576
4.21133 5 61.2823 183.883 82.9594
32.994 50 16.2823 138.883 55.2097
27.698 94.6824 -21.2909 96.1834 60.5049
-17.302 94.6661 -52.7355 126.992 105.505
-62.302 94.6532 -68.0623 141.705 150.505
-107.302 94.6436 -38.6685 111.752 195.505
-62.302 94.6348 -62.2286 134.883 150.525
-17.302 94.6265 -77.8624 150.102 105.525
-24.4717 91.6963 -77.7524 152.6 112.693
5.79256 78.1042 -79.8253 167.92 82.4326
5.92212 88.0931 -89.9593 167.767 82.3056
5.93078 68.3454 -70.3309 167.632 82.2968
5.92224 96.1441 -98.0664 167.345 82.3102
5.92074 95.1489 -97.2047 167.255 82.3122
5.92015 95.1048 -97.2685 167.181 82.3103
5.92768 95.0843 -97.3272 167.083 82.3079
5.92857 95.0533 -97.4004 167.023 82.3064
5.92949 95.0369 -97.4631 166.96 82.309
5.92989 95.0211 -97.5197 166.897 82.3178
5.92674 95.001 -97.5701 166.839 82.319
5.9269 94.9839 -97.6101 166.769 82.3187
5.92704 94.9725 -97.6529 166.717 82.3252
5.92767 94.9606 -97.7105 166.67 82.3267
5.92472 94.9418 -97.7595 166.64 82.3256
5.92558 94.9344 -97.8322 166.617 82.3265
5.9225 94.9228 -97.8601 166.57 82.3262
5.92497 94.9101 -97.8908 166.526 82.3255
5.92331 94.891 -97.9269 166.494 82.3224
5.92045 94.8774 -97.9702 166.472 82.3269
5.92242 94.8747 -98.021 166.449 82.3312
5.91869 94.8625 -98.0599 166.43 82.3381
5.91735 94.8534 -98.0984 166.41 82.3346
5.9228 94.8416 -98.1198 166.386 82.3298
5.92038 94.836 -98.151 166.367 82.3312
5.91971 94.8291 -98.1804 166.344 82.3351
5.91982 94.8211 -98.2057 166.324 82.3277
5.91349 94.8063 -98.2312 166.301 82.3379
5.91016 94.7964 -98.2429 166.272 82.3435
5.9149 94.7908 -98.263 166.261 82.3407
5.92177 94.7881 -98.2764 166.233 82.3431
5.92552 94.7812 -98.2926 166.212 82.3386
5.9261 94.7757 -98.3238 166.195 82.3327
5.92937 94.7664 -98.3361 166.179 82.3286
5.93166 94.7595 -98.3521 166.163 82.325
5.92984 94.755 -98.3702 166.148 82.327
5.93144 94.7568 -98.3925 166.131 82.3245
5.93234 94.7552 -98.4112 166.118 82.3259
5.93876 94.7531 -98.423 166.1 82.3214
5.93829 94.7539 -98.4359 166.081 82.324
5.93836 94.7525 -98.4485 166.069 82.3202
5.93858 94.7495 -98.4609 166.045 82.3247
5.9376 94.7443 -98.4632 166.028 82.3244
5.93348 94.7377 -98.474 166.011 82.3218
5.93125 94.7315 -98.4801 165.996 82.3263
5.92773 94.7267 -98.487 165.977 82.3282
5.92686 94.7192 -98.4938 165.964 82.3219
5.92771 94.7249 -98.5219 165.956 82.3194
5.92738 94.7238 -98.5269 165.941 82.318
5.93077 94.7231 -98.532 165.921 82.3146
5.93413 94.7235 -98.5383 165.905 82.3066
5.93046 94.7245 -98.5413 165.889 82.3102
5.92766 94.7247 -98.5552 165.88 82.3124
5.92859 94.7268 -98.5651 165.863 82.3091
5.92772 94.7211 -98.5715 165.851 82.3056
5.9292 94.7234 -98.5829 165.834 82.3091
5.93304 94.7239 -98.6005 165.827 82.3102
5.93528 94.728 -98.6128 165.816 82.3088
5.93477 94.7313 -98.631 165.81 82.3111
5.93926 94.7279 -98.6301 165.803 82.3066
5.93577 94.7283 -98.6376 165.794 82.3077
5.93492 94.7257 -98.6438 165.778 82.3047
5.93561 94.7244 -98.6447 165.76 82.302
5.93546 94.7272 -98.6524 165.746 82.2994
5.93192 92.7478 -96.6822 165.733 82.2984
5.93265 94.5418 -98.4838 165.721 82.3041
5.92462 94.559 -98.5026 165.703 82.3091
5.92891 94.5723 -98.5183 165.685 82.3086
5.92831 94.58 -98.5305 165.671 82.3128
5.92641 94.5832 -98.5387 165.66 82.3143
5.92847 94.5904 -98.5527 165.646 82.3128
5.93207 94.5902 -98.5518 165.629 82.3129
5.93762 94.5923 -98.5596 165.619 82.3039
5.93703 94.5917 -98.5587 165.604 82.305
5.93921 94.5906 -98.5609 165.593 82.2995
5.93928 94.5849 -98.5563 165.58 82.3029
5.94094 94.5865 -98.5651 165.571 82.3032
5.94019 94.5806 -98.564 165.56 82.308
5.93988 94.581 -98.5693 165.549 82.3076
5.9385 94.5752 -98.5671 165.539 82.3069
5.93622 94.5712 -98.5656 165.526 82.3073
5.93301 94.5685 -98.5706 165.517 82.306
5.93296 94.5654 -98.5619 165.501 82.3087
5.93631 94.5601 -98.5606 165.491 82.3057
5.93662 94.5591 -98.5664 165.483 82.305
5.93639 94.5568 -98.5683 165.474 82.3042
5.93743 94.5526 -98.5697 165.466 82.3027
5.93607 94.5492 -98.5672 165.451 82.303
5.93949 94.5496 -98.5634 165.437 82.3032
5.93909 94.5452 -98.5589 165.427 82.2985
5.94091 94.5424 -98.5584 165.419 82.2975
5.9477 94.5453 -98.5651 165.411 82.2955
5.94426 94.5412 -98.5603 165.398 82.2922
5.94448 94.5365 -98.5565 165.388 82.2925
5.93817 94.5407 -98.5656 165.379 82.2989
5.94245 94.5435 -98.5712 165.368 82.2952
5.94825 94.5506 -98.5775 165.362 82.2916
5.94877 94.5485 -98.578 165.349 82.2917
5.94955 94.5497 -98.5774 165.339 82.3005
5.94796 94.5472 -98.5807 165.331 82.3019
5.94689 94.5468 -98.5833 165.32 82.3033
5.94356 94.5434 -98.5734 165.306 82.3098
5.94586 94.5407 -98.5757 165.296 82.3005
5.95017 94.5368 -98.5705 165.289 82.292
5.95279 94.5411 -98.5709 165.278 82.2906
5.94979 94.539 -98.5641 165.263 82.2862
5.95205 94.5382 -98.5649 165.255 82.2839
5.94945 94.5312 -98.5558 165.239 82.2833
5.95273 94.5334 -98.5535 165.225 82.2838
5.9467 94.5326 -98.5481 165.21 82.2904
5.94545 94.5254 -98.5395 165.197 82.2904
5.94406 94.531 -98.5466 165.184 82.2866
5.9473 94.5367 -98.5533 165.173 82.2883
5.94309 94.5422 -98.5596 165.16 82.2932
5.94096 94.5433 -98.5601 165.146 82.2886
5.9407 94.5473 -98.5591 165.13 82.2918
5.94253 94.5464 -98.5577 165.123 82.2906
5.94762 94.5491 -98.5662 165.116 82.2917
5.94398 94.546 -98.5659 165.112 82.2993
5.94006 94.5398 -98.5564 165.1 82.2999
5.94274 94.5402 -98.556 165.088 82.2937
5.94323 94.5391 -98.5539 165.073 82.2933
5.94374 94.536 -98.546 165.061 82.2898
5.93593 94.5346 -98.5419 165.052 82.291
5.93365 94.5326 -98.5386 165.045 82.2865
5.93353 94.5287 -98.536 165.038 82.2848
5.93429 94.5264 -98.529 165.026 82.2808
5.93672 94.5297 -98.5306 165.011 82.2813
5.93882 94.5365 -98.5348 164.993 82.284
5.93689 94.5375 -98.5335 164.978 82.2832
5.93655 94.5382 -98.5333 164.957 82.2831
5.94015 94.5424 -98.5399 164.942 82.2808
5.93652 94.5424 -98.5384 164.92 82.2829
5.93621 94.5387 -98.5274 164.899 82.2796
5.93151 94.5381 -98.5202 164.879 82.2837
5.92851 94.5339 -98.5096 164.853 82.2879
5.92456 94.5308 -98.4992 164.83 82.2881
5.92525 94.532 -98.4943 164.813 82.2944
5.92914 94.5387 -98.4952 164.792 82.2942
5.93045 94.536 -98.4898 164.774 82.2904
5.9304 94.533 -98.475 164.754 82.2906
5.93627 94.5378 -98.483 164.738 82.2831
5.94237 94.5411 -98.482 164.718 82.277
5.94039 94.5424 -98.4858 164.707 82.2816
5.94012 94.5438 -98.4841 164.69 82.2834
5.93932 94.5468 -98.4838 164.673 82.2867
5.94151 94.5453 -98.4728 164.649 82.2866
5.94015 94.5445 -98.4722 164.638 82.2859
5.94082 94.5396 -98.4687 164.626 82.2839
5.94689 94.5472 -98.4762 164.609 82.2812
5.94967 94.5427 -98.4709 164.595 82.275
5.95145 94.5462 -98.4813 164.592 82.2722
5.95151 94.544 -98.4763 164.577 82.2698
5.95506 94.545 -98.4753 164.561 82.2652
5.953 94.5435 -98.4656 164.541 82.2686
5.95072 94.5455 -98.4671 164.525 82.264
5.9506 94.5483 -98.4703 164.512 82.2638
5.95339 94.5534 -98.4749 164.496 82.2636
5.95439 94.5558 -98.474 164.477 82.2681
5.95249 94.5551 -98.4673 164.455 82.2712
5.94579 94.5513 -98.455 164.435 82.274
5.94464 94.5522 -98.4508 164.419 82.2717
5.94064 94.5485 -98.4409 164.398 82.2731
5.93674 94.545 -98.4322 164.384 82.2769
5.93619 94.5455 -98.4268 164.368 82.2729
5.93538 94.5476 -98.4254 164.351 82.2768
5.93153 94.5481 -98.4229 164.336 82.274
5.93294 94.5523 -98.4209 164.32 82.2673
5.93559 94.5482 -98.4126 164.305 82.2662
5.94026 94.5506 -98.4129 164.291 82.257
5.94236 94.5584 -98.4222 164.28 82.2578
5.9408 94.5597 -98.4207 164.269 82.2585
5.93355 94.5536 -98.4103 164.251 82.2592
5.93518 94.5577 -98.4092 164.244 82.2578
5.93632 94.5608 -98.4058 164.225 82.2603
5.93463 94.5585 -98.4024 164.213 82.2625
5.9347 94.5545 -98.3931 164.196 82.2619
5.9376 94.5556 -98.3909 164.189 82.2643
5.93677 94.5573 -98.3904 164.175 82.2624
5.93825 94.5566 -98.3866 164.165 82.2616
5.93818 94.5583 -98.391 164.158 82.2592
5.9417 94.5568 -98.3868 164.151 82.2535
5.94038 94.5569 -98.3852 164.138 82.2548
5.93943 94.5569 -98.3823 164.125 82.2568
5.93807 94.5562 -98.3777 164.119 82.2563
5.93803 94.5514 -98.3652 164.1 82.2567
5.93907 94.5522 -98.3601 164.088 82.25
5.94117 94.5521 -98.3546 164.074 82.2519
5.93694 94.5515 -98.3506 164.063 82.2529
5.93376 94.5474 -98.3441 164.046 82.2534
5.93462 94.5522 -98.3418 164.03 82.2518
5.93383 94.5504 -98.3427 164.024 82.2523
5.9339 94.5509 -98.3406 164.015 82.2559
5.93567 94.5538 -98.3412 164.003 82.2576
5.94269 94.5573 -98.3462 163.995 82.251
5.9481 94.5636 -98.347 163.979 82.2547
5.94961 94.5601 -98.3413 163.967 82.2593
5.94832 94.5563 -98.335 163.957 82.2555
5.95189 94.5559 -98.3312 163.945 82.2519
5.95413 94.5569 -98.3333 163.936 82.2485
5.95578 94.5607 -98.3394 163.928 82.2468
5.95006 94.5603 -98.3404 163.922 82.2497
5.95087 94.5584 -98.3417 163.915 82.2565
5.95198 94.5604 -98.3466 163.918 82.256
5.95196 94.5608 -98.3502 163.924 82.2569
5.94496 94.5618 -98.3548 163.932 82.2598
5.94488 94.564 -98.3589 163.933 82.257
5.94018 94.5694 -98.3694 163.939 82.2612
5.94022 94.5694 -98.3696 163.942 82.259
5.94175 94.5716 -98.3652 163.938 82.258
5.93829 94.5693 -98.3651 163.942 82.2618
5.94334 94.5758 -98.3799 163.948 82.2604
5.94568 94.5775 -98.3819 163.954 82.2574
5.94117 94.5787 -98.3884 163.96 82.2608
5.93912 94.5761 -98.3915 163.961 82.2613
5.94262 94.58 -98.3987 163.968 82.2556
5.93949 94.5776 -98.3968 163.968 82.2537
5.9401 94.5782 -98.4006 163.972 82.2552
5.94058 94.5799 -98.3987 163.971 82.2538
5.9423 94.5798 -98.4003 163.972 82.2546
5.94304 94.5793 -98.4018 163.975 82.2521
5.94316 94.5825 -98.4051 163.982 82.2535
5.94095 94.5762 -98.402 163.982 82.2531
5.93732 94.5761 -98.4019 163.982 82.2609
5.93702 94.5779 -98.4076 163.985 82.2636
5.93639 94.5785 -98.411 163.989 82.2639
5.9361 94.5807 -98.4102 163.989 82.2645
5.93238 94.5803 -98.4131 163.989 82.2635
5.93378 94.5813 -98.4147 163.993 82.2587
5.93208 94.5785 -98.4116 163.996 82.2576
5.93936 94.5814 -98.422 164.002 82.2475
5.93564 94.5762 -98.4188 164.006 82.248
5.93224 94.58 -98.4151 164.002 82.2484
5.9351 94.5847 -98.4267 164.006 82.251
5.92882 94.5841 -98.4303 164.014 82.2494
5.92505 94.5848 -98.4299 164.012 82.2552
5.92575 94.5908 -98.4347 164.012 82.2543
5.93459 94.5984 -98.4446 164.015 82.2513
5.93495 94.5968 -98.4476 164.017 82.2546
5.94043 94.597 -98.4521 164.018 82.2523
5.93867 94.6024 -98.4614 164.022 82.2556
5.94276 94.6055 -98.4641 164.018 82.2522
5.94568 94.6061 -98.4648 164.018 82.253
5.94946 94.6104 -98.4688 164.019 82.2448
5.95437 94.6134 -98.4759 164.022 82.2375
5.95267 94.6133 -98.4776 164.022 82.2378
5.95312 94.6081 -98.4777 164.022 82.2339
5.95666 94.6111 -98.4807 164.023 82.2379
5.95926 94.6091 -98.4782 164.021 82.2363
5.95276 94.6069 -98.476 164.021 82.2387
5.9493 94.608 -98.4773 164.018 82.2454
5.9542 94.6098 -98.4787 164.018 82.2404
5.95226 94.6107 -98.4772 164.017 82.2461
5.94897 94.6051 -98.4733 164.012 82.246
5.9469 94.6057 -98.472 164.012 82.2445
5.95113 94.612 -98.4778 164.012 82.2463
5.94267 94.6046 -98.471 164.01 82.2504
5.94611 94.6084 -98.4747 164.012 82.2518
5.9426 94.6049 -98.4705 164.015 82.25
5.94234 94.6096 -98.4756 164.012 82.2515
5.9456 94.6062 -98.4719 164.011 82.2522
5.942 94.5987 -98.4643 164.008 82.2483
5.94831 94.6007 -98.4689 164.005 82.2492
5.94918 94.6025 -98.4717 164.008 82.2467
5.95095 94.604 -98.4728 164.008 82.2421
5.95552 94.6101 -98.4758 164.004 82.2407
5.95549 94.6073 -98.4688 163.997 82.2435
5.95563 94.6121 -98.4739 163.994 82.2468
5.95201 94.6113 -98.4767 163.99 82.2505
5.95202 94.613 -98.4811 163.993 82.2489
5.94477 94.6109 -98.4823 163.993 82.2531
5.94396 94.6103 -98.4784 163.987 82.2516
5.94733 94.6141 -98.4764 163.982 82.2518
5.94257 94.612 -98.474 163.982 82.2521
5.94244 94.6089 -98.4734 163.98 82.2551
5.94118 94.6078 -98.4753 163.979 82.2579
5.94759 94.6102 -98.479 163.98 82.2605
5.94495 94.6076 -98.47 163.974 82.2615
5.94868 94.6128 -98.4788 163.977 82.2596
5.95251 94.6161 -98.486 163.985 82.2569
5.9549 94.6141 -98.4843 163.985 82.2522
5.96264 94.6124 -98.486 163.992 82.2474
5.9631 94.6168 -98.4911 163.993 82.2468
5.96496 94.6216 -98.5001 163.993 82.244
5.96707 94.6222 -98.4999 163.992 82.2441
5.97134 94.624 -98.506 163.994 82.2404
5.9668 94.6223 -98.5018 163.99 82.2424
5.96429 94.6243 -98.5067 163.994 82.2395
5.96141 94.6192 -98.5047 163.997 82.2387
5.96084 94.6204 -98.5063 163.994 82.2369
5.96381 94.6291 -98.5174 163.996 82.2351
5.96452 94.6317 -98.5213 163.994 82.2346
5.96852 94.6356 -98.5266 163.998 82.2284
5.97112 94.6401 -98.5338 163.992 82.2255
5.97239 94.6423 -98.5331 163.991 82.2226
5.96829 94.6455 -98.5358 163.988 82.225
5.97045 94.6505 -98.541 163.988 82.2221
5.97177 94.6519 -98.5404 163.987 82.2197
5.96947 94.6463 -98.5369 163.986 82.2223
5.97735 94.655 -98.5459 163.989 82.2172
5.97961 94.6582 -98.5487 163.989 82.2133
5.98268 94.6616 -98.553 163.988 82.2131
5.98568 94.6614 -98.5536 163.987 82.2125
5.98006 94.6577 -98.5493 163.987 82.2167
5.98285 94.6591 -98.5569 163.994 82.2134
5.98642 94.6613 -98.5597 163.997 82.2064
5.9902 94.6679 -98.5679 163.999 82.2027
5.99295 94.6738 -98.5718 163.997 82.1971
5.99089 94.6729 -98.5718 164.001 82.1962
5.9926 94.6701 -98.5649 163.996 82.1972
5.99349 94.6707 -98.5721 163.997 82.1938
5.99545 94.6729 -98.5777 164.001 82.1925
5.99332 94.674 -98.5794 164.002 82.195
5.9962 94.675 -98.5838 164.007 82.1891
5.99976 94.6756 -98.5843 164.007 82.1861
6.00669 94.6802 -98.5922 164.007 82.1825
