4
0.211134 90.1052 -90.1158 180.021 89.9986
-0.0748547 89.9332 90.0679 -0.00048775 -89.8526
0.131679 90.1911 -90.1351 179.962 93.5011
0.636093 90.0408 89.9428 -0.0643682 -87.6474
1.19016 91.0614 -90.8666 179.712 95.5612
0.096786 89.5862 90.4628 -0.0731537 -87.441
1.68943 91.7225 -91.8585 179.961 97.1763
0.140495 89.5135 90.5433 -0.0669449 -87.1632
2.22677 92.1533 -92.1554 179.776 98.0298
-0.0817101 89.2022 90.8793 -0.0696674 -87.1485
2.76199 92.579 -92.4277 179.634 98.4978
-0.321755 88.9435 91.1607 -0.0591521 -87.0876
2.88631 92.7502 -92.9171 179.883 99.0313
-0.414703 88.8171 91.2851 -0.0610178 -86.9872
2.94885 92.8452 -92.6931 179.564 99.365
-0.421763 88.8608 91.1173 -0.0402705 -86.7647
3.92446 92.8213 -92.8227 179.775 98.2535
-0.630973 89.0885 90.9675 -0.127034 -85.8133
4.40255 92.9461 -92.8016 179.661 97.9055
-0.832532 88.9619 91.0819 -0.11767 -85.4094
4.69789 93.1158 -92.9369 179.602 97.8825
-1.11966 88.6789 91.3818 -0.132498 -85.193
5.06581 93.1586 -93.0164 179.571 97.7896
-1.36641 88.4918 91.5892 -0.136455 -85.1698
5.25093 93.2119 -93.1861 179.726 97.8933
-1.50689 88.3598 91.7378 -0.132474 -85.0712
10.8527 92.3373 -92.4372 179.848 90.9027
-1.6478 88.2678 91.8266 -0.0158599 -84.4543
8.94446 91.7575 -91.7681 179.934 90.3405
