4
0.00314245 90.0099 -90.0336 180.001 90.0056
-0.0212675 89.9611 90.0408 0.000818063 -89.9842
-0.0152191 89.9767 -90.0059 179.99 90.0054
-0.0361242 89.9366 90.0674 -0.0049712 -89.9871
-0.0197132 89.9769 -90.0324 179.995 90.0167
-0.0536015 89.9197 90.0871 -0.00608881 -89.989
-0.029502 89.9785 -90.0268 180.011 90.0239
-0.0404908 89.9051 90.0881 0.0140387 -89.9953
0.00893152 89.9867 -90.0006 179.982 90.0298
-0.0504456 89.8797 90.1065 0.0265538 -89.979
0.017723 89.9725 -89.9655 179.963 90.0469
-0.0556592 89.8492 90.1452 0.0165067 -89.9796
-0.00905977 89.9732 -89.9472 179.969 90.0708
-0.0329395 89.8456 90.1495 0.0255676 -90.0117
-0.0530189 89.9688 -89.9885 179.972 90.1002
-0.0269086 89.8413 90.1622 0.0149325 -90.0111
-0.0633608 90.015 -90.0665 179.969 90.1317
-0.0186473 89.8462 90.1551 0.00969208 -90.0213
-0.0404271 89.9949 -89.9438 179.843 90.0947
-0.00825643 89.8211 90.1756 0.0149517 -90.0268
-0.0190268 89.9879 -89.8161 179.733 90.0465
-0.00798573 89.827 90.1885 0.00457845 -90.0495
-0.0204062 89.9871 -89.7484 179.643 90.0177
-0.0268276 89.8137 90.1804 -0.00562541 -90.0461
-0.0154281 89.9327 -89.6943 179.647 89.9924
-0.0519586 89.8003 90.1878 -0.00482371 -90.0285
-0.0188669 89.9262 -89.6784 179.724 89.95
-0.0692392 89.8012 90.1909 -0.016332 -90.0295
-0.0606315 89.9574 -89.8326 179.888 89.9819
-0.07082 89.8133 90.1588 -0.0247182 -90.0343
-0.115661 89.9538 -89.8843 179.948 89.9922
-0.0780441 89.8351 90.1388 -0.0237941 -90.0294
-0.113937 89.98 -89.9485 179.981 89.9717
-0.107264 89.8275 90.1526 -0.0288654 -89.9958
-0.114958 89.9889 -89.9627 180.023 89.9717
-0.114533 89.8435 90.1382 -0.024602 -89.9689
-0.0849961 90.0097 -89.8888 179.943 89.9212
-0.118139 89.8434 90.1351 -0.00697825 -89.9319
-0.0517962 90.0098 -89.7773 179.852 89.8777
-0.13375 89.8597 90.1246 -0.000785124 -89.9001
-0.0369881 90.0546 -89.9013 179.905 89.8971
-0.120713 89.8725 90.1063 -0.00851845 -89.8807
-0.0517443 90.0545 -90.0036 180.001 89.9139
-0.124483 89.8766 90.1072 -0.0181248 -89.8855
-0.0710302 90.071 -90.0941 180.05 89.9466
-0.110253 89.8933 90.0933 -0.013412 -89.8745
-0.084952 90.0422 -90.0548 180.046 89.9499
-0.114364 89.9039 90.0788 -0.0119868 -89.8653
-0.116135 90.0322 -90.0911 180.079 89.9663
-0.10624 89.9152 90.0877 -0.0170852 -89.8521
-0.137274 90.0207 -90.1055 180.072 90.0083
-0.113777 89.9465 90.0406 7.14195e-05 -89.8286
-0.0935585 90.0681 -90.0836 180.021 90.0002
-0.112706 89.9611 90.0426 -0.0125051 -89.8326
-0.0373161 90.0746 -89.9396 179.872 89.9427
-0.12326 89.9661 90.0193 -0.00822877 -89.8257
-0.0275936 90.0643 -89.846 179.796 89.8946
-0.149038 89.9493 90.0531 -0.00876721 -89.8022
-0.021669 90.017 -89.7541 179.754 89.8915
-0.178229 89.9289 90.0751 -0.0153074 -89.78
-0.0179916 89.9838 -89.7406 179.754 89.8751
-0.199468 89.9068 90.1052 -0.00405632 -89.7595
0.000341978 90.0103 -89.7982 179.745 89.8827
-0.235486 89.8873 90.1167 -0.00814802 -89.7443
0.00705305 90.0293 -89.808 179.774 89.8766
-0.277173 89.8695 90.1312 -0.0075031 -89.7077
0.0300647 90.0474 -89.804 179.775 89.8687
-0.304337 89.8569 90.1534 -0.0164205 -89.6588
0.038132 90.0355 -89.769 179.758 89.8546
-0.331363 89.8361 90.1876 -0.0185283 -89.6304
0.0141732 90.0018 -89.7234 179.777 89.845
-0.354709 89.8167 90.2132 -0.0162415 -89.6142
0.0175278 90.0106 -89.7405 179.748 89.8463
-0.372141 89.7959 90.2225 -0.00875545 -89.5932
0.0198285 90.0386 -89.7804 179.742 89.8552
-0.367859 89.7725 90.2558 -0.0114935 -89.619
0.0323131 90.0758 -89.8163 179.736 89.8613
-0.380305 89.7339 90.2842 -0.00676002 -89.6474
0.0436422 90.0864 -89.8264 179.725 89.8352
-0.387107 89.7004 90.3425 -0.00995722 -89.7043
0.0713699 90.0937 -89.82 179.764 89.809
-0.347324 89.7069 90.3149 -0.0172072 -89.7505
