4
3.62278 93.6358 -93.7012 182.336 89.7344
3.60411 93.6205 -93.6814 182.331 89.7207
3.58248 93.6006 -93.668 182.339 89.7073
3.56105 93.5816 -93.6534 182.34 89.6923
3.54144 93.5595 -93.6311 182.338 89.6778
3.52148 93.5439 -93.6126 182.339 89.6622
3.50068 93.5308 -93.5944 182.338 89.6485
3.47783 93.5116 -93.5775 182.34 89.6314
3.45826 93.4925 -93.5559 182.344 89.6134
3.43556 93.477 -93.5403 182.345 89.6001
3.41464 93.4614 -93.5243 182.347 89.5821
3.37339 93.4597 -93.5228 182.173 89.5927
3.56997 93.4966 -93.3225 180.466 90.2524
3.86526 93.6472 -93.7228 181.144 91.162
4.02006 93.7568 -94.3547 183.283 90.6099
4.23109 94.1039 -94.8305 184.089 89.2928
1.55066 93.8094 -93.6002 180.889 92.1113
1.21277 92.3767 -92.2507 179.763 94.234
1.29666 93.2967 -93.0945 177.819 90.6851
0.95522 92.3619 -92.2104 173.542 92.4968
-0.132258 91.7239 -92.6867 173.263 95.0039
-0.693391 93.6185 -93.5218 180.339 91.2371
-0.689441 93.872 -93.6521 182.111 89.9597
-0.380019 93.4847 -92.8593 186.386 91.167
-0.359885 93.4367 -92.7057 185.79 91.7023
-0.565773 93.5595 -92.9552 184.424 91.0359
-0.713556 93.7262 -93.5694 181.039 90.1547
-0.683211 93.7529 -93.6916 180.975 90.0822
-0.511153 93.8748 -93.7417 181.133 89.9467
-0.996224 93.5738 -93.7994 180.167 89.9867
-0.727641 93.8052 -94.043 180.082 90.0224
-0.79306 93.8443 -93.943 180.962 89.8406
-0.808292 93.8594 -93.6987 182.27 89.8034
-0.831814 93.8402 -93.6378 182.176 89.7881
-0.854627 93.8181 -93.5968 182.146 89.7724
-0.876195 93.7999 -93.5757 182.141 89.7555
-0.894975 93.7788 -93.5414 182.132 89.7365
-0.918133 93.7555 -93.517 182.131 89.7184
-0.937527 93.7348 -93.4903 182.137 89.6931
-0.957142 93.7179 -93.4733 182.137 89.6727
-0.978608 93.699 -93.4561 182.141 89.6542
-1.00101 93.6764 -93.4288 182.14 89.6337
-1.0199 93.6638 -93.4099 182.142 89.6168
-1.0438 93.6459 -93.3894 182.147 89.6
-1.06564 93.6284 -93.3704 182.142 89.5812
-1.09168 93.607 -93.3473 182.146 89.5615
-1.11554 93.5898 -93.3326 182.157 89.5503
-1.13603 93.5716 -93.3132 182.164 89.5291
-1.15569 93.5574 -93.2916 182.164 89.5103
-1.18017 93.5367 -93.2736 182.166 89.4944
-1.20235 93.515 -93.2521 182.168 89.4785
-1.22183 93.494 -93.2349 182.172 89.4544
-1.23908 93.4736 -93.2078 182.172 89.4303
-1.26077 93.4589 -93.1961 182.173 89.4169
-1.27766 93.4404 -93.1772 182.177 89.3945
-1.29764 93.4225 -93.1557 182.177 89.3746
-1.31952 93.405 -93.1337 182.176 89.356
-1.33936 93.3888 -93.1133 182.181 89.3351
-1.35781 93.373 -93.0977 182.183 89.3177
-1.37741 93.3567 -93.0807 182.186 89.2989
-1.39422 93.3424 -93.0629 182.187 89.2818
-1.41534 93.3226 -93.0451 182.197 89.2627
-1.43355 93.3076 -93.0359 182.2 89.2433
-1.45436 93.2933 -93.0226 182.2 89.2295
-1.46867 93.2738 -93.0036 182.201 89.2109
-1.49273 93.2522 -92.9794 182.201 89.1985
-1.51227 93.2328 -92.9597 182.202 89.179
-1.53163 93.2128 -92.9337 182.202 89.159
-1.5487 93.1995 -92.9214 182.21 89.1382
-1.5642 93.1803 -92.9014 182.212 89.1185
-1.58024 93.1624 -92.8868 182.22 89.1017
-1.60489 93.142 -92.8639 182.221 89.0828
-1.62187 93.1266 -92.8513 182.221 89.0649
-1.63865 93.1075 -92.8285 182.22 89.0443
-1.65771 93.0913 -92.8109 182.219 89.0262
-1.67801 93.0717 -92.789 182.22 89.0067
-1.69852 93.0527 -92.7703 182.219 88.9912
-1.7109 93.041 -92.7571 182.224 88.9729
-1.72634 93.0288 -92.7422 182.228 88.954
-1.74874 93.0145 -92.7263 182.232 88.9451
-1.76726 92.9979 -92.7114 182.235 88.9288
-1.78949 92.9775 -92.6859 182.233 88.914
-1.81375 92.9593 -92.6609 182.228 88.8977
-1.83631 92.9449 -92.6471 182.227 88.8889
-1.85357 92.9269 -92.6263 182.226 88.8702
-1.87284 92.9109 -92.6031 182.228 88.8484
-1.89376 92.8936 -92.5842 182.224 88.8318
-1.92174 92.872 -92.5563 182.219 88.8191
-1.94219 92.8556 -92.5366 182.219 88.8037
-1.9678 92.8364 -92.5167 182.221 88.7914
-1.98476 92.818 -92.4977 182.221 88.7765
-2.00468 92.7983 -92.4744 182.221 88.7565
-2.01983 92.785 -92.4566 182.22 88.7377
-2.04607 92.7652 -92.4397 182.218 88.7245
-2.06139 92.7519 -92.422 182.222 88.7017
-2.08244 92.7374 -92.4087 182.227 88.692
-2.11004 92.7163 -92.3896 182.229 88.6835
-2.13017 92.6953 -92.3702 182.231 88.6641
-2.15512 92.6759 -92.3465 182.226 88.6514
-2.17462 92.6615 -92.3332 182.229 88.6345
-2.19254 92.6449 -92.3154 182.232 88.6166
-2.21951 92.6264 -92.3035 182.237 88.602
-2.23799 92.6058 -92.2825 182.239 88.5801
-2.26303 92.5833 -92.2546 182.234 88.5609
-2.2903 92.5674 -92.2425 182.235 88.55
-2.30831 92.5474 -92.2185 182.235 88.5361
-2.33091 92.5343 -92.2075 182.238 88.5188
-2.34898 92.5125 -92.1881 182.241 88.5009
-2.37204 92.4967 -92.1685 182.242 88.4901
-2.38958 92.4786 -92.1506 182.243 88.4685
-2.4136 92.4548 -92.1203 182.24 88.4506
-2.43525 92.4354 -92.1002 182.242 88.4344
-2.45671 92.4175 -92.0785 182.243 88.4164
-2.47715 92.3976 -92.0605 182.245 88.4025
-2.4932 92.3807 -92.0479 182.251 88.3842
-2.51381 92.3569 -92.0221 182.252 88.3628
-2.5333 92.3374 -91.9964 182.251 88.3465
-2.55448 92.3152 -91.9664 182.249 88.3293
-2.5757 92.2931 -91.9482 182.252 88.318
-2.60343 92.2694 -91.9239 182.253 88.3006
-2.62297 92.2487 -91.9021 182.251 88.2832
-2.64755 92.223 -91.8744 182.247 88.2687
-2.67002 92.203 -91.8518 182.248 88.2511
-2.69166 92.1792 -91.8296 182.251 88.2389
-2.71773 92.1529 -91.8012 182.251 88.2276
-2.73932 92.1348 -91.7833 182.255 88.2102
-2.75882 92.1106 -91.7569 182.254 88.1897
-2.78286 92.0838 -91.7284 182.258 88.1743
-2.80786 92.0597 -91.7023 182.258 88.1602
-2.82578 92.0402 -91.6791 182.257 88.1437
-2.84711 92.0163 -91.6618 182.26 88.1289
-2.86357 92.0006 -91.6458 182.263 88.1111
-2.88167 91.9804 -91.6304 182.267 88.0922
-2.90308 91.9589 -91.6032 182.266 88.0738
-2.92174 91.9373 -91.5836 182.269 88.057
-2.94078 91.9158 -91.561 182.27 88.038
-2.95794 91.8937 -91.5386 182.27 88.0175
-2.97937 91.8727 -91.5109 182.269 88.0005
-2.99592 91.8538 -91.4977 182.274 87.981
-3.01651 91.8359 -91.4764 182.276 87.9666
-3.03955 91.8173 -91.456 182.276 87.9533
-3.05828 91.7972 -91.4284 182.271 87.9397
-3.08043 91.7803 -91.41 182.272 87.9228
-3.10077 91.7576 -91.3792 182.271 87.9029
-3.13048 91.7314 -91.3515 182.272 87.8884
-3.15159 91.7169 -91.3328 182.274 87.8774
-3.16766 91.6976 -91.317 182.279 87.8582
-3.19575 91.6762 -91.2901 182.276 87.8437
-3.21827 91.6549 -91.2659 182.273 87.8272
-3.2429 91.6322 -91.2403 182.27 87.8068
-3.26928 91.6096 -91.2202 182.275 87.7931
-3.29044 91.5874 -91.1996 182.279 87.771
-3.30845 91.5673 -91.1786 182.279 87.752
-3.33447 91.5462 -91.151 182.277 87.7386
-3.35719 91.5225 -91.1298 182.282 87.7213
-3.37479 91.5029 -91.1104 182.28 87.6984
-3.39385 91.4796 -91.0863 182.278 87.6793
-3.41648 91.459 -91.0673 182.279 87.6654
-3.44017 91.4301 -91.0365 182.282 87.6455
-3.45983 91.4114 -91.0216 182.287 87.6264
-3.48386 91.3909 -90.9988 182.283 87.6072
-3.50597 91.3697 -90.9815 182.285 87.5907
-3.5221 91.3489 -90.9622 182.286 87.5719
-3.5448 91.3261 -90.9401 182.286 87.557
-3.56227 91.3097 -90.9229 182.29 87.537
-3.58485 91.2897 -90.9003 182.286 87.5239
-3.60288 91.2732 -90.8816 182.285 87.5046
-3.62039 91.254 -90.8607 182.288 87.4888
-3.64259 91.2308 -90.8402 182.294 87.4705
-3.66305 91.2114 -90.8166 182.294 87.4529
-3.68257 91.1928 -90.7988 182.293 87.4369
-3.70616 91.1727 -90.7767 182.293 87.4265
-3.71933 91.1543 -90.762 182.296 87.4041
-3.73803 91.1346 -90.7446 182.3 87.3824
-3.78356 91.1071 -90.8662 181.704 87.376
-3.74975 91.0033 -90.6881 181.566 87.842
-3.7537 91.2124 -91.4954 179.725 87.9918
-3.38407 90.665 -93.2334 174.095 90.5584
-5.72143 91.0723 -92.4185 178.894 90.4127
-3.35985 90.5558 -85.9828 190.799 93.0526
-2.68031 90.3824 -85.0734 192.109 94.3104
-5.68929 91.0737 -90.0569 183.255 89.2932
-5.58607 90.8623 -92.7544 176.654 87.9952
-6.05001 90.914 -91.4775 179.886 86.3937
-5.94607 90.8712 -91.7988 179.236 86.375
-6.00874 90.9418 -90.8928 181.451 86.1786
-5.99542 90.9177 -90.7409 181.697 86.1303
-6.02595 90.8917 -90.7083 181.642 86.1247
-6.04939 90.871 -90.6982 181.637 86.1111
-6.07223 90.8498 -90.6796 181.631 86.0942
-6.09438 90.8277 -90.6577 181.629 86.0776
-6.11872 90.8108 -90.6394 181.626 86.0697
-6.14257 90.7908 -90.6207 181.628 86.0583
-6.16563 90.7678 -90.5939 181.628 86.0444
-6.19186 90.7466 -90.5733 181.629 86.0403
-6.21272 90.7225 -90.5473 181.628 86.0273
-6.24074 90.7017 -90.5209 181.619 86.017
-6.26137 90.6824 -90.5016 181.619 86.0013
-6.27859 90.6611 -90.479 181.62 85.9837
-6.30226 90.6398 -90.4558 181.619 85.9706
-6.32711 90.6198 -90.4376 181.618 85.9611
-6.35433 90.594 -90.4084 181.622 85.9484
-6.38079 90.5665 -90.3775 181.628 85.9311
-6.4044 90.5475 -90.3553 181.628 85.9194
-6.43161 90.5218 -90.3252 181.626 85.9117
-6.458 90.4989 -90.3011 181.627 85.9028
-6.47749 90.4817 -90.2827 181.621 85.8895
-6.50162 90.4599 -90.2622 181.622 85.8787
-6.52943 90.437 -90.2401 181.617 85.8702
-6.55527 90.4157 -90.2169 181.619 85.8591
-6.57649 90.397 -90.1958 181.616 85.847
-6.59914 90.3743 -90.1702 181.614 85.8348
-6.62071 90.3484 -90.1434 181.616 85.8211
-6.64857 90.3244 -90.1226 181.62 85.8117
-6.67579 90.2986 -90.0984 181.623 85.8051
-6.69247 90.2808 -90.0795 181.621 85.791
-6.71387 90.258 -90.0596 181.623 85.7736
-6.73311 90.2383 -90.0395 181.624 85.7581
-6.75212 90.2165 -90.02 181.627 85.7397
-6.77732 90.1943 -89.9963 181.631 85.726
-6.79721 90.1709 -89.9721 181.635 85.7135
-6.81976 90.1506 -89.9536 181.635 85.7002
-6.84408 90.1291 -89.9327 181.638 85.6886
-6.86761 90.1094 -89.9129 181.639 85.6738
-6.88836 90.0881 -89.8907 181.639 85.6597
-6.90653 90.0751 -89.873 181.636 85.648
-6.92475 90.0583 -89.8626 181.639 85.636
-6.94655 90.0338 -89.8378 181.643 85.6185
-6.96404 90.0166 -89.8262 181.649 85.6028
-6.98496 89.9933 -89.8021 181.649 85.5929
-7.00734 89.9765 -89.7809 181.647 85.581
-7.02868 89.9586 -89.7655 181.649 85.5734
-7.05413 89.9358 -89.7435 181.651 85.563
-7.08049 89.9144 -89.7256 181.651 85.5455
-7.10275 89.8956 -89.7015 181.647 85.5344
-7.1215 89.8787 -89.6815 181.646 85.5192
-7.14245 89.8545 -89.6544 181.642 85.5043
-7.15999 89.8377 -89.6375 181.642 85.4915
-7.18331 89.8174 -89.6197 181.648 85.4764
-7.20276 89.8005 -89.6047 181.648 85.4576
-7.22179 89.7813 -89.5898 181.65 85.4423
-7.24072 89.7638 -89.5777 181.656 85.4284
-7.26323 89.7414 -89.5597 181.655 85.4126
-7.28588 89.7268 -89.5419 181.653 85.3983
-7.30736 89.7091 -89.5261 181.66 85.382
-7.33041 89.6901 -89.5074 181.661 85.3697
-7.35372 89.6742 -89.4912 181.662 85.3571
-7.37719 89.6578 -89.4724 181.661 85.3437
-7.40018 89.638 -89.4559 181.66 85.3279
-7.42199 89.6168 -89.4401 181.664 85.3104
-7.44463 89.5992 -89.4245 181.665 85.2993
-7.46889 89.5769 -89.4022 181.671 85.2863
-7.49575 89.5571 -89.3813 181.672 85.2738
-7.51495 89.5389 -89.3597 181.669 85.2617
-7.53961 89.5178 -89.3375 181.668 85.2472
-7.56635 89.4936 -89.3103 181.666 85.2321
-7.59288 89.4741 -89.2917 181.664 85.2203
-7.61627 89.456 -89.272 181.661 85.2113
-7.63683 89.4382 -89.2508 181.66 85.1944
-7.66037 89.4153 -89.226 181.658 85.1801
-7.68701 89.3935 -89.2054 181.658 85.1655
-7.71081 89.3692 -89.1831 181.662 85.1485
-7.73023 89.3508 -89.1654 181.663 85.1331
-7.74808 89.3348 -89.1494 181.664 85.1195
-7.76891 89.3115 -89.1263 181.661 85.0991
-7.78819 89.2885 -89.1036 181.66 85.0791
-7.81161 89.2643 -89.0803 181.663 85.0652
-7.83319 89.2434 -89.0584 181.665 85.0485
-7.8517 89.2219 -89.0379 181.665 85.0272
-7.87392 89.1979 -89.0115 181.66 85.0127
-7.89577 89.183 -88.9996 181.657 85.0008
-7.91722 89.1575 -88.9751 181.657 84.9865
-7.94232 89.1334 -88.9527 181.66 84.9762
-7.96971 89.106 -88.924 181.656 84.9652
-7.98863 89.0905 -88.9082 181.658 84.9548
-8.0107 89.0666 -88.885 181.661 84.9389
-8.03739 89.0441 -88.8627 181.662 84.9283
-8.05468 89.0281 -88.8431 181.663 84.9136
-8.07398 89.0098 -88.8255 181.662 84.8947
-8.09203 88.9894 -88.8042 181.658 84.8764
-8.11445 88.9651 -88.7827 181.657 84.8566
-8.13884 88.9444 -88.7627 181.656 84.8418
-8.16051 88.9217 -88.7402 181.654 84.8237
-8.18629 88.8987 -88.7203 181.658 84.8068
-8.21121 88.8761 -88.7009 181.661 84.7933
-8.23118 88.8598 -88.6897 181.667 84.7764
-8.25345 88.8411 -88.6713 181.665 84.7643
-8.27672 88.8182 -88.6499 181.663 84.7437
-8.29747 88.7944 -88.6323 181.662 84.7282
-8.31933 88.773 -88.6119 181.661 84.7112
-8.3424 88.7511 -88.5883 181.656 84.6944
-8.36567 88.7286 -88.5654 181.655 84.6823
-8.38964 88.7077 -88.5435 181.654 84.6674
-8.40732 88.6899 -88.5249 181.65 84.6534
-8.43014 88.6651 -88.4994 181.646 84.6354
-8.45306 88.6455 -88.4805 181.645 84.622
-8.47255 88.6246 -88.4572 181.644 84.6063
-8.4919 88.6037 -88.435 181.644 84.5939
-8.50857 88.5829 -88.4179 181.65 84.5766
-8.53025 88.5655 -88.4036 181.652 84.561
-8.55417 88.5438 -88.382 181.657 84.5479
-8.57447 88.5253 -88.3571 181.651 84.5349
-8.59488 88.507 -88.3395 181.652 84.5225
-8.61694 88.4831 -88.3157 181.654 84.5102
-8.63999 88.4648 -88.3017 181.653 84.4989
-8.6557 88.4458 -88.2821 181.65 84.4784
-8.68013 88.4283 -88.2641 181.649 84.465
-8.70289 88.4075 -88.2484 181.648 84.451
-8.72639 88.3876 -88.2326 181.648 84.4378
-8.7468 88.3711 -88.2165 181.652 84.4277
-8.76282 88.3518 -88.1927 181.648 84.409
-8.78792 88.3287 -88.1702 181.651 84.3962
-8.80919 88.3123 -88.1536 181.649 84.3787
-8.83788 88.2911 -88.1312 181.651 84.3685
-8.85664 88.2702 -88.1123 181.648 84.3519
-8.87996 88.2507 -88.0954 181.651 84.3383
-8.90225 88.2313 -88.0708 181.647 84.3216
-8.92171 88.2148 -88.0558 181.644 84.3063
-8.94616 88.1933 -88.0357 181.643 84.2994
-8.96581 88.1745 -88.0198 181.644 84.2807
-8.99106 88.1474 -87.9914 181.644 84.2596
-9.0139 88.127 -87.9703 181.639 84.2442
-9.03464 88.1068 -87.9513 181.64 84.2301
-9.05378 88.0809 -87.9246 181.638 84.2084
-9.07702 88.0625 -87.908 181.642 84.1948
-9.09919 88.0402 -87.8896 181.641 84.1769
-9.11787 88.0203 -87.8678 181.64 84.1657
-9.14126 87.9974 -87.8435 181.64 84.1467
-9.15904 87.9821 -87.8303 181.642 84.1356
-9.17635 87.9608 -87.8097 181.644 84.1141
-9.19572 87.9346 -87.7802 181.639 84.0926
-9.21765 87.9115 -87.7594 181.638 84.0782
-9.23718 87.8895 -87.7376 181.641 84.0629
-9.26012 87.8703 -87.7214 181.645 84.0449
-9.27871 87.8487 -87.7013 181.644 84.0262
-9.29881 87.8307 -87.6875 181.646 84.0109
-9.3159 87.8142 -87.6751 181.648 83.9932
-9.34185 87.7896 -87.6488 181.641 83.983
-9.36406 87.7658 -87.6277 181.638 83.97
-9.38561 87.7407 -87.6065 181.637 83.9523
-9.41025 87.7197 -87.5896 181.637 83.9422
-9.4361 87.6946 -87.5615 181.637 83.9316
-9.45689 87.6705 -87.5396 181.641 83.913
-9.47715 87.6468 -87.5196 181.642 83.8969
-9.49996 87.6251 -87.4932 181.638 83.8839
-9.52216 87.6051 -87.4785 181.641 83.8731
-9.54876 87.58 -87.4526 181.638 83.8644
-9.56755 87.5613 -87.4289 181.63 83.8529
-9.59383 87.5356 -87.405 181.631 83.8399
-9.61487 87.5193 -87.3883 181.63 83.8241
-9.63833 87.4936 -87.3582 181.627 83.8082
-9.66325 87.4721 -87.3349 181.628 83.7891
-9.67955 87.4612 -87.3183 181.625 83.7724
-9.6985 87.4419 -87.2981 181.621 83.753
-9.72558 87.4151 -87.2718 181.623 83.7367
-9.74212 87.3953 -87.2519 181.619 83.7184
-9.7636 87.374 -87.2334 181.617 83.7015
-9.78535 87.3532 -87.2136 181.62 83.6869
-9.80626 87.3313 -87.191 181.619 83.6729
-9.82683 87.3118 -87.1704 181.616 83.6531
-9.8519 87.2901 -87.147 181.614 83.6373
-9.87467 87.2669 -87.1219 181.618 83.623
-9.89369 87.2482 -87.106 181.619 83.6052
-9.91669 87.2193 -87.0795 181.622 83.5862
-9.9378 87.1946 -87.0573 181.621 83.568
-9.95976 87.1706 -87.0363 181.626 83.5545
-9.98491 87.1502 -87.0185 181.623 83.5393
-10.0085 87.1234 -86.9933 181.624 83.5265
-10.03 87.0976 -86.9643 181.621 83.5087
-10.0566 87.0734 -86.9439 181.625 83.4969
-10.0835 87.0512 -86.9226 181.624 83.4875
-10.1073 87.0253 -86.8956 181.624 83.4738
-10.1322 87.0024 -86.8729 181.626 83.4593
-10.1565 86.9799 -86.8508 181.631 83.4461
-10.1825 86.9538 -86.8224 181.629 83.4362
-10.2028 86.9308 -86.7998 181.625 83.4242
-10.2281 86.9066 -86.7763 181.622 83.4147
-10.2509 86.8879 -86.754 181.619 83.4002
-10.2735 86.8681 -86.7352 181.613 83.3854
-10.2948 86.8483 -86.7142 181.61 83.3703
-10.3165 86.8248 -86.6925 181.607 83.3583
-10.3344 86.8082 -86.6761 181.603 83.3413
-10.3568 86.7844 -86.6549 181.604 83.3274
-10.3797 86.7668 -86.6341 181.599 83.313
-10.4017 86.7425 -86.6108 181.596 83.3007
-10.4273 86.7222 -86.5917 181.598 83.2924
-10.4523 86.7001 -86.5664 181.602 83.2784
-10.4757 86.6801 -86.547 181.605 83.2649
-10.498 86.66 -86.5263 181.596 83.2478
-10.5232 86.6319 -86.4998 181.597 83.236
-10.5443 86.6127 -86.4811 181.595 83.2214
-10.5655 86.5916 -86.4619 181.594 83.2067
-10.5873 86.5693 -86.4444 181.594 83.1898
-10.6036 86.5484 -86.4279 181.593 83.1707
-10.62 86.5266 -86.4057 181.589 83.1478
-10.6395 86.5022 -86.3871 181.597 83.1334
-10.663 86.4782 -86.367 181.597 83.1214
-10.6883 86.4529 -86.3435 181.598 83.1038
-10.7063 86.4349 -86.3226 181.598 83.0863
-10.7249 86.414 -86.3023 181.597 83.0725
-10.7495 86.3881 -86.2769 181.597 83.0582
-10.7732 86.3669 -86.2572 181.598 83.0435
-10.7964 86.3485 -86.2353 181.596 83.0272
-10.8171 86.3277 -86.2117 181.591 83.0101
-10.8396 86.3052 -86.1897 181.591 82.996
-10.8621 86.2837 -86.1712 181.589 82.9871
-10.8835 86.2605 -86.1519 181.593 82.972
-10.9071 86.236 -86.1274 181.595 82.9577
-10.9269 86.2172 -86.1122 181.595 82.937
-10.9459 86.1958 -86.089 181.591 82.9231
-10.9668 86.1744 -86.0658 181.589 82.9035
-10.9853 86.1524 -86.0425 181.59 82.8871
-11.0004 86.1345 -86.0238 181.59 82.8724
-11.02 86.1141 -86.0025 181.59 82.8591
-11.0395 86.0922 -85.9773 181.587 82.8411
-11.0579 86.0739 -85.9626 181.588 82.8296
-11.0775 86.0483 -85.9389 181.587 82.8119
-11.1027 86.0249 -85.9159 181.584 82.7992
-11.1202 86.0029 -85.8945 181.581 82.7858
-11.1448 85.9771 -85.863 181.574 82.7755
-11.1686 85.9542 -85.8351 181.57 82.7633
-11.1915 85.9347 -85.8166 181.566 82.7483
-11.2148 85.9217 -85.8015 181.564 82.7322
-11.2347 85.9025 -85.7861 181.564 82.7153
-11.2579 85.8788 -85.7592 181.562 82.7017
-11.2818 85.8585 -85.7382 181.56 82.6906
-11.3059 85.8368 -85.7156 181.559 82.6692
-11.3261 85.8152 -85.6946 181.562 82.6509
-11.3477 85.7982 -85.6782 181.564 82.6406
-11.3679 85.7808 -85.6575 181.563 82.6248
-11.3871 85.7589 -85.6336 181.558 82.6111
-11.414 85.7416 -85.6165 181.56 82.5974
-11.4301 85.7259 -85.6012 181.552 82.5846
-11.45 85.7103 -85.5795 181.55 82.5754
-11.4694 85.6939 -85.5607 181.547 82.5588
-11.4966 85.6675 -85.5362 181.545 82.5506
-11.5189 85.6455 -85.5122 181.54 82.5381
-11.5383 85.6265 -85.4904 181.542 82.5169
-11.5574 85.6105 -85.4685 181.539 82.5004
-11.5782 85.5892 -85.4457 181.537 82.4833
-11.6044 85.5684 -85.4209 181.537 82.4731
-11.6251 85.5521 -85.4048 181.538 82.4583
-11.6454 85.5372 -85.3897 181.537 82.4456
-11.6718 85.5155 -85.3688 181.537 82.4301
-11.6959 85.4919 -85.3433 181.534 82.4152
-11.7182 85.4723 -85.3241 181.534 82.4006
-11.7471 85.4531 -85.306 181.535 82.3951
-11.7708 85.4313 -85.2826 181.533 82.3768
-11.7893 85.4137 -85.2665 181.533 82.3574
-11.8102 85.3938 -85.2496 181.534 82.3453
-11.832 85.3729 -85.2268 181.529 82.3277
-11.8549 85.3516 -85.2065 181.529 82.3141
-11.8796 85.3342 -85.1844 181.524 82.3008
-11.9049 85.3078 -85.1559 181.525 82.2872
-11.9261 85.2849 -85.1316 181.522 82.2719
-11.9509 85.2628 -85.1094 181.517 82.2593
-11.9743 85.2476 -85.0957 181.52 82.2427
-11.9951 85.2303 -85.0827 181.522 82.2287
-12.0184 85.2107 -85.0619 181.523 82.2136
-12.0363 85.1908 -85.0422 181.523 82.1956
-12.0568 85.1679 -85.0182 181.522 82.1816
-12.077 85.1481 -85.0025 181.524 82.1642
-12.0974 85.1267 -84.977 181.517 82.1493
-12.1196 85.1041 -84.9501 181.513 82.1376
-12.1412 85.0834 -84.9314 181.514 82.1228
-12.1597 85.0653 -84.9138 181.518 82.1043
-12.1787 85.0477 -84.8985 181.514 82.0904
-12.1998 85.0275 -84.8827 181.514 82.0736
-12.221 85.0107 -84.8657 181.518 82.0587
-12.2438 84.9899 -84.847 181.521 82.0431
-12.2622 84.9675 -84.8244 181.517 82.0216
-12.2896 84.9451 -84.8048 181.516 82.0157
-12.3144 84.9225 -84.787 181.514 82.0062
-12.3409 84.9056 -84.7667 181.509 81.9937
-12.3671 84.883 -84.7414 181.509 81.9828
-12.3882 84.8663 -84.7238 181.51 81.9669
-12.4089 84.8475 -84.7059 181.51 81.9541
-12.4319 84.8254 -84.685 181.51 81.9346
-12.4535 84.8064 -84.6645 181.508 81.9207
