4
0.815215 89.961 -89.9585 179.998 89.9013
0.910134 89.9598 -89.956 179.999 89.8895
1.00949 89.9546 -89.9469 179.999 89.8786
1.10389 89.9534 -89.9449 180 89.8698
1.19475 89.946 -89.9336 180.001 89.8573
1.29349 89.9465 -89.9355 180.001 89.8339
1.38796 89.9427 -89.9291 180.002 89.8208
1.4814 89.937 -89.9197 180.002 89.8269
1.57478 89.9344 -89.9225 180.001 89.8173
1.66556 89.9285 -89.9131 180 89.8068
1.76463 89.9249 -89.9095 180.001 89.795
1.85535 89.9181 -89.898 180.004 89.7979
1.95404 89.9138 -89.8991 180.004 89.7954
2.05403 89.904 -89.8902 180.003 89.7928
2.15534 89.9007 -89.8911 180.001 89.7748
2.24955 89.8945 -89.8854 179.999 89.763
2.35035 89.8914 -89.8828 180 89.7552
2.44965 89.8862 -89.8822 180 89.7383
2.55099 89.8821 -89.8803 180.001 89.7298
2.64867 89.8759 -89.8734 179.999 89.7191
2.74459 89.8757 -89.8764 179.999 89.7279
2.84701 89.8706 -89.8708 179.998 89.7259
2.94087 89.8648 -89.8651 179.998 89.7272
3.04074 89.8617 -89.8652 179.997 89.7159
3.14057 89.8571 -89.8558 179.996 89.7008
3.23769 89.8519 -89.8525 179.996 89.6796
3.33797 89.8514 -89.852 179.996 89.6504
3.43068 89.8462 -89.8443 179.997 89.635
3.52873 89.8441 -89.8389 179.998 89.6225
3.61935 89.8363 -89.8346 179.996 89.6179
3.71537 89.8295 -89.8241 179.997 89.606
3.81413 89.8218 -89.8125 179.996 89.6139
3.91088 89.816 -89.804 179.996 89.6139
4.0064 89.8133 -89.7956 179.994 89.5922
4.10523 89.8076 -89.7842 179.995 89.5671
4.20466 89.8013 -89.7754 179.994 89.5528
4.29811 89.7992 -89.775 179.996 89.5404
4.3958 89.7982 -89.7715 179.995 89.5382
4.49628 89.7988 -89.7734 179.994 89.5286
4.59178 89.7989 -89.7693 179.995 89.5211
4.68805 89.7963 -89.7695 179.996 89.5209
4.78248 89.7923 -89.7577 179.997 89.5188
4.87934 89.7907 -89.753 179.996 89.491
4.97515 89.7907 -89.7529 179.997 89.4852
5.0709 89.7881 -89.7441 179.998 89.4783
5.16633 89.785 -89.7402 179.998 89.4693
5.26484 89.7804 -89.7322 179.997 89.457
5.35789 89.7743 -89.7238 179.995 89.4559
5.4466 89.7665 -89.7158 179.994 89.4377
5.54294 89.7635 -89.7146 179.993 89.4193
5.64276 89.7537 -89.7034 179.99 89.4199
5.74067 89.7532 -89.6995 179.991 89.4038
5.8337 89.7537 -89.6969 179.991 89.3986
5.93273 89.7497 -89.6854 179.99 89.3962
6.03362 89.7478 -89.6864 179.992 89.3745
6.13496 89.7452 -89.6768 179.994 89.3763
6.22485 89.7421 -89.6727 179.993 89.3682
