4
-0.0121659 90.0154 -90.0136 179.998 90.0112
-0.0125139 90.0244 -90.0254 179.998 90.0126
-0.0209298 90.0213 -90.0128 179.986 90.0201
-0.0231713 90.0264 -90.011 179.982 90.0213
-0.0249218 90.0253 -90.0093 179.978 90.0275
-0.0288263 90.0231 -90.0075 179.977 90.0325
-0.0307822 90.022 -90.0029 179.973 90.0342
-0.0372787 90.0206 -89.998 179.967 90.0454
-0.0389174 90.0153 -89.9862 179.963 90.0484
-0.0445704 90.0187 -89.9899 179.961 90.0525
-0.0481391 90.0167 -89.9848 179.964 90.0565
-0.0560181 90.0133 -89.9759 179.96 90.0538
-0.0516041 90.0177 -89.9814 179.952 90.0565
-0.056525 90.0114 -89.9775 179.953 90.0574
-0.0571635 90.0125 -89.9786 179.954 90.0508
-0.0581483 90.0158 -89.985 179.952 90.055
-0.058695 90.0232 -89.9952 179.953 90.0582
-0.060447 90.0214 -89.9957 179.96 90.0623
-0.0621976 90.0204 -89.9876 179.961 90.0618
-0.0681098 90.014 -89.981 179.959 90.0651
-0.0695517 90.015 -89.977 179.955 90.0657
-0.0676081 90.0168 -89.9782 179.953 90.0716
-0.0658804 90.015 -89.9773 179.953 90.0767
-0.0677865 90.0128 -89.9768 179.955 90.0715
-0.0636868 90.0149 -89.9821 179.957 90.0697
-0.0633989 90.0131 -89.9835 179.964 90.0677
-0.0639178 90.0073 -89.9767 179.964 90.0758
-0.0651972 90.0069 -89.9813 179.97 90.0742
-0.0687657 90.0036 -89.9739 179.976 90.0719
-0.0701948 90.0016 -89.9716 179.972 90.0747
-0.0753249 89.9992 -89.9689 179.974 90.0812
-0.0752928 89.9956 -89.9633 179.97 90.0827
-0.0711673 89.9997 -89.9648 179.97 90.0803
-0.0731386 89.9995 -89.9565 179.966 90.0779
-0.0802076 89.9995 -89.9566 179.965 90.0801
-0.0800087 90.0031 -89.9573 179.968 90.0775
-0.0817919 90.0046 -89.9646 179.969 90.0783
-0.0825757 90.0054 -89.9635 179.968 90.0789
-0.0896517 90.0025 -89.9592 179.966 90.0866
-0.0963485 90.0041 -89.9576 179.966 90.0872
-0.0994819 90.0006 -89.9505 179.963 90.0876
-0.102107 90.002 -89.9531 179.969 90.086
-0.110807 89.9902 -89.9336 179.963 90.0907
-0.111459 89.992 -89.9419 179.967 90.0858
-0.119764 89.9865 -89.9262 179.96 90.0887
-0.126478 89.9891 -89.9264 179.959 90.096
-0.133346 89.9888 -89.9266 179.961 90.1008
-0.133513 89.9883 -89.9265 179.96 90.1026
-0.134522 89.9882 -89.9222 179.956 90.104
-0.142586 89.987 -89.9163 179.952 90.1065
-0.141345 89.9861 -89.9231 179.957 90.1113
-0.150086 89.9845 -89.9165 179.955 90.117
-0.151384 89.9834 -89.9144 179.954 90.1243
-0.151911 89.9828 -89.9167 179.959 90.1223
-0.15629 89.9826 -89.9153 179.962 90.1209
-0.165898 89.9823 -89.9158 179.963 90.1284
-0.167633 89.981 -89.9136 179.961 90.1254
-0.169743 89.9793 -89.9157 179.958 90.1289
-0.175178 89.9823 -89.918 179.955 90.1368
-0.175707 89.9822 -89.9175 179.955 90.136
-0.181265 89.9815 -89.9235 179.957 90.136
-0.193535 89.9783 -89.9122 179.951 90.1415
-0.20314 89.971 -89.9003 179.947 90.1477
-0.207066 89.9735 -89.9031 179.946 90.1513
-0.210038 89.9728 -89.9052 179.95 90.1568
-0.215388 89.9675 -89.8942 179.946 90.165
-0.217299 89.9732 -89.901 179.949 90.1642
-0.218835 89.9733 -89.8954 179.946 90.1702
-0.226351 89.969 -89.8835 179.943 90.176
-0.233732 89.9641 -89.8779 179.937 90.1799
-0.237551 89.9653 -89.8859 179.939 90.1893
-0.236982 89.9649 -89.8827 179.938 90.1953
-0.247824 89.9571 -89.8718 179.935 90.1998
-0.251764 89.9558 -89.8772 179.935 90.203
-0.257074 89.9508 -89.869 179.934 90.2087
-0.258412 89.9499 -89.868 179.933 90.2115
-0.261579 89.9488 -89.8589 179.93 90.2118
-0.255945 89.9489 -89.8649 179.93 90.204
-0.263458 89.9444 -89.8544 179.927 90.217
-0.265661 89.9433 -89.8517 179.927 90.2209
-0.263318 89.9427 -89.8486 179.927 90.2201
-0.265466 89.9436 -89.8489 179.922 90.2221
-0.260652 89.9502 -89.8538 179.919 90.223
-0.26354 89.9441 -89.8443 179.913 90.2252
-0.261942 89.9518 -89.8545 179.915 90.227
-0.264901 89.9537 -89.8627 179.915 90.2332
-0.269064 89.9574 -89.8681 179.913 90.2433
-0.265966 89.96 -89.8698 179.907 90.2465
-0.26882 89.9559 -89.8593 179.9 90.2586
-0.267283 89.9631 -89.8698 179.903 90.2613
-0.269697 89.9544 -89.8584 179.897 90.2638
-0.271782 89.9536 -89.8593 179.897 90.2722
-0.273014 89.9508 -89.854 179.897 90.2703
-0.272284 89.953 -89.8544 179.894 90.2681
-0.269743 89.9503 -89.8475 179.892 90.2657
-0.278187 89.9439 -89.8379 179.894 90.2689
-0.27738 89.9426 -89.838 179.893 90.2673
-0.280083 89.9474 -89.8382 179.891 90.2694
-0.284026 89.9465 -89.8322 179.884 90.2718
-0.284218 89.9483 -89.8317 179.885 90.2721
-0.281017 89.95 -89.8295 179.881 90.2711
-0.276602 89.9497 -89.8293 179.874 90.2851
-0.28141 89.9505 -89.8249 179.869 90.2819
-0.288376 89.9551 -89.8274 179.868 90.2908
-0.291492 89.9588 -89.8298 179.864 90.3048
-0.290461 89.957 -89.8266 179.866 90.3071
-0.291491 89.9578 -89.8186 179.857 90.3158
-0.291196 89.9562 -89.815 179.859 90.3163
-0.295605 89.9559 -89.8109 179.85 90.3269
-0.299504 89.9559 -89.8123 179.853 90.33
-0.302989 89.9569 -89.8071 179.849 90.3333
-0.30833 89.9541 -89.8065 179.848 90.3385
-0.310838 89.95 -89.8028 179.845 90.3354
-0.308213 89.9507 -89.7994 179.84 90.3397
-0.307688 89.9546 -89.805 179.839 90.3513
-0.314679 89.9475 -89.7986 179.845 90.3512
-0.312945 89.9475 -89.798 179.843 90.3495
-0.321942 89.9444 -89.7924 179.836 90.3599
-0.322658 89.9441 -89.794 179.84 90.3636
-0.32898 89.9432 -89.7947 179.841 90.3669
-0.330187 89.9436 -89.7931 179.835 90.3663
-0.335136 89.9378 -89.7921 179.84 90.3653
-0.330885 89.938 -89.7946 179.843 90.3579
-0.337539 89.9365 -89.7963 179.85 90.3618
-0.337687 89.9343 -89.7938 179.853 90.3637
-0.336872 89.9374 -89.7963 179.851 90.3666
-0.341068 89.9376 -89.7952 179.852 90.3715
-0.343569 89.9319 -89.7883 179.853 90.3739
-0.343771 89.9269 -89.7857 179.854 90.3758
-0.343451 89.924 -89.7837 179.852 90.3757
-0.346843 89.9225 -89.7775 179.843 90.3755
-0.345045 89.9221 -89.7795 179.845 90.3767
-0.351018 89.9145 -89.7735 179.845 90.3845
-0.35265 89.9165 -89.7771 179.842 90.3926
-0.354613 89.9142 -89.7733 179.843 90.3981
-0.355481 89.9145 -89.7755 179.849 90.3933
-0.355532 89.9145 -89.7705 179.847 90.3954
-0.361839 89.9188 -89.7781 179.848 90.4015
-0.365556 89.9122 -89.7626 179.843 90.3962
-0.363428 89.9099 -89.7635 179.841 90.3914
-0.365808 89.9058 -89.7576 179.843 90.3926
-0.368498 89.9021 -89.7541 179.844 90.3933
-0.364999 89.9026 -89.7495 179.843 90.3849
-0.369385 89.9023 -89.7507 179.847 90.3949
-0.367095 89.9007 -89.7502 179.85 90.3901
-0.370496 89.8975 -89.746 179.849 90.3885
-0.37719 89.8967 -89.7407 179.845 90.3924
-0.383539 89.8952 -89.7391 179.848 90.3915
-0.381903 89.8917 -89.7345 179.844 90.3877
-0.387401 89.8941 -89.7369 179.841 90.3975
-0.387208 89.8945 -89.7306 179.838 90.397
-0.385854 89.8969 -89.7354 179.839 90.3945
-0.385565 89.8969 -89.7379 179.845 90.3944
-0.388932 89.8944 -89.7351 179.845 90.3974
-0.392049 89.8932 -89.7344 179.845 90.3938
-0.382435 89.9047 -89.7493 179.848 90.389
-0.38396 89.9038 -89.7477 179.848 90.3857
-0.380174 89.9088 -89.7506 179.844 90.3857
-0.380931 89.9019 -89.7444 179.844 90.3828
-0.38173 89.902 -89.7484 179.847 90.382
-0.386735 89.8984 -89.7475 179.848 90.3763
-0.385252 89.899 -89.7499 179.85 90.3727
-0.389047 89.8977 -89.7452 179.85 90.3702
-0.382903 89.9027 -89.7508 179.851 90.3615
-0.38251 89.8973 -89.744 179.853 90.3582
-0.376508 89.8985 -89.7495 179.859 90.3526
-0.377203 89.8993 -89.7534 179.863 90.3527
-0.377456 89.8988 -89.7517 179.864 90.3432
-0.376814 89.9033 -89.7549 179.861 90.3474
-0.378765 89.9025 -89.7493 179.866 90.3367
-0.380664 89.9028 -89.7497 179.866 90.3379
-0.376419 89.9027 -89.7527 179.873 90.3287
-0.376881 89.9015 -89.7536 179.877 90.3179
-0.369378 89.9019 -89.7548 179.876 90.3153
-0.368817 89.9015 -89.7538 179.877 90.3141
-0.367763 89.9062 -89.7594 179.876 90.3161
-0.365361 89.9087 -89.7618 179.875 90.3081
-0.364282 89.9053 -89.764 179.874 90.3073
-0.365506 89.9031 -89.7624 179.877 90.3067
-0.371435 89.9043 -89.7627 179.877 90.3114
-0.371897 89.8994 -89.7533 179.875 90.3136
-0.373279 89.8979 -89.7481 179.871 90.3134
-0.382703 89.8887 -89.736 179.872 90.3152
-0.38025 89.8901 -89.7504 179.881 90.3103
-0.382972 89.8876 -89.7515 179.889 90.3071
-0.386204 89.886 -89.7468 179.886 90.3069
-0.390399 89.8802 -89.7396 179.887 90.3086
-0.397881 89.8755 -89.7317 179.886 90.3083
-0.404096 89.8758 -89.7296 179.888 90.3112
-0.405434 89.8699 -89.7197 179.881 90.3059
-0.409341 89.8691 -89.7188 179.881 90.2988
-0.405487 89.8661 -89.7162 179.884 90.2904
-0.407598 89.8641 -89.7156 179.889 90.292
-0.408837 89.8653 -89.7138 179.889 90.2894
-0.411662 89.8577 -89.7025 179.889 90.2789
-0.415484 89.858 -89.7034 179.89 90.2857
-0.422305 89.8583 -89.7037 179.891 90.2864
-0.422809 89.8531 -89.6989 179.887 90.2822
-0.426545 89.8529 -89.7051 179.889 90.2766
-0.432621 89.8455 -89.696 179.892 90.2765
-0.432032 89.8412 -89.6934 179.891 90.275
-0.43526 89.8392 -89.688 179.893 90.2707
-0.44052 89.834 -89.6811 179.895 90.2677
-0.446663 89.8272 -89.6722 179.897 90.2615
-0.450006 89.8251 -89.6689 179.898 90.2538
-0.456413 89.8181 -89.6594 179.9 90.252
-0.456341 89.8196 -89.6596 179.901 90.2444
-0.45939 89.8166 -89.6579 179.901 90.2442
-0.464211 89.8138 -89.6545 179.901 90.2395
-0.473945 89.8035 -89.6384 179.895 90.2421
-0.476512 89.7966 -89.6299 179.894 90.2355
-0.486721 89.7864 -89.6066 179.887 90.2333
-0.493661 89.7811 -89.5994 179.89 90.2281
-0.497972 89.7794 -89.5989 179.892 90.222
-0.504108 89.7751 -89.5963 179.889 90.2176
-0.514546 89.769 -89.5848 179.886 90.216
-0.519843 89.7661 -89.5785 179.889 90.2103
-0.530825 89.7643 -89.5761 179.888 90.2083
-0.538599 89.7509 -89.5583 179.893 90.2087
-0.544349 89.7466 -89.5556 179.894 90.2059
-0.551508 89.7449 -89.5545 179.895 90.2005
-0.554574 89.7374 -89.5457 179.896 90.1902
-0.561555 89.7326 -89.5331 179.896 90.1881
-0.564437 89.7279 -89.529 179.901 90.1837
-0.574697 89.7238 -89.5211 179.894 90.1846
-0.578942 89.7162 -89.5075 179.898 90.1775
-0.585375 89.7141 -89.5046 179.895 90.1784
-0.592254 89.712 -89.5003 179.893 90.1809
-0.601847 89.7058 -89.4922 179.892 90.1747
-0.608188 89.6972 -89.4811 179.889 90.168
-0.613528 89.6967 -89.4784 179.892 90.1679
-0.616632 89.6929 -89.4768 179.893 90.164
-0.626656 89.6882 -89.4691 179.891 90.1604
-0.636415 89.6857 -89.4649 179.89 90.1611
-0.64756 89.6755 -89.4499 179.889 90.159
-0.648017 89.6718 -89.4476 179.893 90.152
-0.653823 89.6692 -89.441 179.892 90.1516
-0.66036 89.666 -89.4332 179.89 90.1472
-0.66779 89.6608 -89.4226 179.889 90.1403
-0.679906 89.6518 -89.4104 179.889 90.139
-0.684391 89.6468 -89.4058 179.893 90.1306
-0.687151 89.6414 -89.4012 179.892 90.1276
-0.693014 89.6378 -89.3974 179.891 90.1237
-0.696787 89.6315 -89.3911 179.896 90.1144
-0.703724 89.6234 -89.3816 179.898 90.1112
-0.712462 89.6235 -89.3757 179.89 90.1143
-0.719859 89.6163 -89.3696 179.894 90.1102
-0.728069 89.6133 -89.3666 179.892 90.1146
-0.737369 89.6092 -89.3583 179.89 90.1149
-0.741543 89.6078 -89.3629 179.89 90.1112
-0.742914 89.6027 -89.3585 179.891 90.1059
-0.752978 89.5984 -89.3536 179.889 90.108
-0.760095 89.5996 -89.351 179.884 90.1026
-0.76364 89.5927 -89.3389 179.88 90.1005
-0.769259 89.5922 -89.3365 179.879 90.1002
-0.780261 89.5847 -89.3245 179.877 90.0974
-0.784777 89.585 -89.3282 179.873 90.0981
-0.791173 89.5821 -89.3289 179.881 90.0952
-0.799653 89.585 -89.3309 179.882 90.1011
-0.809441 89.5731 -89.3203 179.885 90.0987
-0.809591 89.5725 -89.3187 179.883 90.0928
-0.813437 89.5721 -89.3142 179.882 90.0925
-0.816626 89.5668 -89.3079 179.882 90.0912
-0.822528 89.5677 -89.3091 179.885 90.0883
-0.82448 89.5673 -89.3114 179.886 90.0823
-0.829987 89.5678 -89.311 179.886 90.0823
-0.837016 89.5711 -89.3127 179.886 90.0838
-0.845395 89.5678 -89.3042 179.886 90.0821
-0.855623 89.5653 -89.3038 179.888 90.0837
-0.853547 89.5681 -89.3058 179.889 90.0779
-0.860067 89.5709 -89.3039 179.885 90.0775
-0.867758 89.5667 -89.2999 179.883 90.0799
-0.865205 89.57 -89.311 179.888 90.0744
-0.875089 89.5734 -89.3118 179.893 90.0773
-0.874778 89.5753 -89.3134 179.89 90.0734
-0.879171 89.5703 -89.3051 179.892 90.0694
-0.881797 89.5682 -89.3034 179.897 90.0655
-0.88727 89.5596 -89.2953 179.901 90.0682
-0.896569 89.5555 -89.2869 179.905 90.0721
-0.903207 89.5491 -89.2809 179.908 90.0692
-0.90513 89.5496 -89.2841 179.912 90.0633
-0.909327 89.5454 -89.2791 179.915 90.0602
-0.916174 89.5398 -89.2781 179.922 90.0595
-0.926336 89.5344 -89.268 179.918 90.0646
-0.931316 89.5331 -89.2622 179.918 90.0642
-0.938163 89.5306 -89.2636 179.919 90.0658
-0.944547 89.5281 -89.2636 179.923 90.0586
-0.944936 89.522 -89.258 179.928 90.0492
-0.950374 89.5163 -89.2513 179.928 90.0496
-0.958056 89.5058 -89.2405 179.934 90.0428
-0.964588 89.5042 -89.2327 179.928 90.0421
-0.973744 89.498 -89.2202 179.928 90.0422
-0.978116 89.4963 -89.2189 179.919 90.0447
-0.989837 89.4902 -89.2111 179.916 90.0491
-0.99216 89.4891 -89.2032 179.907 90.0504
-0.998164 89.4832 -89.1931 179.911 90.0501
-1.01038 89.4769 -89.1875 179.906 90.054
-1.00834 89.4743 -89.1838 179.907 90.0508
-1.01382 89.4706 -89.1741 179.907 90.0448
-1.02055 89.4568 -89.1559 179.906 90.0359
-1.03208 89.4507 -89.148 179.903 90.0444
-1.03941 89.4462 -89.1427 179.905 90.0468
-1.04113 89.4472 -89.1436 179.901 90.0454
-1.04639 89.4459 -89.141 179.902 90.0411
-1.05058 89.4382 -89.1284 179.905 90.0364
-1.05388 89.4333 -89.1251 179.904 90.0399
-1.05457 89.4362 -89.1268 179.907 90.0351
-1.06185 89.4322 -89.1189 179.907 90.0339
-1.06572 89.4284 -89.1134 179.907 90.0367
-1.07179 89.4248 -89.1126 179.909 90.0344
-1.0779 89.4229 -89.1083 179.906 90.0368
-1.07977 89.4218 -89.1059 179.902 90.0352
-1.08509 89.418 -89.1017 179.902 90.0345
-1.08715 89.4205 -89.0987 179.897 90.0346
-1.09013 89.4225 -89.0968 179.896 90.0342
-1.09343 89.4196 -89.0953 179.895 90.035
-1.10164 89.4158 -89.0885 179.892 90.0382
-1.10392 89.4098 -89.0839 179.896 90.0366
-1.11088 89.4107 -89.0853 179.893 90.0423
-1.11676 89.4044 -89.0798 179.895 90.0418
-1.12245 89.4 -89.0738 179.893 90.0401
-1.12263 89.4002 -89.0734 179.895 90.0432
-1.12972 89.3938 -89.068 179.898 90.0401
-1.13198 89.3931 -89.0661 179.895 90.0463
-1.1353 89.3889 -89.0546 179.893 90.0506
-1.13671 89.3851 -89.0545 179.891 90.0461
-1.14546 89.3847 -89.0507 179.889 90.0457
-1.15246 89.3817 -89.0468 179.887 90.0528
-1.15601 89.3843 -89.0478 179.884 90.0552
-1.16549 89.378 -89.0442 179.88 90.0576
-1.16946 89.3751 -89.0466 179.881 90.0589
-1.17431 89.3656 -89.0387 179.887 90.0498
-1.17732 89.3665 -89.0395 179.89 90.0534
-1.17699 89.368 -89.0435 179.892 90.0512
-1.17921 89.364 -89.0419 179.896 90.0479
-1.18395 89.3592 -89.0339 179.899 90.0448
-1.18185 89.3611 -89.035 179.897 90.0413
-1.18555 89.358 -89.0321 179.899 90.0417
-1.19002 89.3514 -89.0244 179.896 90.0421
-1.18774 89.3583 -89.0312 179.896 90.0397
-1.19573 89.352 -89.0208 179.891 90.0451
-1.20139 89.3517 -89.0181 179.892 90.0452
-1.19975 89.3563 -89.026 179.898 90.0423
-1.20294 89.3555 -89.0271 179.9 90.0427
-1.20343 89.3569 -89.0309 179.899 90.0388
-1.20972 89.3507 -89.0301 179.909 90.0376
-1.213 89.3484 -89.0257 179.907 90.0417
-1.21621 89.349 -89.0301 179.908 90.0461
-1.2233 89.3443 -89.0214 179.908 90.0413
-1.2246 89.3494 -89.025 179.907 90.0411
-1.22445 89.3528 -89.0239 179.902 90.0407
-1.22398 89.3553 -89.0275 179.903 90.0354
-1.23175 89.3523 -89.0213 179.904 90.0396
-1.23343 89.3536 -89.0292 179.907 90.0348
-1.23559 89.3517 -89.0236 179.905 90.0307
-1.24552 89.3455 -89.017 179.909 90.0318
-1.2468 89.3406 -89.0053 179.904 90.0298
-1.24656 89.3355 -89.0032 179.909 90.0256
-1.24993 89.3378 -89.0041 179.907 90.0288
-1.24891 89.3372 -89.0027 179.909 90.0247
-1.25382 89.335 -88.998 179.91 90.0305
-1.25959 89.3282 -88.9904 179.908 90.034
-1.26016 89.3248 -88.9841 179.904 90.0306
-1.26712 89.3185 -88.9835 179.906 90.0279
-1.26493 89.3186 -88.9877 179.905 90.0313
-1.26842 89.3205 -88.9812 179.896 90.0317
-1.27029 89.3181 -88.9781 179.896 90.0301
-1.26975 89.3156 -88.9766 179.898 90.0251
-1.26444 89.3173 -88.9798 179.9 90.0209
-1.26854 89.311 -88.9755 179.9 90.0231
-1.26806 89.3056 -88.9726 179.906 90.0183
-1.26908 89.3039 -88.9697 179.905 90.018
-1.26821 89.3016 -88.9673 179.908 90.0133
-1.2677 89.2988 -88.9665 179.905 90.011
-1.27431 89.2961 -88.9604 179.909 90.0119
-1.27979 89.2936 -88.9562 179.906 90.0128
-1.28 89.2936 -88.9576 179.911 90.0087
-1.27513 89.3002 -88.966 179.913 90.0086
-1.28211 89.297 -88.9626 179.912 90.0106
-1.28157 89.2948 -88.9613 179.914 90.0097
-1.28412 89.2945 -88.9592 179.916 90.0132
-1.27837 89.2995 -88.9662 179.914 90.0067
-1.28025 89.3013 -88.9659 179.913 90.0094
-1.28353 89.2999 -88.9689 179.914 90.0122
-1.28284 89.2957 -88.9621 179.917 90.0065
-1.28427 89.2987 -88.9634 179.912 90.0113
-1.29527 89.289 -88.9479 179.912 90.0098
-1.29256 89.291 -88.9491 179.912 90.0092
-1.29242 89.2945 -88.9521 179.913 90.0095
-1.29642 89.291 -88.9501 179.909 90.0161
-1.29817 89.2905 -88.9484 179.906 90.0145
-1.30118 89.2876 -88.9415 179.903 90.0135
-1.3033 89.283 -88.9345 179.899 90.0103
-1.30158 89.2813 -88.9338 179.9 90.001
-1.30971 89.2794 -88.9339 179.9 90.0087
-1.31481 89.2739 -88.932 179.904 90.0065
-1.32088 89.2748 -88.9328 179.904 90.0104
-1.32643 89.2727 -88.9228 179.902 90.0121
-1.32838 89.2763 -88.9206 179.904 90.0127
-1.32722 89.2763 -88.9227 179.904 90.0061
-1.3324 89.2773 -88.9232 179.907 90.0033
-1.3313 89.2787 -88.9275 179.911 90.0006
-1.33259 89.2768 -88.9275 179.91 90.0011
-1.33259 89.2736 -88.9244 179.912 90.0016
-1.33888 89.2703 -88.9196 179.911 90.0015
-1.34178 89.2706 -88.9188 179.911 90.0014
-1.34845 89.2702 -88.9199 179.91 90.0063
-1.35467 89.2721 -88.9207 179.911 90.013
-1.35375 89.2763 -88.9272 179.915 90.0085
-1.35808 89.2748 -88.9207 179.913 90.0081
-1.35771 89.2772 -88.9207 179.913 90.008
-1.36648 89.2766 -88.9165 179.909 90.0097
-1.37127 89.2765 -88.9184 179.91 90.0062
-1.36773 89.2783 -88.9216 179.916 90.0021
-1.37167 89.2789 -88.9248 179.92 89.9952
-1.37736 89.2808 -88.9244 179.918 89.9986
-1.38226 89.2826 -88.9244 179.919 89.9957
-1.38238 89.2855 -88.9244 179.918 89.9956
-1.38242 89.2885 -88.9249 179.917 89.9952
-1.3834 89.2913 -88.9294 179.918 89.9961
-1.38685 89.2877 -88.9277 179.919 89.9957
-1.3884 89.2857 -88.9201 179.917 89.9922
-1.38607 89.2909 -88.9281 179.915 89.9926
-1.38755 89.2902 -88.9267 179.92 89.9898
-1.38855 89.2931 -88.9287 179.922 89.9896
-1.38769 89.2974 -88.9283 179.918 89.9904
-1.39074 89.297 -88.9294 179.92 89.9891
-1.39274 89.2944 -88.9221 179.918 89.9948
-1.39599 89.2957 -88.9229 179.915 89.9906
-1.39866 89.2954 -88.9187 179.913 89.985
-1.40109 89.2943 -88.9177 179.91 89.9867
-1.40088 89.2994 -88.9155 179.909 89.9824
-1.40535 89.2964 -88.9095 179.905 89.9847
-1.408 89.3012 -88.9166 179.908 89.9846
-1.41231 89.2979 -88.9141 179.911 89.9853
-1.41916 89.302 -88.9141 179.908 89.9915
-1.42588 89.3054 -88.9104 179.907 89.9975
-1.42476 89.3041 -88.91 179.906 90
-1.43007 89.3037 -88.9104 179.903 90.0098
-1.42942 89.3109 -88.9149 179.902 90.0058
-1.43104 89.3099 -88.9131 179.902 90.0078
-1.42993 89.3127 -88.916 179.902 90.0047
-1.42705 89.3159 -88.9235 179.906 90.0016
-1.42622 89.3208 -88.9281 179.904 90.002
-1.42855 89.3231 -88.9242 179.899 90.003
-1.42449 89.3363 -88.9358 179.897 89.9982
-1.42784 89.3365 -88.9347 179.9 89.9957
-1.43039 89.3357 -88.9349 179.895 90.0015
-1.43257 89.3392 -88.9353 179.892 90.003
-1.43696 89.3426 -88.9383 179.893 90.0048
-1.44013 89.3392 -88.9361 179.891 90.0037
-1.44207 89.338 -88.9269 179.89 89.9987
-1.44842 89.3394 -88.9333 179.89 90.0035
-1.44662 89.3425 -88.9387 179.891 90.0007
-1.44639 89.3449 -88.941 179.892 89.9993
-1.4516 89.3466 -88.9415 179.894 89.9992
-1.453 89.3456 -88.9435 179.892 89.9973
-1.45818 89.343 -88.9398 179.896 89.9944
-1.45816 89.3459 -88.9426 179.897 89.9993
-1.46886 89.3427 -88.9352 179.896 90.0019
-1.46577 89.3428 -88.9354 179.895 90.0009
-1.47253 89.3403 -88.9368 179.893 90.0027
-1.47738 89.3403 -88.9352 179.893 90.0027
-1.48052 89.3412 -88.9341 179.891 90.0007
-1.48283 89.339 -88.9371 179.892 89.9971
-1.48696 89.3377 -88.9386 179.895 89.9947
-1.48895 89.3388 -88.9354 179.893 89.9972
-1.4915 89.3396 -88.9331 179.891 89.9945
-1.50138 89.3385 -88.9329 179.892 89.9969
-1.50081 89.3394 -88.9371 179.892 89.9985
-1.50595 89.3404 -88.9386 179.893 90.0024
-1.50901 89.3412 -88.9404 179.892 89.9986
-1.513 89.3404 -88.9341 179.887 90.0027
-1.51333 89.3418 -88.9403 179.897 90.0004
-1.51645 89.3392 -88.936 179.894 90.0004
-1.51447 89.3428 -88.9412 179.894 90.0034
-1.51821 89.343 -88.9439 179.897 90.0049
-1.51695 89.3475 -88.9507 179.895 90.0068
-1.51793 89.346 -88.9506 179.891 90.0064
-1.51967 89.3464 -88.9488 179.894 90.0034
-1.52493 89.3469 -88.9469 179.896 90.0068
-1.52286 89.3494 -88.9507 179.897 90.0038
-1.52329 89.3476 -88.9504 179.899 90.0014
-1.52496 89.3473 -88.9473 179.896 90.0039
-1.52839 89.3501 -88.9461 179.896 90.0078
-1.52606 89.3513 -88.9488 179.898 90.0057
-1.52881 89.3513 -88.9502 179.902 90.0073
-1.52956 89.3513 -88.9577 179.905 90.0033
-1.53516 89.3471 -88.9515 179.91 90.0041
-1.53591 89.3488 -88.9514 179.91 90.0013
-1.53614 89.3486 -88.9523 179.909 89.9981
-1.54315 89.343 -88.9431 179.906 90.0017
-1.54317 89.3471 -88.9461 179.91 89.9954
-1.54608 89.3481 -88.9499 179.912 89.9983
-1.54606 89.3467 -88.949 179.912 89.9994
-1.54294 89.352 -88.9576 179.913 90.0028
-1.54504 89.3467 -88.9544 179.919 90.0026
-1.54892 89.3457 -88.9546 179.918 90.0018
-1.55396 89.3421 -88.9479 179.914 89.9999
-1.55287 89.3398 -88.9477 179.913 89.9977
-1.5577 89.3378 -88.9423 179.915 89.9993
-1.56631 89.3392 -88.9444 179.917 90.0034
-1.5668 89.3449 -88.9486 179.916 90.0019
-1.56691 89.3456 -88.9485 179.912 89.9986
-1.5713 89.3457 -88.947 179.914 90.0002
-1.57455 89.3456 -88.945 179.911 90.0022
-1.57795 89.3412 -88.943 179.911 90.0038
-1.58197 89.3402 -88.9381 179.911 89.9978
-1.57732 89.3464 -88.9425 179.914 89.9982
-1.57414 89.3515 -88.9507 179.914 89.996
-1.57306 89.3491 -88.9467 179.915 89.9947
-1.57109 89.3481 -88.9515 179.913 89.9947
-1.57467 89.3444 -88.946 179.91 89.9972
-1.5798 89.3433 -88.9428 179.907 89.9964
-1.58949 89.3429 -88.9384 179.904 90.0072
-1.58807 89.3436 -88.9395 179.905 90.0121
-1.58714 89.3491 -88.9484 179.903 90.0119
-1.59067 89.3475 -88.9489 179.902 90.0179
-1.59701 89.3448 -88.9424 179.903 90.0206
-1.59918 89.348 -88.9439 179.902 90.0247
-1.60371 89.3478 -88.9429 179.902 90.023
