4
-0.469912 10.7483 86.6679 3.8232 177.163
-0.587856 10.7292 86.709 4.04058 176.94
-0.739097 10.6625 86.7139 4.05317 176.902
-0.828486 10.5437 86.7133 4.1096 177.01
-1.05997 10.4241 86.5864 4.07978 177.056
-1.18933 10.2876 86.5657 3.86433 177.326
-1.01804 9.89437 86.5724 3.49563 177.676
-1.03166 9.84852 86.5754 3.37394 177.861
-1.21622 9.74904 86.567 3.24308 177.977
-1.43098 9.13548 86.5299 3.11607 178.349
-1.41738 8.33624 86.5978 3.00481 178.99
4.19543 -2.68336 87.3592 2.66756 180.241
10.0088 -13.6763 88.2675 2.50563 180.877
10.3156 -16.9783 88.691 3.18103 182.196
8.8667 -17.0319 88.4118 3.56664 182.565
1.47646 -24.3161 92.5798 20.073 186.002
-13.3676 -53.3562 112.106 49.8899 204.754
-14.7995 -60.7106 113.583 52.5232 211.532
-15.8977 -58.3202 113.636 52.9625 210.738
-16.7627 -58.3547 112.824 53.2179 209.954
-17.513 -57.5604 115.278 53.8279 208.331
-18.0804 -57.3193 115.157 54.2543 207.543
-18.5403 -56.9453 115.159 54.2252 206.915
-18.7411 -56.1964 114.921 53.6905 206.601
-20.9466 -57.6327 115.702 56.8495 202.888
-28.4456 -55.2774 109.757 61.2857 194.465
-31.6143 -56.7928 97.4038 59.2339 182.715
-36.0881 -57.4074 89.7249 60.6655 167.256
-38.4641 -60.4741 81.4397 58.7293 141.071
-44.2513 -62.0254 81.5022 58.1925 132.187
-43.3945 -60.0469 84.7566 53.516 129.875
-42.1527 -59.3309 84.944 56.7345 125.249
-41.2673 -58.8915 84.7605 55.8904 124.818
-40.6853 -58.3738 85.2619 54.329 125.26
-40.7931 -58.364 85.7223 53.4316 126.259
-40.6439 -58.3175 85.8011 53.3419 126.072
-40.6136 -58.4228 85.9247 53.5882 125.999
-40.7118 -58.5046 86.1182 53.3759 126.4
