4
-1.53877 -2.09549 90.2497 1.59434 178.575
-7.73122 -7.96734 89.4613 7.54098 174.902
-14.6587 -11.9816 88.4423 10.1383 174.61
-17.6593 -20.4708 87.6612 13.2962 174.295
-23.2179 -36.871 81.0577 22.9126 173.967
-25.2088 -52.6923 79.9207 28.7462 183.206
-24.0874 -55.5359 80.5116 26.7445 180.57
-23.85 -57.5208 81.1588 27.5193 180.457
-24.0976 -58.083 81.9142 27.5681 180.687
-24.5307 -58.8197 82.8827 28.0966 180.84
-24.628 -59.5749 83.3949 28.1219 181.263
-24.4215 -59.6876 84.2576 27.7251 181.55
-23.084 -57.7253 85.7294 25.8947 182.217
-22.1031 -52.9465 87.213 23.8392 181.8
-22.0608 -51.4091 88.4322 23.6929 181.695
-20.2522 -48.4558 89.6811 21.8038 181.772
-16.1178 -42.6035 91.1061 15.9647 183.343
-12.0796 -35.0168 91.6714 10.3015 186.112
-9.42871 -28.1906 92.2118 6.73499 187.613
-6.58171 -23.0564 92.4999 3.74568 187.537
-5.88817 -22.2923 92.3127 4.14139 187.588
-6.57229 -22.8443 92.0933 5.29256 187.056
-7.16628 -23.9521 92.0458 6.09702 186.852
-7.36157 -23.7663 92.1566 6.10248 186.635
-7.23357 -22.2436 93.04 5.73384 185.942
-7.46718 -18.9736 94.3236 5.51837 184.416
-8.17704 -13.376 94.3764 5.33158 182.499
-8.93671 -10.8054 94.6363 4.89552 181.456
-9.16533 -9.58402 97.8242 4.42547 179.112
-9.55415 -8.48216 98.2766 3.98327 178.521
-10.0848 -8.3011 98.5819 4.03956 178.835
-10.5808 -8.444 99.8012 4.25563 178.469
-11.023 -9.07379 101.326 4.78862 178.415
-11.5119 -9.12547 106.058 4.64039 175.961
-13.2504 -12.5469 110.933 8.22939 183.757
-12.4037 -18.5562 90.6559 8.61236 201.748
-13.3747 -28.8995 78.4152 14.5201 205.457
-12.7892 -24.9695 89.37 10.3867 196.508
-10.7017 -18.7744 97.5775 5.68452 189.318
-10.3244 -9.96627 102.317 0.305872 181.663
-10.8841 -7.74642 107.009 -0.152619 180.285
-12.1496 -4.38954 110.086 -1.61853 178.907
-13.3562 -2.97807 112.323 -1.97615 178.72
-13.7713 -4.29103 114.147 -1.21221 178.478
-14.3625 -4.46664 118.245 -1.30927 176.197
-15.1014 -4.85414 120.245 -1.42126 175.03
-15.0509 -8.12093 116.83 0.790967 176.739
-14.7478 -12.0838 112.775 3.49073 179.2
-14.9752 -15.2753 107.926 5.1238 184.956
-15.1142 -13.4515 117.192 3.22937 173.12
-15.7519 -10.366 120.807 0.506353 169.326
-15.5315 -10.522 122.832 0.682488 168.336
-15.5799 -8.98729 125.596 0.3944 164.531
-15.2599 -8.72924 126.986 0.842804 163.297
-15.4598 -9.2218 128.988 0.821067 162.14
-15.8915 -6.89398 130.262 -1.18516 162.357
-15.9218 -8.46427 128.275 0.0788205 163.229
-16.6807 -13.5305 123.689 4.31766 168.026
-17.0389 -19.7954 122.156 7.78203 168.169
-15.7043 -25.2919 120.271 10.2027 169.237
-14.3681 -26.9633 120 9.13176 168.02
-12.8987 -25.687 120.651 7.22438 168.219
-11.4093 -18.207 123.046 0.151195 164.163
-14.9636 -23.1476 126.22 -4.81905 172.011
0.583781 -30.3357 120.903 -7.12126 169.219
14.4446 -47.7314 127.266 2.13781 169.468
11.1577 -60.8456 126.964 6.1503 182.156
7.89275 -45.1981 120.913 -0.273611 190.667
10.9392 -45.6478 115.006 -0.174459 199.794
11.1485 -46.8477 115.347 -0.0917672 202.811
12.0435 -49.059 118.095 -0.174367 204.219
12.2235 -48.0937 119.76 -0.104978 206.071
11.8605 -48.3407 114.765 0.372864 232.609
11.7655 -48.4854 95.5572 1.0893 250.5
12.0788 -47.7861 140.557 1.40547 253.348
12.2793 -47.0512 185.557 1.64418 251.524
12.5231 -46.949 225.609 2.13718 248.946
12.724 -46.6707 180.609 2.3199 248.171
12.5492 -45.9594 148.088 1.97843 236.335
12.5725 -45.2038 139.785 2.06373 214.539
12.7926 -44.1086 136.03 2.35256 199.15
12.9856 -43.2612 133.203 2.64319 191.019
12.961 -42.4276 132.032 2.70954 189.605
12.9088 -41.6788 130.928 2.89743 189.026
12.7094 -41.3055 129.688 2.94433 202.178
12.7423 -39.2523 127.717 2.03413 227.734
13.4192 -41.2908 172.717 4.42558 246.949
15.0364 -41.2048 127.717 8.74868 233.56
15.7456 -49.6857 82.717 15.9902 217.342
15.5524 -46.639 37.717 14.7257 221.059
15.6343 -46.2466 -7.28304 14.6058 222.02
15.9558 -44.962 -52.283 13.2265 227.482
15.9363 -42.719 -70.7214 12.8468 229.63
15.7621 -40.7807 -80.0647 10.9997 231.085
15.5332 -39.4541 -99.1078 10.2012 234.912
15.6898 -39.0698 -54.1078 10.1524 236.344
15.736 -39.0627 -9.10778 10.6551 225.796
16.0435 -38.7097 35.8922 10.8199 218.632
16.1694 -37.8459 80.8922 10.6819 216.807
16.0174 -36.888 125.892 10.337 216.682
15.9443 -36.0675 127.84 10.0669 221.735
15.8407 -34.8727 140.52 9.31006 235.664
15.9299 -35.072 160.627 9.68436 240.228
16.0363 -34.7245 177.754 9.79513 241.004
15.8582 -34.1307 162.603 9.98345 240.871
15.9109 -33.4978 117.603 10.197 241.419
15.9684 -32.6461 72.6032 10.1695 240.19
15.9415 -31.9243 117.603 9.80563 232.37
16.0682 -31.244 132.849 10.1971 216.118
16.1367 -30.3074 127.415 10.0691 211.384
16.1372 -29.9193 129.215 9.93953 217.518
16.0145 -29.6022 139.101 9.77557 234.646
15.9536 -29.0438 94.1013 9.8608 241.163
16.116 -28.8578 49.1013 10.6742 230.982
16.4954 -28.5425 4.10131 11.0542 226.381
16.6414 -28.5834 -40.8987 11.4592 223.213
16.5589 -28.0338 -75.8532 11.2958 224.786
16.5619 -27.7377 -76.6547 11.226 225.884
16.6462 -28.1255 -77.3528 11.2141 232.626
16.1452 -30.6821 -32.3528 10.7108 236.869
16.1678 -31.4687 12.6472 11.3655 237.66
16.0594 -30.0379 57.6472 10.8532 237.377
15.9366 -29.4426 102.647 10.8576 237.384
15.97 -28.9673 104.169 10.8577 237.2
15.9318 -28.2658 103.944 10.474 236.869
15.5196 -27.3129 103.806 9.95417 236.459
15.2184 -26.8899 104.333 9.92982 235.883
15.1667 -27.4479 104.296 9.86325 235.205
14.3146 -26.9311 99.2651 9.64176 234.902
14.593 -26.5891 102.044 9.79918 234.655
14.4342 -26.9417 101.973 9.83094 234.408
14.84 -26.0596 105.955 9.53822 234.459
14.74 -25.199 104.777 9.42473 234.803
14.53 -24.5506 102.773 9.27858 234.938
14.7121 -23.8332 103.399 9.19049 235.042
14.6924 -22.9152 101.38 8.83888 234.873
14.9034 -22.4019 102.763 8.98823 234.747
15.0278 -21.7229 102.679 8.93615 234.614
15.0348 -21.1567 102.441 8.94005 234.831
14.7001 -20.1002 57.4408 8.90593 243.46
14.9092 -19.9866 102.441 9.06033 240.158
15.0841 -19.8778 90.2701 9.07383 210.096
15.0784 -19.2495 89.0229 8.98673 195.973
15.0497 -18.7096 89.6672 8.67169 199.205
14.909 -18.7108 96.2772 8.55786 222.39
14.9396 -18.4298 141.277 9.01053 242.229
14.8938 -18.9044 96.2772 9.63249 240.369
15.2238 -18.4878 51.2772 9.68724 238.292
15.1961 -18.0844 6.27722 9.77773 236.026
15.2775 -17.8198 -38.7228 10.0529 234.107
15.3494 -17.5067 -83.7228 10.0327 233.989
15.4482 -17.2149 -89.3616 9.86049 234.073
15.5191 -16.9464 -87.3329 9.59199 234.729
15.3038 -16.6139 -87.4034 9.43264 236.16
15.1902 -16.4573 -42.4034 8.97578 243.868
15.3409 -16.1542 2.59663 8.60449 236.889
15.3201 -15.5706 47.5966 8.09937 234.011
15.3495 -15.2188 78.8956 7.93751 230.972
15.0046 -14.5005 76.9309 7.50899 226.14
14.9506 -15.2955 90.8107 7.76085 217.996
14.9318 -14.5928 90.7756 7.34527 215.724
14.992 -14.3479 90.0843 7.20573 215.716
15.1277 -14.3204 89.7324 7.20532 215.482
14.9346 -14.0741 89.4102 7.1484 215.373
14.9478 -13.7775 88.6594 7.35848 215.369
14.9762 -13.62 88.58 7.29457 215.181
14.9334 -13.6156 88.3081 7.15735 215.268
14.84 -13.6832 87.9711 7.18993 215.257
14.8003 -13.8476 87.4744 7.29204 215.113
16.3403 -14.5985 87.4043 7.73258 214.587
16.5522 -15.328 87.0407 7.92915 214.238
16.1344 -15.2861 86.5357 7.63673 214.356
16.0588 -15.0624 85.9709 7.6813 214.27
16.0601 -14.2232 85.7719 7.51392 214.086
15.9275 -14.0708 84.9816 7.51239 214.078
16.0362 -13.7429 85.0201 7.59848 214.112
15.9713 -13.6123 84.6597 7.54659 214.321
16.1052 -13.1743 84.7083 6.9423 214.851
16.4096 -13.8341 85.8193 8.28191 215.253
16.5088 -12.0232 68.0688 8.85015 239.053
16.5435 -12.5433 23.0688 9.95698 235.756
16.8029 -13.1077 -21.9312 11.4993 224.394
16.8274 -13.5104 -66.9312 11.9913 220.293
16.9373 -13.2873 -98.8825 11.8211 220.718
16.9274 -13.1912 -99.1453 11.4948 221.98
16.937 -13.1184 -100.279 11.2446 223.386
16.7252 -12.9496 -100.485 11.0486 225.439
16.4648 -12.4859 -96.8697 10.2976 236.366
16.5379 -12.179 -51.8697 10.0346 223.825
16.5731 -11.6149 -6.86968 9.42275 200.697
16.6271 -11.0727 38.1303 9.1914 186.466
16.5997 -10.6123 83.1303 9.32057 177.818
16.355 -10.1754 95.1695 9.22503 173.245
15.9326 -9.48848 92.0572 8.34877 167.241
15.3697 -9.30686 91.7038 7.32022 171.906
15.2847 -9.65794 92.0675 7.02166 176.794
14.9407 -9.62479 90.9176 7.17389 178.217
14.4596 -9.52317 90.7925 7.26525 180.276
13.3037 -9.68018 91.6833 7.59383 182.335
10.48 -8.09672 93.2795 7.08777 185.55
7.16021 -7.84053 95.7565 5.92677 186.481
6.54751 -7.24048 96.5145 4.37189 186.642
6.41407 -7.33776 97.2671 4.04765 186.84
6.1337 -7.47902 97.9451 4.03375 187.706
5.97067 -7.70415 98.0903 4.08276 187.856
6.20207 -7.77391 98.2693 4.04726 188.199
6.10583 -8.40354 97.9235 4.19344 188.233
5.88801 -8.37901 98.1019 4.12011 188.569
5.87565 -8.62643 98.3895 4.17475 188.601
5.66533 -8.40684 97.7599 4.05549 189.032
5.8494 -8.68644 97.0261 4.18977 189.013
5.92073 -9.60977 96.6921 4.47855 188.757
6.03463 -10.2931 96.4456 4.47204 188.747
5.85335 -10.4848 96.2996 4.50794 188.947
5.85125 -10.6177 95.9537 4.47588 189.046
5.91689 -10.8752 95.6813 4.43675 189.027
5.79371 -10.8083 95.7611 4.22257 188.984
6.10612 -10.0009 97.7673 4.01517 189.617
6.01956 -9.22501 97.5817 3.6051 189.409
5.63079 -9.62556 95.0316 3.8791 191.246
5.74896 -10.2056 93.3822 3.89416 193.096
6.02498 -9.66398 93.9296 3.55734 194.467
5.8582 -9.87792 93.0911 3.51805 196.849
5.99125 -8.72053 94.1871 2.50778 194.702
5.79602 -9.16727 107.754 2.80523 195.232
6.39861 -8.03779 113.029 1.83268 190.557
6.59133 -7.35173 113.272 1.22581 190.619
6.65 -7.28148 113.022 1.13832 190.726
6.65508 -7.52335 112.536 1.28493 191.004
6.65769 -7.7214 106.217 1.23683 192.276
6.40591 -7.65928 100.376 1.39823 192.002
6.40238 -7.14465 90.0453 1.47521 189.911
6.52264 -6.82456 82.7749 1.43098 189.428
6.57106 -6.68288 77.9161 1.3948 189.366
6.65445 -6.63364 75.4319 1.3019 188.987
6.67129 -6.69623 73.7472 1.27479 188.525
6.63969 -6.50795 72.5785 1.23046 188.393
6.77936 -6.43311 72.6787 1.19099 188.31
6.83044 -6.42208 72.8522 1.17705 188.341
6.70029 -6.5753 71.863 1.06883 188.703
6.63979 -6.67236 80.3079 1.25287 189.072
6.70795 -7.02908 89.8116 1.17992 189.194
6.77607 -7.41332 95.3726 1.25145 189.748
6.72006 -7.44399 97.4369 1.24134 190.258
6.72988 -7.44433 97.0055 1.32292 190.116
6.79794 -7.52292 97.0918 1.32986 190.054
6.72463 -7.1886 96.752 1.22465 190.509
6.82333 -6.73816 94.0813 1.24694 191.96
6.73356 -6.31005 90.0784 1.18182 200.485
6.65408 -6.61509 90.2708 1.30662 207.606
6.47423 -7.10764 90.6737 1.38787 216.148
6.55074 -7.09908 91.0194 1.31016 217.787
6.46205 -6.92131 92.2628 1.2889 222.876
6.36457 -6.79262 93.3685 1.32289 226.254
6.51665 -6.69424 89.5814 1.39441 216.593
6.59868 -6.86106 86.8128 1.69023 206.22
6.73438 -6.81549 86.0603 1.70634 202.973
6.63129 -6.81258 85.5318 1.73725 201.352
6.62487 -6.62196 85.1877 1.72669 201.063
6.56498 -6.44376 85.9436 1.60435 203.881
6.4351 -6.76125 85.9327 1.6821 217.563
6.4862 -6.67465 86.9528 1.67879 226.308
6.52009 -6.51748 88.6148 1.86841 239.837
6.58482 -6.39723 91.2401 1.84198 243.503
6.57379 -6.05288 94.0533 1.79266 246.004
6.56946 -5.97592 99.0718 1.88385 248.806
6.67342 -6.1762 98.5871 2.07381 248.911
6.6392 -6.31898 95.4112 2.01521 248.154
6.64558 -6.41017 95.3316 2.07981 248.075
6.64264 -6.3411 93.4798 2.13275 247.734
6.57013 -6.23901 87.2383 2.01991 245.555
6.59886 -6.15451 82.7005 1.85528 242.279
6.62722 -6.28394 78.6822 1.81559 237.737
6.67204 -6.33459 77.8524 1.57209 233.031
6.7034 -6.43124 78.1897 1.5285 231.486
6.5848 -6.33502 77.7817 1.38022 228.767
6.61333 -6.03693 76.5449 1.32108 215.834
6.52624 -5.91446 75.5547 1.40037 211.076
6.53881 -6.07893 75.7557 1.44476 214.162
6.67792 -6.34972 79.2646 1.55886 226.341
6.61922 -6.83342 82.1942 2.10678 234.626
6.72498 -6.53325 84.1899 2.33943 241.985
6.69247 -6.22433 86.7045 2.29845 244.647
6.65403 -6.27496 88.1439 2.33616 245.916
6.79642 -6.58962 89.4691 2.39548 245.526
6.9299 -7.23434 88.0294 2.56622 244.155
7.24456 -7.50351 86.3658 2.59686 243.417
8.13185 -8.26649 86.7499 2.64981 242.681
8.16711 -7.998 84.6266 2.71885 243.099
8.06297 -8.6243 85.4126 2.6688 242.862
8.05203 -8.85135 71.3089 3.07333 230.103
7.5748 -8.51425 75.1639 2.6772 223.623
7.47962 -8.99396 77.2933 2.6669 217.062
7.31976 -8.70841 77.0157 2.67523 210.346
7.39261 -8.15133 76.584 2.57893 204.604
7.39058 -7.85466 76.1969 2.48116 204.187
7.22508 -8.167 75.7972 2.23369 203.47
7.27734 -8.81152 76.106 2.30908 203.298
7.18707 -8.95491 76.369 2.3422 203.455
7.09695 -8.51738 76.1134 2.29045 203.324
7.11579 -8.42435 76.0257 2.37599 203.341
7.08107 -8.51116 76.0256 2.4016 203.554
6.99035 -8.55116 76.1638 2.38106 203.712
7.17664 -8.5732 75.8416 2.48369 203.674
7.13253 -8.62492 75.8592 2.50302 203.955
6.94901 -8.637 76.7209 2.39259 206.756
6.91991 -8.95644 78.4648 2.48065 210.499
6.95028 -8.81337 79.6995 2.50528 213.868
6.87681 -8.58462 80.691 2.52156 218.41
6.89936 -8.68931 81.4579 2.57641 221.646
6.8374 -8.87118 81.5526 2.89068 238.236
6.85722 -8.73907 89.9676 2.84544 243.833
6.8446 -8.86885 111.463 3.14342 249.824
6.89931 -8.52988 116.683 3.16817 251.205
6.93603 -8.10015 121.066 3.03306 252.392
6.80227 -8.38084 97.4907 2.80864 248.345
6.93328 -9.17704 86.0283 2.38883 241.107
7.00728 -10.22 80.5458 2.05078 232.481
7.30108 -10.8047 80.3513 1.8833 228.485
8.12036 -12.4202 78.8322 1.60558 225.009
8.62224 -15.4915 78.8995 1.66316 223.114
8.95818 -16.1062 79.8716 2.27139 223.402
9.17027 -16.4155 63.2319 2.59957 223.77
8.71588 -16.1134 44.0935 2.10352 208.785
7.08547 -16.7864 47.7725 1.84695 204.894
7.21888 -17.0197 52.2881 1.64104 206.247
7.28511 -16.9181 63.3663 1.23281 204.968
8.25135 -17.0558 83.6738 1.27084 201.751
9.1035 -15.8666 100.425 0.838599 194.518
8.7401 -16.1258 100.047 0.0760746 193.746
7.78465 -17.0109 92.8584 -0.400676 198.655
7.05062 -18.5776 90.0936 0.165655 199.574
2.92749 -15.2482 86.2545 -3.32881 199.939
-2.94197 -13.804 82.4087 -4.67454 199.408
-5.6465 -14.1614 80.6143 -5.31563 198.414
-7.8622 -14.2928 79.8462 -5.13383 197.287
-8.45692 -12.9724 79.0069 -4.71346 197.354
-6.8347 -11.4001 77.721 -4.24165 197.866
-1.21469 -9.67304 76.4549 -3.50206 200.897
1.56185 -10.0875 76.3661 -3.14134 203.027
2.42829 -10.6871 76.4101 -3.19097 203.308
2.51054 -10.6924 76.0523 -3.24886 203.341
2.66763 -10.3134 75.7696 -3.39442 203.525
2.3177 -10.7422 75.5091 -3.40682 203.597
2.1312 -11.0693 75.4839 -3.38349 203.761
1.48727 -11.0249 75.5646 -3.4576 203.71
1.21421 -11.3662 76.0512 -3.53895 204.859
0.795293 -11.3463 76.7889 -3.62783 207.39
0.443164 -11.4081 78.0997 -3.66029 221.277
0.216365 -11.713 78.5444 -3.53267 233.786
-0.0723622 -11.7477 77.3266 -3.30524 242.905
-0.00631135 -11.8204 77.7672 -3.14617 245.711
0.00769933 -11.9517 77.7212 -3.13865 246.338
0.0565029 -11.9544 78.2854 -3.15359 246.944
0.150138 -11.7155 76.7874 -3.27848 246.216
0.211211 -11.3583 75.4576 -3.75059 238.537
0.648959 -10.6064 75.4614 -4.18444 231.674
1.58072 -10.5996 75.5607 -4.25597 231.203
1.88774 -10.4865 75.3261 -4.5643 230.767
1.8284 -10.4733 76.4287 -4.60137 228.501
2.08617 -9.8146 77.2948 -4.66283 226.297
2.31226 -9.00478 77.5286 -4.85702 226.489
2.6606 -9.52155 77.6281 -4.8407 226.382
2.93264 -9.78092 77.5908 -4.9025 226.671
2.82368 -9.87094 77.2024 -4.8932 226.882
2.82621 -9.37807 73.2842 -4.95213 217.602
3.05159 -9.03712 73.8265 -5.21337 201.697
3.0668 -8.45959 72.1008 -5.13798 188.261
3.20748 -7.65748 71.6067 -5.00604 176.583
3.51803 -7.25635 72.278 -4.96796 169.762
4.12546 -7.13523 75.3957 -4.71995 158.844
4.61064 -7.34453 78.7718 -4.22029 150.738
5.05475 -8.01374 92.1691 -3.02418 133.338
5.65355 -8.50325 103.126 -1.42643 123.793
5.85071 -9.62597 115.815 0.284158 117.737
6.07261 -9.41551 123.432 0.766517 114.574
6.09689 -9.41685 127.19 0.899548 114.456
6.02123 -9.14634 129.798 0.955763 113.912
6.10392 -8.90503 132.124 0.861707 113.273
6.26014 -8.79335 134.25 0.765347 113.262
6.32816 -8.25142 132.181 0.64333 113.179
6.2777 -7.79006 130.899 0.193781 113.907
6.29557 -7.63883 129.357 -0.0272022 114.539
6.28477 -6.96071 114.754 -0.673828 119.093
6.40642 -6.64075 103.407 -0.773813 125.88
6.17957 -6.24592 90.9705 -1.19269 136.292
5.4165 -6.5802 81.5874 -1.33905 154.813
5.13685 -6.66735 79.1536 -1.59262 166.969
4.93948 -6.81076 79.4436 -1.80892 184.641
4.87688 -6.96625 80.5884 -1.90528 193.595
4.81614 -7.47039 82.0972 -1.76055 209.72
4.82798 -7.77072 82.9386 -1.58464 206.505
5.84835 -7.326 79.7205 -0.458715 161.505
5.74161 -7.65839 95.2667 0.620409 122.158
5.86791 -8.02991 107.864 1.27954 111.392
6.00524 -8.12764 111.393 1.41765 111.517
5.91629 -7.54605 110.476 1.03155 112.775
5.89142 -7.53477 110.46 1.12308 112.936
5.65963 -7.61425 109.062 1.01519 114.056
5.6553 -7.64157 109.961 1.12817 113.902
5.06701 -7.86283 91.4039 0.82258 128.578
4.63828 -9.56602 79.454 1.37806 157.934
4.30013 -9.23887 76.4537 0.768338 176.785
3.93465 -9.32436 77.2959 0.516614 192.476
3.57578 -9.51003 77.6039 0.419707 194.84
3.34081 -9.99931 77.2951 0.435178 203.212
2.86348 -10.4608 77.5449 0.338189 214.997
2.73608 -11.1128 80.3469 0.659072 229.44
2.65356 -11.1516 81.9535 0.91169 240.266
2.72381 -11.0715 86.3215 1.06288 245.108
2.86668 -10.6622 90.6007 1.15861 249.037
2.91097 -10.6073 90.9126 1.24522 251.233
2.82374 -10.6827 88.5875 1.06921 250.933
2.66839 -10.9048 82.9149 1.05635 246.779
2.42594 -11.2532 74.4628 0.708305 233.514
2.27257 -11.2793 75.0105 0.503411 223.376
2.3551 -11.4091 75.843 0.709041 205.591
2.1249 -11.216 77.6585 0.861064 187.355
1.97684 -10.9369 78.5783 0.962795 177.922
1.85362 -10.8255 78.858 1.07107 170.732
0.747497 -11.225 78.9497 1.05183 169.792
-0.658089 -11.7554 79.629 0.686442 193.941
-2.02352 -13.2786 82.7617 0.635914 212.805
-3.39311 -14.9252 84.7056 1.00566 226.602
-4.0801 -15.9223 84.1735 0.81934 216.399
-5.05163 -15.3947 81.1136 0.766702 196.898
-4.737 -12.9446 79.4216 0.694002 191.971
-4.84962 -9.98038 79.0087 0.294698 191.034
-4.57083 -9.94481 78.8347 0.419815 192.08
-4.90482 -9.11969 78.3815 0.353521 185.609
-4.06961 -7.83553 78.7032 0.284319 180.701
-5.27465 -7.60869 78.8043 0.513906 182.968
-5.79682 -7.55991 78.7575 0.384041 185.146
-5.22291 -8.84435 78.8689 0.45235 186.319
-5.20007 -9.24731 78.8434 0.406799 186.679
-5.69222 -9.49186 79.0335 0.401134 188.385
-2.43926 -11.4662 78.5641 2.68359 187.523
7.95379 -9.97198 78.4883 2.38511 186.543
18.1061 -9.30258 79.2766 2.77896 186.779
22.676 -8.10528 79.9406 3.54698 186.919
23.6553 -8.07249 80.2386 3.79262 187.491
23.6967 -8.13114 80.279 3.80186 187.433
23.5124 -8.2622 80.3268 3.80964 187.5
22.3208 -8.99667 80.2685 3.7534 187.46
17.9421 -10.2915 79.908 2.90693 187.147
12.6766 -9.61627 78.8108 2.37441 188.337
8.43922 -8.6059 77.4652 1.12468 191.425
4.73738 -8.27545 76.4648 0.585438 195.356
-3.56496 -6.76461 75.8867 -0.477434 197.528
-13.9198 -6.76895 77.3659 -0.375075 198.526
-26.4214 -8.07895 79.1667 -1.00522 200.644
-36.0416 -8.35069 82.1933 -1.93688 202.708
-40.5626 -8.25262 83.6521 -2.3726 203.684
-43.5873 -9.07049 85.1345 -2.19066 203.594
-46.3296 -8.84898 85.9222 -2.49543 203.965
-47.0211 -9.22072 86.406 -2.84971 204.177
-47.5574 -9.24752 87.1309 -3.86851 204.207
-41.1941 -9.29803 84.0525 -4.03632 202.115
-23.1137 -6.47511 78.0998 -4.99206 199.172
-4.15039 -5.30747 74.6657 -5.99066 196.777
11.2806 -6.64029 74.3093 -5.52344 195.839
21.4472 -8.96321 75.0847 -2.18009 195.758
27.5409 -9.73052 77.1853 0.271756 195.544
28.9747 -9.366 78.2275 1.35197 195.936
28.9966 -8.95181 78.2388 1.31327 195.914
29.0275 -8.69383 78.297 1.3331 195.894
29.4726 -8.11148 78.6903 1.54181 195.649
25.4544 -9.11307 78.137 0.269737 195.035
15.8759 -9.39266 76.3766 -2.97399 195.228
9.94214 -9.94088 75.751 -4.26363 196.299
8.08482 -10.1216 75.4828 -4.45906 197.507
5.85987 -10.0345 75.4412 -4.72371 198.04
4.63727 -10.0747 75.4198 -4.81774 198.437
3.97071 -10.3707 75.2967 -4.63588 198.012
3.42549 -10.5238 75.2455 -4.72813 198.396
-2.39126 -11.2431 76.4362 -4.73552 199.372
-16.0504 -14.4419 78.1697 -5.46715 201.409
-31.2767 -15.7918 81.1553 -6.40229 203.264
-40.311 -13.9141 84.1243 -7.10718 205.086
-45.2027 -11.4129 85.0638 -8.14588 207.267
-44.907 -13.0094 85.5791 -8.58522 206.776
-21.9614 -11.7004 77.3291 -5.71135 201.366
-1.92499 -7.7302 75.2075 -4.44728 198.21
1.5786 -2.3569 73.5525 -4.88116 197.161
8.04665 3.19971 74.0802 -2.56747 196.466
10.6802 18.3698 76.4001 -3.5109 194.593
7.04446 29.8137 77.3306 -4.2914 195.18
1.45056 40.5122 77.7927 -3.78886 198.279
-9.02578 51.4565 77.8144 -2.66142 200.22
-15.6959 55.7175 80.5909 -4.20695 199.902
-18.3344 56.6425 81.338 -4.11452 200.338
-18.1401 50.8683 82.5347 -3.49584 198.657
-12.7221 34.587 83.3067 0.2219 195.206
0.587586 4.88225 84.831 5.5089 191.106
5.26501 -13.1724 82.834 2.5129 190.782
9.60999 -14.3995 81.2779 -4.83547 193.73
9.23787 -16.4069 80.236 -3.1614 190.797
11.9414 -22.3441 81.3032 -3.82674 191.833
16.9131 -23.2787 81.1134 -4.64338 196.052
15.9823 -15.3741 82.1247 -6.19571 195.311
17.1231 -8.54599 84.0259 -4.32573 195.667
18.2636 3.09041 87.2557 -3.76128 195.126
17.8248 7.09916 90.1059 -4.40504 192.92
16.8625 11.1305 90.4425 -5.07088 192.626
15.4836 7.85438 87.7731 -3.46912 193.992
17.8654 -0.721144 84.6214 -4.09104 192.36
18.3143 -11.1049 82.6895 -3.06514 190.169
17.8516 -16.3265 79.5579 -2.51532 190.681
15.8001 -21.3473 75.5753 -1.16556 190.393
15.9493 -23.6752 73.3505 0.772284 188.601
15.4009 -26.0504 71.3893 1.15625 188.086
14.509 -24.1123 66.7692 0.479956 194.98
9.11695 -50.626 54.1268 21.798 192.091
7.80057 -80.9596 53.8674 20.0457 186.927
7.3236 -81.0398 53.4841 19.1028 187.496
6.95377 -80.53 53.2555 18.689 188.824
8.47041 -50.4722 60.7452 15.2878 194.321
12.4134 -23.3244 68.1309 -3.57564 194.858
10.8238 -22.4208 68.3288 -4.92439 194.71
10.347 -26.9668 62.8993 -3.2276 196.639
10.6643 -20.8853 65.3783 -6.07508 195.184
10.1992 -19.642 65.6279 -6.29623 195.104
9.51994 -17.8523 64.2042 -5.8043 195.659
11.9226 -17.2121 64.9938 -5.59848 195.734
14.6012 -16.3892 64.7479 -5.63627 196.893
17.0284 -3.94985 67.2033 -5.25496 196.778
19.5225 -11.1142 77.6807 1.09207 183.11
16.364 -54.3949 92.6455 3.8982 182.677
15.2866 -56.4569 82.9812 2.86681 180.998
16.0308 -59.1842 80.1411 -0.87225 182.424
18.021 -62.7089 77.5755 -2.23938 181.92
13.1692 -63.8498 75.181 5.15801 183.805
5.05679 -54.4398 71.1944 14.8204 188.368
3.73952 -58.4546 71.9594 19.4627 186.827
6.42797 -64.7018 71.0619 17.1387 188.188
7.46851 -68.1756 72.0166 11.7452 190.286
6.81383 -67.0116 76.1619 9.92504 190.793
7.50071 -66.4989 71.7115 9.73365 189.656
8.55347 -63.1908 68.757 8.77993 190.428
6.72745 -58.172 67.7158 10.3132 191.204
6.55488 -58.3058 65.3539 6.08521 185.385
4.47934 -51.1371 55.8826 4.27005 189.147
2.87867 -49.3506 51.9325 7.15789 188.322
1.93271 -49.3798 53.3516 10.4909 188.406
2.4254 -49.7994 55.828 11.9502 191.123
5.93413 -52.5894 61.2092 11.4491 194.577
9.65095 -46.4364 66.5222 5.95394 194.62
12.3747 -28.308 67.2424 1.82081 193.691
12.7935 -20.6366 67.3637 2.41106 192.773
11.7965 -25.1099 66.0016 4.42796 189.735
8.20591 -33.9821 65.7526 10.6335 186.599
-1.43602 -35.2857 63.3491 21.3514 188.394
-8.02579 -32.2336 62.5919 25.371 188.577
-10.5022 -32.6294 60.3549 26.7145 189.722
-10.373 -32.6903 61.3153 28.4338 191.757
-8.42302 -35.9154 62.4715 30.7361 193.305
0.78874 -34.9125 62.3595 20.4227 192.538
5.46052 -31.5527 62.3005 16.0803 192.521
5.85719 -30.7169 62.3589 15.9058 192.178
5.60984 -30.711 61.6057 16.9821 192.471
5.42245 -31.2732 60.6953 16.971 192.975
4.48254 -31.9567 60.3615 18.3404 193.312
3.73174 -32.038 60.0425 18.5799 193.389
2.91588 -29.397 60.4472 19.0838 193.874
2.26322 -29.5535 59.2252 19.4322 193.56
1.97893 -22.7513 64.1181 19.2345 195.332
0.255328 -2.1724 68.5726 12.6712 200.417
-0.127903 17.0046 73.0563 2.07141 203.114
0.539627 24.8662 74.987 -3.78971 203.975
0.631023 21.2196 74.2815 -1.66484 204.059
0.24176 4.74645 71.7133 9.5107 202.068
0.807375 -22.029 64.2578 20.3962 196.936
0.707771 -43.296 61.7122 24.316 193.448
0.393073 -46.4021 59.6667 24.7096 192.359
0.13776 -36.1575 61.5855 25.1806 194.493
-0.305029 -26.9256 62.1768 23.2013 196.876
-1.81827 -27.6654 62.8635 23.0142 196.812
-9.50172 -34.5493 59.3793 31.1628 196.271
-17.0128 -29.2448 54.5252 36.41 195.233
-18.9854 -25.7674 56.6505 37.7097 196.245
-16.0844 -24.1669 60.5389 35.2261 198.529
-9.18988 -20.56 61.0859 29.3651 198.111
-3.39842 -16.0536 60.8472 23.195 199.181
1.624 -7.52046 63.7335 18.2192 199.353
2.35175 -3.413 64.3532 15.9615 199.639
0.59517 -4.01337 64.1974 17.53 199.915
-4.33389 -5.62287 64.8692 22.4628 201.019
-4.71421 -8.19673 63.18 22.7837 200.457
-4.27985 -8.10242 63.0438 22.5799 200.828
-5.42797 -6.97166 63.4784 22.7393 200.892
-7.27065 -5.45475 64.095 23.2934 200.983
-7.4575 -8.41151 65.3172 21.1588 200.654
-7.67721 -10.7507 65.6906 19.5639 200.922
-6.19846 -11.1243 64.9242 19.3531 200.486
-6.66297 -11.1849 64.6645 19.4329 200.432
-6.62843 -10.8954 64.3256 19.802 200.357
-4.87181 -10.6004 63.2147 19.9316 199.736
-4.2285 -11.9771 62.3698 21.0309 199.948
-3.34814 -12.2542 61.541 20.2713 199.792
-1.95486 -13.9159 61.0281 18.9345 199.442
-1.46307 -8.23391 61.7433 18.8929 198.275
1.2165 6.29958 66.9163 12.7018 198.109
1.62274 10.9061 68.2821 11.3114 197.487
3.57959 8.94512 67.5698 21.3461 193.659
4.19365 9.87474 67.4048 22.9873 191.523
3.65123 9.1402 68.1643 17.792 192.762
1.29312 5.64634 67.3854 13.9167 191.601
1.93665 6.82679 67.7442 12.7126 191.46
2.27681 6.72134 67.7591 14.0769 191.333
3.75362 7.45115 66.8612 18.9059 188.053
5.04902 15.1228 65.4646 32.7814 185.544
2.65914 24.435 69.4312 42.161 184.072
2.33728 26.5667 71.1064 44.7778 182.945
2.26037 26.0646 75.166 43.1986 184.233
2.0337 13.2208 74.3625 35.6082 190.21
-1.33454 3.82964 70.9624 19.0719 194.295
-6.64728 -2.38566 71.6514 4.95034 198.94
-8.60973 -5.28076 70.6265 3.97088 194.011
-7.02647 -2.93062 70.4871 8.61413 191.94
-1.83785 4.69485 69.2438 23.7252 186.711
3.71382 21.4209 65.7048 40.3913 181.529
4.24775 27.7928 70.0537 46.8948 180.67
4.40445 27.8119 69.2376 48.064 179.476
3.94904 27.3803 70.944 48.9648 179.351
3.26984 24.7669 75.1725 47.531 182.772
3.05861 23.9788 77.7151 49.5131 183.627
3.02883 23.4606 83.4705 50.5271 184.782
3.28872 23.2841 83.3514 50.8676 184.609
3.06424 23.3065 86.7315 51.0615 185.386
2.4064 21.3826 99.5915 51.9907 187.071
2.22032 20.6752 109.085 52.0296 187.872
2.35613 21.0835 113.731 52.7305 186.106
2.31468 19.8653 115.217 52.9752 187.045
2.34824 17.8819 113.718 52.4867 189.483
2.26853 16.5954 114.037 52.5933 190.474
1.72687 15.6938 112.232 52.5076 191.326
1.24224 15.5798 112.258 52.5211 191.727
1.56392 11.5202 109.825 51.3268 194.755
1.8065 2.3936 91.6728 43.7304 203.675
5.24431 -4.75091 72.395 28.2696 210.08
5.91359 -9.09184 67.8916 7.86786 210.781
4.43079 -16.2263 72.5528 -5.90524 206.897
3.84529 -20.7118 77.3435 -12.953 203.555
3.69135 -21.8564 77.4423 -14.6785 203.53
3.5779 -20.9351 77.7088 -13.6021 202.265
4.23112 -17.2875 74.7906 -2.76946 196.097
6.00537 -10.8134 70.7619 7.11332 202.752
9.57278 0.704196 70.9326 24.1958 208.782
11.8581 8.8427 103.213 35.9279 208.831
11.6456 16.1213 134.626 41.8272 200.66
11.5155 18.0978 141.66 44.0377 195.691
11.3669 17.5632 146.516 44.4911 193.731
11.2709 14.1459 151.522 43.5449 195.18
10.7293 -3.60712 108.625 31.7485 211.025
8.50771 -13.915 78.5548 9.43517 206.752
7.65829 -18.8287 77.5785 -3.27415 204.976
6.45899 -21.3676 77.621 -5.71694 204.629
5.83501 -23.8436 77.2409 -8.34477 204.954
4.25736 -21.784 77.5503 -4.83317 203.502
2.93484 -17.2398 77.5792 2.15128 204.005
4.66415 -17.5855 77.2772 2.19461 203.035
5.42056 -18.4523 75.8959 4.0126 204.196
9.59542 -9.88342 73.1384 12.8497 207.228
12.9863 -4.31255 80.8318 29.7876 208.85
14.0429 2.60315 125.832 40.8318 205.075
12.6917 5.05184 80.8318 48.8988 192.937
11.9068 4.24133 35.8318 49.7411 190.807
11.408 -0.722012 -9.1682 47.6725 194.578
7.99365 -8.69063 35.8318 33.1662 215.126
4.7305 -11.7576 80.8318 13.444 218.346
2.35375 -15.876 83.3401 2.08824 215.132
1.4942 -16.1488 84.0009 -1.84893 212.51
1.88435 -14.0434 84.522 -0.989227 213.219
5.22195 -13.2021 84.3153 -0.160838 213.485
5.15068 -10.4555 85.6278 -1.35518 213.724
17.2709 -9.43238 107.63 17.6873 201.702
19.6521 -6.16066 118.2 27.0965 192.339
21.1035 -6.88297 127.513 30.6523 189.771
24.0417 -12.8196 133.323 30.8031 186.62
25.093 -17.0972 139.052 31.281 185.582
26.1107 -19.4005 143.238 32.6341 182.732
26.1647 -22.0699 147.005 33.5009 181.535
26.4043 -23.7998 150.118 33.9454 181.056
26.3881 -23.8441 147.513 34.3382 180.862
25.9434 -22.3546 137.512 34.0236 182.009
22.4942 -21.7864 130.312 34.394 187.197
17.7635 -22.4011 119.121 38.7147 186.67
10.0443 -23.8096 106.691 40.3407 188.472
2.65274 -24.6573 103.245 43.4726 188.308
0.377705 -24.7567 102.745 45.1501 187.792
-1.50534 -27.4121 100.802 44.9411 192.556
-2.89634 -27.7608 99.7785 43.9113 194.056
-6.21972 -26.8869 93.6744 40.9624 195.986
-11.9419 -26.785 85.4913 38.4726 196.928
-20.0857 -24.3687 88.4212 46.6097 189.661
-24.8932 -27.6738 91.4405 48.7344 190.768
-29.643 -30.2176 92.3749 52.2949 194.386
-30.6639 -29.8434 83.2366 50.2596 191.931
-33.3197 -28.1385 91.0588 51.0557 196.26
-33.1049 -27.0933 101.666 56.8019 200.391
-34.3118 -30.264 105.856 60.585 203.149
-34.8502 -29.2702 102.76 59.4783 202.949
-36.495 -28.3194 102.058 60.6935 204.106
-37.8601 -27.6894 99.6317 60.7588 202.762
-37.5346 -31.9346 97.6152 58.6654 204.618
-36.8704 -33.2986 97.835 58.6772 204.745
-34.9064 -33.3822 98.5799 60.0307 205.022
-34.7072 -34.1061 97.6664 61.2671 204.388
-35.4042 -35.322 97.3314 61.646 203.711
-35.4846 -36.4714 97.6333 61.9637 203.655
-35.0054 -38.0236 98.0239 61.3226 204.545
-35.5266 -37.9119 97.4793 59.484 205.81
-36.6742 -37.6762 95.5011 60.1126 204.767
-37.9413 -38.574 95.1231 59.8509 204.83
-37.9606 -39.105 95.1711 59.623 205.885
-38.5389 -38.7598 94.9901 59.6422 206.194
-39.0458 -38.7801 94.2623 59.3433 206.765
-39.0447 -38.8707 94.0075 59.3716 207.653
-37.2613 -39.1994 94.0192 60.5831 208.275
-27.9409 -38.3927 98.4823 62.3961 211.154
