4
-0.0597325 89.9682 -89.9664 179.991 90.0116
-0.0737308 89.9487 -89.9445 179.987 90.0229
-0.0821769 89.9439 -89.9453 179.992 90.0331
-0.0983849 89.9439 -89.9448 179.99 90.0504
-0.0168451 89.9504 -89.9475 179.981 90.0264
-0.110108 89.8896 -90.4276 180.363 90.0648
-0.116814 89.8964 -90.2959 180.279 90.0761
-0.140871 89.8747 -90.2086 180.211 90.0753
-0.122488 89.8687 -90.2473 180.241 90.0522
-0.115622 89.7916 -90.1567 180.23 90.0335
-0.112813 89.6887 -90.0415 180.218 90.0004
-0.121816 89.6176 -90.0194 180.247 89.9653
-0.116922 89.5707 -89.9665 180.261 89.9305
0.150793 89.9095 -90.0457 180.092 89.6874
-0.417516 89.4416 -89.2839 179.839 89.9261
0.107989 89.7822 -89.4998 179.87 89.7485
-0.109215 89.5882 -88.9463 179.696 89.9622
-0.199499 89.5672 -89.6927 180.231 90.0871
-0.0961786 89.3804 -88.368 179.435 89.984
1.4543 91.2173 -90.8004 179.806 88.7497
-0.294134 89.4339 -88.8948 179.758 90.0493
-0.222767 89.4665 -89.2784 179.965 90.0383
-0.0230904 89.5971 -88.1529 179.108 89.8977
-0.0287394 89.6371 -88.5257 179.304 89.8399
-0.121919 89.5029 -88.8656 179.537 89.8373
-0.0390825 89.657 -89.2826 179.703 89.8171
-0.0430437 89.5808 -89.437 179.848 89.8383
-0.129031 89.9926 -90.4482 180.24 89.8969
0.0878308 89.5099 -89.5609 179.904 89.48
-1.26946 87.9741 -89.0836 180.715 87.5009
-0.172052 89.0259 -89.184 179.783 89.6863
-0.325635 89.673 -89.2436 179.615 90.363
12.9914 102.184 -104.903 180.841 89.3927
0.266333 89.9907 -88.423 178.987 89.7596
2.51239 92.0331 -101.999 177.5 89.3983
2.29982 91.6282 -86.6004 178.744 88.6197
0.293896 89.5246 -88.8294 179.74 89.2058
-0.683246 88.5756 -90.8276 180.148 89.2565
0.555424 89.8152 -89.8635 180.284 88.7981
0.410275 89.3212 -89.1448 179.229 88.4662
-0.346824 89.5377 -89.5635 180.265 89.8256
0.877965 89.4757 -90.0271 180.749 88.4507
0.292561 89.4383 -88.9215 179.701 89.0371
0.655523 89.471 -89.1056 179.735 88.6787
0.803304 89.4949 -89.1182 179.692 88.5179
0.849422 89.5155 -89.1422 179.686 88.4703
0.869583 89.5342 -89.1652 179.689 88.4285
0.894898 89.5616 -89.1932 179.695 88.3857
0.905545 89.5849 -89.2176 179.699 88.3584
0.938921 89.6232 -89.2535 179.701 88.3232
0.949581 89.6339 -89.267 179.703 88.2898
0.967777 89.6491 -89.2832 179.702 88.2599
0.990574 89.6688 -89.3043 179.702 88.2269
1.00521 89.6794 -89.3179 179.699 88.1985
1.01839 89.6845 -89.3228 179.703 88.1712
0.915145 89.6556 -89.2954 179.698 88.2559
1.25562 89.8498 -89.501 179.715 87.9241
1.26374 89.712 -89.3644 179.722 87.8999
-1.83764 87.7889 -87.424 179.695 90.5833
2.47227 89.8226 -89.6113 179.788 86.6724
3.55627 90.1722 -90.1212 179.927 85.6735
19.556 99.0339 -99.2769 180.047 90.9272
27.913 114.66 -114.871 180.025 85.9152
37.3826 122.562 -122.813 179.994 86.0167
3.50402 90.4368 -90.322 179.954 85.7922
3.61564 90.2405 -90.0857 179.921 85.618
3.68688 90.3086 -90.1712 179.881 85.5233
3.78909 90.3794 -90.1978 179.834 85.4122
3.88024 90.4423 -90.2317 179.81 85.3181
3.98683 90.5183 -90.2878 179.793 85.225
4.08596 90.5909 -90.3413 179.779 85.1228
4.17821 90.6505 -90.3828 179.767 85.0264
4.27683 90.719 -90.443 179.762 84.9382
4.37398 90.786 -90.5069 179.756 84.84
4.48196 90.8654 -90.5807 179.757 84.7483
4.58541 90.943 -90.6543 179.749 84.6669
4.69239 91.0249 -90.7257 179.742 84.5647
4.78459 91.0883 -90.7927 179.742 84.4863
4.89201 91.1686 -90.8649 179.738 84.4002
4.98754 91.238 -90.9305 179.739 84.3298
5.08592 91.3089 -91.0005 179.74 84.255
5.18071 91.3885 -91.0821 179.742 84.1812
5.24219 91.4398 -91.1704 179.766 84.1343
5.3621 91.4819 -91.173 179.73 84.0147
5.42752 91.5283 -91.2184 179.726 83.9574
5.50185 91.581 -91.2671 179.724 83.8926
5.57979 91.6309 -91.3164 179.724 83.8274
3.66917 91.5456 -91.1705 179.687 85.4126
5.68429 91.6659 -91.3214 179.729 83.6971
5.75307 91.6945 -91.3534 179.73 83.6434
5.79747 91.6972 -91.3556 179.727 83.5657
5.83884 91.6989 -91.3604 179.728 83.5095
5.88369 91.6951 -91.3567 179.729 83.4429
5.95742 91.7272 -91.3927 179.73 83.3793
6.01672 91.7413 -91.4106 179.735 83.3078
6.01623 91.705 -91.3727 179.735 83.2457
6.07752 91.7266 -91.3923 179.735 83.178
6.15227 91.7601 -91.4284 179.738 83.1084
6.22103 91.7931 -91.4591 179.74 83.0433
6.27037 91.8043 -91.4696 179.739 82.9811
6.3157 91.8064 -91.4711 179.742 82.9161
6.37698 91.8319 -91.4944 179.742 82.8555
6.41486 91.8375 -91.4996 179.739 82.8137
6.41684 91.8117 -91.4736 179.742 82.7829
6.51147 91.8701 -91.5329 179.741 82.7232
6.56927 91.8852 -91.5462 179.738 82.665
6.62708 91.8943 -91.5532 179.733 82.5929
6.68382 91.9069 -91.5663 179.734 82.5234
6.73058 91.9105 -91.5709 179.737 82.4404
6.79483 91.9301 -91.5874 179.734 82.3614
6.85507 91.9467 -91.5993 179.735 82.2904
6.90632 91.9568 -91.6097 179.737 82.2223
6.96707 91.9694 -91.6209 179.733 82.1468
7.01183 91.978 -91.633 179.732 82.0778
7.05807 91.9871 -91.6422 179.736 82.0019
7.11079 92.0036 -91.6607 179.739 81.9384
7.07991 91.9624 -91.6183 179.741 81.9106
7.05439 91.9279 -91.5897 179.74 81.8768
7.02297 91.8792 -91.5451 179.74 81.8416
6.98613 91.8251 -91.4856 179.732 81.8029
6.95325 91.7725 -91.4316 179.73 81.7584
6.91889 91.7194 -91.3757 179.731 81.7158
6.88202 91.6712 -91.3266 179.728 81.6841
6.84764 91.6171 -91.2753 179.735 81.6535
6.81523 91.5596 -91.2207 179.736 81.6184
6.78087 91.5125 -91.1717 179.734 81.5886
6.74007 91.4613 -91.1176 179.734 81.5694
6.70469 91.4073 -91.0646 179.734 81.5368
6.67036 91.3572 -91.0072 179.728 81.5096
7.14255 91.8186 -91.4652 179.724 81.4889
7.26191 91.9212 -91.571 179.726 81.4622
7.25644 91.9049 -91.5546 179.725 81.442
7.21808 91.8876 -91.534 179.744 81.4047
7.62863 92.4051 -91.8502 180.247 81.3715
7.87173 92.6694 -92.2443 180.448 81.3845
7.24375 91.8953 -91.5303 180.618 81.5972
5.83103 91.8024 -91.3513 180.548 83.0764
5.17193 91.8024 -91.1848 180.382 83.7355
4.79721 90.3034 -89.5958 187.701 78.0762
7.09519 91.8786 -91.5129 205.913 79.8574
7.08029 91.8282 -91.4676 228.209 34.8574
7.08028 91.7979 -91.4373 250.495 -2.52585
7.28015 91.7845 -91.4002 205.495 42.4742
7.03706 91.7997 -91.4554 182.975 50.5012
7.00535 91.7826 -91.4323 182.587 39.7894
6.98442 91.7654 -91.4177 213.325 6.99327
6.96255 91.744 -91.3963 248.912 29.1661
6.93869 91.7281 -91.3794 203.912 46.5208
7.15041 91.689 -91.3431 178.66 41.9098
7.16827 91.6964 -91.3521 178.662 41.6312
6.95101 92.4888 -92.0682 178.559 40.9424
6.88587 69.0333 -68.6444 178.593 40.4274
6.8695 60.7343 -60.344 178.593 40.3035
6.71912 67.1365 -67.4665 179.304 41.0419
6.9365 65.0276 -65.5319 179.459 38.7061
7.89197 65.3473 -71.7619 185.383 38.1441
-37.108 65.2113 -73.8478 187.613 83.0779
-34.5449 65.1999 -64.6821 178.457 80.4345
-39.9445 64.9903 -68.9008 182.883 85.7848
-40.2047 64.9895 -69.5213 183.526 86.0489
-40.4077 65.0152 -69.7393 183.698 86.1309
-40.6571 64.7212 -69.527 183.782 86.3634
-40.8676 64.6454 -69.4981 183.833 86.5731
-41.0932 64.5399 -69.3803 183.861 86.7974
-41.2116 64.6056 -69.5351 183.872 86.9939
-40.8567 64.8861 -64.6846 183.448 86.6757
2.49173 106.878 -95.2226 181.991 85.5542
5.64487 94.9758 -91.2851 177.373 86.103
5.50069 94.8848 -89.793 177.573 86.0752
5.49451 94.8856 -88.857 177.747 86.0609
5.49496 94.9077 -87.7526 177.904 86.0424
5.50153 94.9246 -86.8819 178.071 86.0259
5.50674 94.9475 -85.8831 177.337 86.0337
5.51036 94.954 -85.4707 177.493 86.0339
5.51327 94.9817 -85.4113 175.538 85.9534
5.5198 94.6491 -84.9871 175.688 85.9599
5.51715 94.6844 -84.9289 175.826 85.9634
5.80427 94.7228 -72.5433 163.511 85.6765
5.51852 94.5925 -83.137 171.049 85.9287
5.46782 94.5002 -84.7701 167.592 86.0008
5.46141 94.5096 -84.1054 165.751 86.0405
5.46905 94.5152 -84.1645 165.833 86.0298
5.48535 94.5192 -84.2237 165.911 86.016
5.48869 94.5217 -84.2711 165.984 86.0147
5.48589 94.5224 -84.304 166.047 86.015
5.48575 94.5212 -84.3587 166.126 86.0125
5.48498 94.5166 -84.4041 166.196 86.0112
5.47756 94.5151 -84.4458 166.265 86.0117
5.47521 94.5128 -84.4947 166.338 86.0123
5.4734 94.516 -84.5572 166.413 86.0124
5.46867 94.5148 -84.6158 166.486 86.0125
5.46508 94.5097 -84.6551 166.547 86.0089
5.46468 94.5072 -84.7085 166.626 86.0037
5.46088 94.5084 -84.7605 166.686 86.0047
5.45794 94.5027 -84.8057 166.743 86.0068
5.4537 94.5002 -84.8658 166.809 86.0078
5.45287 94.5004 -84.9132 166.867 86.0091
5.45005 94.5067 -84.9789 166.94 86.0105
5.44687 94.5043 -85.0211 166.994 86.0124
5.44222 94.5003 -85.0711 167.054 86.0125
5.44692 94.5014 -85.1298 167.115 86.0051
5.44722 94.5019 -85.1783 167.173 86.0023
5.45003 94.5009 -85.233 167.237 85.9991
5.4487 94.4951 -85.2752 167.293 86.001
5.44643 94.4991 -85.3252 167.35 86.0079
5.44725 94.4961 -85.3786 167.406 86.0071
5.44681 94.495 -85.4302 167.459 86.0052
5.44225 94.4901 -85.4791 167.52 86.0105
5.43994 94.4931 -85.5386 167.58 86.0115
5.43598 94.496 -85.5934 167.631 86.0136
5.42783 94.4822 -85.6261 167.681 86.0249
5.42191 94.4739 -85.6521 167.732 86.0293
5.42122 94.4678 -85.6938 167.785 86.0244
5.4159 94.4626 -85.734 167.835 86.0293
5.41047 94.4592 -85.7846 167.894 86.0287
5.40784 94.4579 -85.8261 167.946 86.0286
5.40605 94.455 -85.8766 169.001 84.8139
5.40297 94.4503 -85.9214 179.515 86.3036
5.40447 94.4579 -85.967 179.552 86.2458
5.40433 94.459 -86.0182 202.111 87.4145
5.40424 94.4597 -86.0608 183.699 88.6021
5.40413 100.837 -92.4801 186.445 89.4001
5.40357 129.328 -121.021 181.696 91.0582
5.40122 108.428 -100.16 175.989 92.2933
5.39919 96.7807 -88.5531 183.674 91.994
5.39842 113.577 -105.392 188.928 73.1954
5.3939 95.3443 -87.1949 183.664 83.6564
6.65436 94.6342 -86.2934 181.316 84.837
-28.6323 94.5828 -89.1727 184.264 120.123
-18.9889 94.5569 -80.9922 176.123 110.472
-1.15212 94.5483 -84.1628 179.312 92.6361
12.1211 94.5386 -84.5296 179.698 79.3591
-23.1724 94.5302 -94.0247 189.225 114.654
12.045 94.5208 -88.1479 183.376 79.4307
5.45441 94.5116 -89.4056 184.638 86.0173
5.48386 94.495 -89.3794 175.567 85.8873
5.48164 94.4885 -89.3558 175.58 85.8972
5.48375 94.4865 -89.3386 175.598 85.9051
5.49429 94.4758 -89.7135 176.008 85.8938
5.45277 94.429 -89.6073 176.043 85.8973
45.4476 132.997 -134.607 181.001 84.1524
47.6184 135.04 -163.613 181.257 83.964
48.2314 135.86 -159.692 180.544 84.1198
19.6916 108.116 -114.692 177.909 85.0558
5.43975 94.4058 -89.9413 176.615 85.9091
5.49052 94.4408 -89.878 176.734 85.8994
9.36656 97.323 -44.878 177.148 83.0159
40.3276 128.219 -89.878 183.3 85.9199
43.278 131.117 -113.812 183.02 85.6802
9.04316 96.9707 -68.8119 177.364 82.8945
7.62606 96.0132 -52.1145 177.358 84.2731
7.53899 95.9507 -52.2868 177.425 84.3164
7.49547 95.9242 -52.4828 177.503 84.3472
7.46258 95.8837 -52.6253 177.578 84.3686
7.43205 95.8605 -52.7518 177.649 84.3852
7.40369 95.8413 -52.8842 177.716 84.4024
7.38023 95.8282 -53.0158 177.781 84.4212
7.36725 95.8109 -53.0836 177.816 84.4337
7.34211 95.792 -53.2125 177.909 84.4484
7.32232 95.7851 -53.3064 177.976 84.4565
7.30111 95.7736 -53.3891 178.045 84.4654
7.2865 95.7657 -53.4783 178.102 84.4729
7.27082 95.7525 -53.5528 178.161 84.4792
7.25679 95.7377 -53.6324 178.219 84.4929
7.24613 95.7328 -53.7087 178.283 84.5043
7.23495 95.7188 -53.7637 178.328 84.5112
7.22196 95.7125 -53.8506 178.39 84.5187
7.20734 95.6934 -53.8964 178.443 84.5231
7.19511 95.6833 -53.9539 178.495 84.5334
7.16862 95.6694 -54.0052 178.568 84.5448
7.14678 95.6582 -54.059 178.62 84.5568
7.12871 95.6514 -54.1151 178.666 84.5713
7.11241 95.6448 -54.1723 178.712 84.5781
7.09942 95.6372 -54.2266 178.758 84.5821
7.08424 95.6278 -54.2763 178.809 84.5899
7.07006 95.6165 -54.3232 178.855 84.5867
7.04251 95.6006 -54.3649 178.897 84.5937
7.029 95.5235 -54.3332 178.931 84.5988
7.01564 95.5159 -54.3782 178.979 84.6024
6.99912 95.5077 -54.4227 179.018 84.6079
6.99572 94.9762 -53.921 179.044 84.6104
5.37328 94.4656 -94.6191 178.899 85.9627
5.40447 94.5194 -94.654 177.069 85.8119
5.45857 94.5618 -96.9508 179.244 85.725
5.46003 94.5173 -96.9376 176.125 85.9311
5.57973 94.7798 -105.394 176.026 85.8874
5.5383 94.7255 -102.883 183.35 85.8128
5.53998 94.7469 -102.884 183.384 85.83
5.54702 94.761 -102.855 183.393 85.839
5.54563 94.7716 -102.884 183.449 85.8465
5.55015 94.7854 -102.88 183.46 85.851
5.54578 94.7925 -102.906 183.515 85.8542
5.54786 94.8003 -102.897 183.526 85.8559
5.54572 94.8034 -102.865 183.524 85.8546
5.54534 94.8025 -102.918 183.602 85.8489
5.54335 94.8014 -102.934 183.636 85.8521
5.5447 94.8058 -102.938 183.662 85.8508
5.54593 94.81 -102.936 183.677 85.8495
5.54041 94.8133 -102.982 183.731 85.8517
5.54358 94.8189 -103.013 183.77 85.8485
5.53732 94.8143 -103.013 183.795 85.8547
5.54044 94.8169 -103.035 183.824 85.854
5.53861 94.8156 -103.041 183.853 85.8526
5.5384 94.8158 -103.05 183.879 85.8549
5.54263 94.8182 -103.071 183.912 85.847
5.5463 94.8166 -103.082 183.935 85.8439
5.54063 94.8133 -103.102 183.967 85.8414
5.54263 94.8173 -103.12 183.989 85.839
5.5403 94.817 -103.134 184.015 85.8381
5.53896 94.8196 -103.129 184.015 85.8379
11.987 94.8218 -107.331 188.237 79.3899
10.6262 94.8263 -108.813 189.73 80.75
8.88389 94.8337 -109.824 190.743 82.4964
8.43253 94.8344 -109.543 190.486 82.9423
5.60616 94.8454 -106.193 187.126 85.7687
5.66523 94.8479 -107.35 188.296 85.71
5.67554 97.1585 -109.688 188.338 85.7004
5.67979 137.491 -150.061 188.385 85.693
5.68886 105.165 -117.765 188.427 85.6806
5.69018 119.531 -132.165 188.466 85.6816
5.69221 103.814 -116.478 188.507 85.686
5.69026 94.7101 -107.412 188.549 85.6865
5.6889 94.7281 -107.459 176.107 85.8526
5.69084 94.7387 -107.495 166.708 85.9374
5.68525 94.7332 -107.504 189.724 110.97
5.68674 94.7363 -107.531 194.007 91.9514
5.68118 94.7284 -107.551 191.042 113.069
5.67968 94.7235 -107.566 199.303 108.358
5.67648 94.7147 -107.58 199.027 106.128
5.67527 94.7062 -107.594 198.867 106.412
5.67745 94.7022 -107.607 203.172 113.7
5.67777 94.7009 -107.624 201.107 103.897
5.67818 94.6984 -107.64 204.75 105.297
5.67913 94.6963 -107.661 198.756 94.9263
5.6796 94.698 -107.684 189.43 85.6965
5.67922 94.6937 -107.699 183.802 85.8823
5.67249 94.6953 -107.722 183.743 85.9034
5.67226 94.6872 -107.716 183.662 85.8997
5.14265 93.8264 -119.166 188.729 85.462
13.2115 98.7362 -127.156 187.889 81.7644
38.9204 118.213 -172.156 186.536 72.9163
22.2164 107.33 -152.803 188.359 80.7927
5.68372 94.2948 -107.803 189.845 85.1599
4.90613 93.7219 -73.529 189.938 85.2916
3.18372 91.918 -67.2805 189.92 85.0262
-0.257955 88.1084 -52.8533 189.814 83.9924
-3.51986 84.9146 -41.9307 189.897 83.3778
-7.55974 80.5419 -27.4313 189.869 81.3763
-9.74616 77.9054 -17.8992 189.802 78.7666
-12.0441 74.4388 -8.79023 189.605 74.1553
-15.0656 69.3229 1.14595 189.241 66.2388
-15.2067 37.8654 42.7982 185.599 21.2388
29.7933 -7.13463 87.7982 169.839 -23.7612
-15.2067 -52.1346 132.798 169.7 -68.7612
-60.2067 -85 175 169.809 -44.9754
-15.2067 -85 175 177.255 -75.8842
-3.77502 -40 130 190.141 -30.8842
1.81713 5 85 190.529 14.1158
7.29371 50 40 190.715 59.1158
9.96335 95 -5 190.668 87.1387
10.0285 99.7594 -50 190.556 86.8001
10.2487 99.486 -95 190.414 86.1915
10.8335 99.6861 -130.601 190.33 85.5692
9.45714 98.0854 -140.071 190.339 85.0129
7.10443 95.317 -135.488 190.173 84.577
7.09548 95.3279 -134.906 190.198 84.6206
7.78024 97.3373 -112.643 190.602 86.5911
7.44182 98.6696 -72.9629 191.001 88.0283
10.8049 103.315 -59.2144 191.096 88.3875
13.0986 107.368 -56.8931 191.162 89.9625
13.0573 107.188 -57.1077 191.177 89.84
11.9658 108.589 -50.0651 191.17 91.5148
16.1401 120.764 -53.1099 190.84 100.317
32.3255 165.764 -93.295 185.062 55.3169
20.8064 126.658 -56.5571 191.006 99.7407
17.7262 118.7 -50.4262 191.227 92.5506
13.7975 107.679 -46.2259 191.161 86.0894
13.3366 103.12 -85.0541 190.811 86.477
7.50529 96.9473 -108.552 190.741 86.4661
5.38209 94.356 -106.816 190.558 85.8996
5.4755 94.4579 -106.789 190.574 85.9016
5.50147 94.4862 -106.685 194.666 88.0919
5.51414 94.5026 -106.54 234.453 89.7123
5.51274 94.5065 -106.35 189.453 88.359
5.51103 94.5073 -106.217 166.631 86.8682
5.51646 94.6327 -106.318 166.421 86.1924
5.51544 102.261 -113.905 166.427 86.2516
5.51208 93.7298 -105.331 166.436 86.2609
5.51007 95.1313 -106.717 166.451 86.264
5.6111 95.3283 -108.832 166.457 86.2453
9.12523 98.9874 -96.0272 166.419 86.6712
20.4878 106.789 -55.0989 167.018 82.6003
18.1104 107.55 -86.0932 166.512 86.2783
16.8024 107.377 -99.5632 166.325 87.2921
16.8021 107.385 -99.5771 166.346 87.2864
16.8026 107.394 -99.5963 166.367 87.2779
16.8032 107.4 -99.6134 166.39 87.2666
19.5952 122.407 -140.632 168.729 98.8515
22.693 127.024 -138.562 171.14 101.085
20.6155 125.539 -134.858 172.622 102.025
20.3932 125.74 -135.312 173.924 102.731
19.8793 123.911 -137.823 170.359 100.455
19.8837 123.928 -137.841 170.359 100.437
5.47644 95.2085 -107.304 166.714 86.1339
12.1449 103.408 -115.064 136.567 96.8165
57.1449 148.408 -160.064 139.92 122.275
12.1449 103.408 -115.064 127.123 77.2755
47.5496 141.996 -128.161 134.097 114.887
46.5402 149.767 -131.241 166.457 104.233
18.6533 120.481 -122.228 166.776 86.4567
-1.06931 96.3243 -108.691 158.044 97.1401
5.46296 95.0935 -104.05 159.037 86.6925
5.49229 95.1219 -104.211 158.993 86.5898
5.48777 95.1239 -104.312 158.975 86.5803
5.48783 95.1256 -104.423 158.961 86.563
5.48649 95.1259 -104.516 158.945 86.5459
5.4916 95.1309 -104.614 158.946 86.5331
5.59733 95.2589 -106.411 145.367 86.6601
5.6704 95.5179 -113.061 185.799 85.8177
5.69598 95.5386 -112.952 185.725 85.8755
5.71375 95.5438 -112.81 184.941 84.6633
5.72146 95.5523 -112.707 215.205 127.996
5.73085 95.5561 -112.646 220.125 82.9962
5.74259 95.5664 -112.611 175.125 37.9962
5.74739 95.5734 -112.594 157.77 -7.00378
5.75517 95.5803 -112.575 152.244 -52.0038
5.75786 95.5865 -112.557 151.987 -94.6264
5.7588 95.5927 -112.548 151.637 -100.922
5.75739 95.6002 -112.542 150.21 -97.9361
5.75563 95.6062 -112.549 149.248 -80.5172
5.75405 95.6088 -112.565 131.059 -35.5172
5.76012 95.6111 -112.567 176.059 9.48284
5.76458 95.6144 -112.575 221.059 54.4828
5.76244 95.616 -112.574 245.122 83.1135
5.76468 95.6225 -112.588 244.626 76.6916
5.76452 95.624 -112.587 243.842 85.4908
5.76534 67.1952 -84.1598 243.43 85.5178
5.7676 72.3328 -89.3038 243.08 85.4722
5.77236 27.3328 -44.3038 242.793 85.4528
5.77486 -17.6672 0.696241 242.55 85.4376
5.77528 27.3328 -44.3038 242.345 85.4248
5.77769 72.3328 -89.3038 242.156 85.4081
5.77724 100.877 -117.873 241.969 85.3865
5.78042 92.103 -109.108 241.85 85.3578
5.78153 94.5737 -111.592 241.796 85.362
5.78203 93.1124 -110.136 241.752 85.3142
2.50028 92.1848 -111.381 243.872 88.5556
-42.4997 92.1583 -99.2658 231.734 133.534
-42.0838 92.1788 -110.497 242.89 133.105
-35.0928 92.1985 -65.4974 197.89 126.104
-71.046 92.2235 -65.5072 197.778 162.04
-26.046 92.248 -55.7905 188.022 117.04
-5.3957 92.2785 -60.1616 192.328 96.3728
-6.80963 92.2668 -50.0729 182.237 97.7521
2.8207 92.2935 -49.8617 181.984 88.099
1.51228 92.3047 -49.8663 181.957 89.3686
42.2183 133.679 -94.8663 181.662 91.111
38.7204 130.244 -121.738 180.834 91.7728
18.4199 109.834 -107.988 180.36 91.8671
8.96301 100.404 -95.0726 180.337 91.8489
2.14854 93.6725 -98.9274 180.464 91.7758
2.03686 93.5585 -96.4818 180.427 91.7398
2.01519 93.5764 -96.1971 180.451 91.6983
1.96991 93.5597 -96.1611 180.455 91.6576
1.92227 93.5449 -96.1457 180.454 91.6146
1.86946 93.5067 -96.1082 180.453 91.5791
1.80075 93.4273 -96.0399 180.468 91.5598
1.75021 93.4354 -96.0513 180.47 91.5273
1.68121 93.4162 -96.0024 180.548 91.5102
1.73452 93.3713 -95.9368 180.79 91.2323
11.1017 101.33 -105.17 181.55 82.2906
0.255051 92.7447 -97.0335 182.655 92.6399
1.50887 93.2313 -95.2969 179.71 91.4859
1.96355 93.0794 -96.0386 176.68 90.9613
1.98057 93.7333 -97.1777 181.672 91.0018
1.84906 93.6775 -96.9845 181.678 91.1951
1.88155 93.769 -97.7876 182.701 90.8152
1.96063 93.2807 -97.3204 182.885 91.014
2.17202 93.7633 -96.5186 181.243 90.5347
1.73892 93.5876 -97.544 182.72 91.0117
1.6074 93.4814 -96.7843 181.874 91.2333
1.91246 93.705 -97.2562 182.284 90.9303
2.22638 93.918 -98.5037 183.567 90.4533
2.047 93.8086 -98.3909 183.574 90.6369
2.11586 93.5563 -98.539 183.955 90.3402
1.836 93.3968 -98.148 183.658 90.6829
1.48388 93.2021 -97.2768 182.56 90.9108
1.50879 93.1948 -96.8996 182.076 90.9931
1.38248 92.8388 -96.571 182.072 91.3148
1.32751 92.8206 -96.3105 181.587 91.373
1.29927 92.6146 -95.7453 181.229 91.4946
1.17521 92.6896 -95.1045 180.169 91.5293
1.1779 92.7935 -94.6852 179.432 91.343
1.33767 92.8187 -94.4557 179.167 91.0785
1.55921 92.7826 -94.4101 179.085 90.7909
1.93439 92.8784 -94.326 178.956 90.1883
1.85899 92.592 -94.1752 179.053 90.0907
1.86902 92.4234 -94.1578 179.226 89.9108
2.12028 92.062 -94.5694 180.234 89.4681
2.37846 92.0127 -94.936 180.579 89.1371
3.5013 92.2901 -94.8913 180.485 88.1275
4.3343 92.5982 -95.007 180.367 87.3042
5.05495 92.8903 -95.1435 180.246 86.5865
5.61672 93.1521 -95.2626 180.097 85.9677
6.14741 93.4703 -95.4404 179.96 85.4155
6.60715 93.6741 -95.521 179.84 84.9147
6.61803 93.6863 -95.5305 179.836 84.8983
6.61803 93.6863 -95.5305 179.836 84.8983
6.61803 93.6863 -95.5305 179.836 84.8983
6.61803 93.6863 -95.5305 179.836 84.8983
6.61803 93.6863 -95.5305 179.836 84.8983
6.61803 93.6863 -95.5305 179.836 84.8983
6.61803 93.6863 -95.5305 179.836 84.8983
