4
-0.00900652 -0.49826 90.3543 0.365522 180.014
0.00715629 -0.520536 90.4273 0.50886 179.953
-0.275532 -0.964012 90.6733 0.945013 179.623
-2.60603 -9.77241 95.9146 7.30726 186.438
-9.8302 -44.0893 92.3202 26.9961 194.161
-11.4789 -55.6787 89.7175 31.4542 191.17
-10.6903 -63.4555 91.8747 32.3255 195.328
-9.77575 -75.1163 89.4897 29.7753 196.857
-12.0683 -77.8928 98.2626 36.147 200.69
-12.6055 -78.5212 95.7647 35.6445 199.862
-12.369 -102.771 85.5787 40.6657 210.994
-9.12272 -110.571 89.7684 38.2322 193.408
-2.00053 -110.926 91.9227 28.3501 184.255
8.04649 -94.7818 88.5676 5.49511 179.77
11.5986 -86.0534 84.7418 -4.26934 168.624
9.11193 -84.3981 84.3124 -3.49536 161.458
7.89009 -84.5675 85.0813 -2.37075 160.518
7.90996 -85.0883 85.8304 -1.71754 160.036
7.92896 -87.1372 86.0291 -1.11303 159.963
7.94336 -87.5514 85.8464 -3.39227 162.085
24.7206 -86.7455 84.2621 -27.0507 191.061
20.0781 -41.7455 87.3045 -12.5229 184.55
10.7847 -5.46224 89.1921 0.600198 154.235
8.85503 -1.42423 86.8988 2.64419 148.345
7.69396 0.816788 85.6324 2.74326 148.089
7.83313 -0.739736 81.7699 2.33782 152.395
8.57143 -0.0306847 82.8178 2.32561 151.286
8.71438 0.101636 83.2499 2.2247 150.966
8.72572 -0.0461614 83.8285 2.18047 151.601
8.27738 0.0604309 86.9046 2.48773 152.572
7.98789 0.00200548 88.8914 3.06253 151.111
6.36592 1.49995 88.2712 3.8674 149.955
5.1915 2.72531 88.035 4.51106 149.542
5.84665 0.90719 88.1282 4.59475 150.224
6.06423 1.81249 87.515 4.46746 150.812
6.53442 1.21279 87.6237 4.16886 151.711
6.49599 1.35837 87.6301 3.93799 151.698
6.33514 1.53207 87.746 4.07399 151.627
6.43022 1.04812 87.961 3.69044 151.831
6.42874 0.723129 88.0321 3.60169 151.951
6.282 0.954039 88.0883 3.78894 151.915
6.27875 0.851351 88.1302 3.78393 151.913
5.92983 0.339362 88.082 3.32155 152.219
5.73125 0.113708 88.093 3.18093 152.067
5.04209 0.293208 87.3673 3.73193 151.828
6.49884 -0.0277234 87.1529 2.14968 151.78
6.88536 -0.160199 87.1501 1.66723 151.637
7.72725 -0.112649 87.1216 0.829942 151.526
9.70626 -0.435643 87.7633 -1.27423 152.064
9.47761 -0.651634 87.7905 -1.02727 152.165
9.11656 -0.650407 87.7041 -0.472666 152.102
13.1351 -0.521811 87.5563 -5.10294 151.911
21.0318 -2.01437 91.2894 -12.4613 156.612
29.7835 -4.37279 97.0175 -18.5401 168.473
30.1536 -7.2785 99.4532 -18.755 172.916
29.1438 -9.78534 101.044 -17.0826 175.096
27.5027 -10.1703 101.085 -15.0126 174.746
26.9559 -10.8726 101.299 -14.4227 175.208
26.0968 -11.2811 101.122 -13.5349 175.215
25.0784 -11.041 100.677 -12.2142 174.307
24.6615 -10.5891 99.9467 -12.4749 174.069
23.9303 -10.3979 99.5893 -11.6568 173.398
22.7376 -9.84305 98.7882 -10.7177 172.602
20.93 -9.88993 97.9947 -9.73822 171.757
17.8019 -9.27414 96.0257 -8.24416 168.309
15.6988 -8.78435 94.7596 -7.43326 164.273
12.6211 -9.22754 92.6215 -6.10287 159.446
9.70331 -8.44296 89.9392 -5.85147 155.549
5.31321 -8.20294 86.625 -3.64381 152.541
1.29323 -9.53833 84.8959 -3.59361 151.508
-2.20315 -10.6676 83.0546 -1.87462 150.007
-6.49071 -11.2732 81.1331 -0.389203 148.294
-9.33459 -11.8647 79.8755 1.08452 146.879
-12.6627 -12.3083 78.5605 2.66893 145.72
-15.8147 -13.1456 77.0255 3.4447 144.626
-18.62 -13.1372 75.2422 4.97396 143.61
-21.7674 -13.3314 74.2166 5.85391 142.585
-24.509 -13.6674 73.2661 6.87041 142.037
-26.0707 -13.8762 72.5061 6.91516 141.318
-26.4514 -14.0577 72.2151 7.02506 141.194
-26.5703 -13.8761 72.0803 7.30108 140.998
-26.7155 -14.0498 71.9043 7.38097 140.763
-26.8837 -13.7291 71.4996 7.79778 140.397
-27.0644 -13.7295 71.3597 7.96334 140.244
-27.1138 -13.2593 70.7004 8.42684 139.704
-27.3195 -13.3459 71.0265 8.461 139.748
-27.4616 -13.1885 70.9829 8.76277 139.615
-27.5513 -13.4919 71.0047 8.83362 139.7
-27.5584 -13.263 70.6307 9.19551 139.503
-27.6343 -13.1966 70.3801 9.39846 139.379
-27.7302 -12.9541 70.4005 9.54339 139.348
-27.8083 -12.6729 70.4021 9.65917 139.442
-27.5724 -13.6759 71.1411 9.14881 140.133
-27.5266 -13.4266 70.7553 9.50833 139.876
-27.406 -13.2406 71.0588 9.60276 139.891
-27.3695 -13.4725 71.4415 9.42961 140.029
-27.5013 -13.2744 71.4813 9.52455 139.892
-27.5448 -13.1537 71.3857 9.59617 139.92
-27.4782 -13.4481 71.3881 9.47195 140.057
-27.3577 -13.4622 71.1883 9.61056 140.022
-27.2798 -13.1766 71.0834 9.84039 139.88
-27.4097 -12.9447 71.1116 10.1447 139.53
-27.5611 -12.8998 71.51 10.0865 139.603
-27.5507 -13.0528 71.7108 10.0332 139.799
-27.481 -13.1393 71.5442 10.1085 139.814
-27.4266 -13.1637 71.5277 10.2035 139.884
-26.9909 -13.5573 72.7341 8.32591 140.677
-21.1508 -10.2332 81.0331 3.60546 144.253
-10.6834 -6.54431 84.725 3.29989 149.231
2.96266 -4.98624 91.7239 -2.55825 155.13
12.8219 -6.87344 95.1303 -7.73334 162.602
17.4648 -8.3219 96.7755 -9.40661 166.697
20.0366 -10.0882 97.7142 -10.0374 168.977
19.6657 -9.61715 97.5563 -9.92859 168.149
19.5425 -9.64709 97.0596 -11.8422 167.457
18.5663 -10.2034 96.7477 -12.8116 166.017
16.5516 -12.6033 98.091 -13.0439 164.047
15.9489 -13.302 98.9474 -12.5321 164.201
15.3456 -14.9985 99.4662 -12.0775 164.169
13.3456 -18.2115 99.5081 -11.2333 162.425
10.3118 -20.479 97.4983 -9.34144 160.542
4.19874 -20.9287 94.5871 -4.30688 155.972
-2.47137 -21.3924 89.7513 0.777894 152.199
-8.65404 -21.6939 85.3587 4.923 149.055
-14.982 -21.671 82.2932 8.04601 146.338
-19.6151 -20.7271 79.4435 10.3477 143.649
-23.3378 -21.6751 76.0025 12.3631 141.598
-24.8495 -23.8318 75.2189 12.2403 139.576
-25.0574 -24.284 75.732 11.8887 139.56
-25.3859 -24.2708 76.1699 11.5813 139.923
-25.6807 -24.5551 76.539 11.4778 140.114
-22.5099 -24.2902 78.5854 10.3739 141.779
-12.0215 -21.476 85.5198 6.18413 146.719
3.90037 -19.5702 93.6634 -1.18752 153.995
16.5884 -19.1474 99.1738 -7.35009 163.444
21.3573 -20.9592 100.829 -7.40907 166.758
22.0445 -20.8956 101.03 -8.48913 166.953
21.688 -20.9715 101.108 -8.29512 166.82
20.6462 -21.6963 100.888 -8.11404 166.264
18.7387 -23.4106 100.515 -9.65109 164.679
16.1192 -25.8439 101.57 -9.49651 163.399
15.354 -26.3753 102.54 -8.94712 162.655
14.1927 -26.7655 103.257 -7.70848 162.045
13.1674 -26.8551 103.833 -6.42754 161.778
12.1943 -27.6203 104.433 -5.24889 161.98
14.2111 -28.3874 104.668 -4.80473 161.495
13.9139 -30.8103 105.041 -2.037 162.16
12.7064 -31.1236 105.097 -1.51233 160.337
13.9112 -33.3266 105.182 -2.91694 159.88
12.0922 -34.6336 105.188 -2.49084 159.907
11.1607 -32.1615 105.221 -1.57235 159.176
10.7217 -29.3248 104.674 0.951909 158.305
7.65133 -23.4463 103.238 9.61526 156.63
-8.9959 -30.7097 106.016 25.7054 153.273
-19.5147 -25.7838 97.0204 64.224 129.024
-22.886 -16.1272 87.4039 77.8759 121.581
-21.3774 -14.8234 84.8397 79.035 122.87
-10.2054 -17.3438 86.8143 69.3224 124.964
-9.47026 -17.6091 87.2903 69.5588 126.07
-9.78804 -16.8817 86.493 69.2829 126.43
-9.59639 -16.539 85.7275 68.8891 127.047
-9.75536 -16.2859 85.3321 68.6773 127.181
-9.94789 -14.9603 83.3634 68.2627 127.773
-10.1135 -13.7978 81.9346 68.0523 128.784
-9.88757 -12.4393 80.9064 66.6532 129.044
-7.20884 -10.7796 78.6896 63.4665 129.871
-4.95643 -1.5639 73.1625 50.5792 130.58
-4.39493 -0.885467 72.0722 49.4636 131.887
-4.58623 -0.353365 71.8391 50.1395 131.657
-4.36183 -0.295679 72.0757 49.5121 131.63
-2.91149 0.826076 73.547 48.3699 132.473
-2.61667 8.88733 75.9822 47.2081 134.695
-2.19616 7.62016 76.472 46.5967 136.319
-3.13339 6.34747 75.6175 45.0221 137.489
-2.42914 6.84584 76.0655 43.6979 139.141
-3.20077 1.50455 77.3207 43.4936 139.197
-3.31741 -3.59732 77.0437 43.1109 139.923
-2.96762 -2.62479 77.058 42.5823 141.11
-2.8299 -4.64672 77.8075 41.6222 141.972
-3.10612 -6.88503 78.2961 41.764 142.066
-3.57461 -7.06688 77.8063 42.3936 141.962
-3.44908 -6.55118 78.3049 42.3416 142.199
-3.75776 -6.69648 79.0273 42.645 142.132
-4.3362 -7.00438 79.2813 42.6436 141.939
-4.46793 -7.20304 79.6044 42.6459 141.869
-4.55458 -7.80184 79.6244 42.7986 141.925
-4.4548 -7.59917 80.0054 42.7457 141.916
-4.40483 -7.71973 80.0661 42.8052 141.985
-4.25904 -8.09997 80.2865 42.7924 142.016
-4.32339 -7.88997 80.1264 42.6819 142.009
-4.13595 -8.08249 80.196 42.5373 142.178
-3.45197 -7.01027 79.9176 40.7484 142.127
-2.22934 -7.28917 80.7863 38.1755 142.563
-2.22701 -7.90001 81.2416 37.9521 142.723
-2.19363 -7.97172 81.4125 37.6725 142.757
-2.18113 -7.80317 81.5523 37.6178 142.71
-2.03268 -8.4317 82.0581 37.1535 142.876
-2.88104 -8.89053 82.434 36.3832 143.085
-2.8278 -10.9013 83.1331 35.1052 143.946
-3.65298 -14.2594 83.6239 35.6152 143.896
-4.80843 -13.997 83.6188 34.3846 142.336
-4.81963 -14.0405 83.74 35.1996 142.221
-4.78895 -14.2058 84.3938 33.5288 141.392
-4.78075 -15.4481 84.099 32.7431 141.102
-4.73965 -15.5945 84.3935 32.3358 140.841
-4.80355 -16.5261 85.0348 31.1743 139.926
-5.27306 -15.8932 84.9193 31.6762 139.516
-5.43525 -15.0818 84.2818 32.2779 138.99
-5.99878 -14.7776 83.8109 32.7983 138.572
-5.58272 -20.2269 85.5786 41.1239 139.648
-5.45466 -27.9102 89.5767 45.0617 143.107
-5.4217 -18.5801 85.2267 39.8857 140.387
-5.75151 -13.1762 82.9139 37.6589 138.897
-5.83378 -13.3422 83.2239 37.0982 139.021
-4.66734 -13.7934 83.6052 33.4052 140.382
-6.92229 -15.9734 83.6873 33.2124 140.429
-8.02983 -17.7696 82.9078 42.4784 138.221
-10.5769 -39.6871 95.5265 64.4864 145.199
-12.3325 -76.588 120.131 69.2933 165.495
-13.0824 -77.3657 120.157 70.6303 166.014
-13.3193 -76.3067 119.227 70.6008 165.927
-13.5286 -76.6136 119.301 70.6136 166.556
-13.7775 -76.626 120.003 71.2423 166.848
-13.5842 -77.3289 120.12 71.1318 167.158
-12.3962 -75.9495 117.995 68.2003 168.732
-5.35753 -81.9419 116.932 54.9568 180.157
-2.89386 -79.7117 111.912 48.0924 182.41
-2.35275 -75.9466 107.965 45.3665 180.713
-2.59794 -74.7689 107.647 46.1682 180.331
-3.68024 -72.5947 107.817 48.1877 178.592
-3.91023 -72.3621 107.629 48.7595 177.953
-4.26629 -72.1435 107.832 49.5384 177.718
-4.31332 -71.6473 107.889 49.5186 177.686
-5.19851 -67.4593 106.546 49.1757 175.708
-3.40692 -49.928 98.8321 40.2296 164.936
-1.90297 -26.3033 86.6368 23.3729 152.073
-1.1683 -20.8706 84.754 19.6609 146.698
-1.72027 -20.5119 84.5542 20.2595 145.934
-1.72119 -20.231 84.544 20.0606 145.753
-1.68936 -19.0624 84.896 17.9747 145.207
-5.17809 -14.8044 82.7997 19.4517 143.908
-11.9873 -19.7731 88.87 50.5688 147.62
-16.6617 -64.7731 133.87 77.3393 180.43
-16.903 -109.773 136.486 55.5691 225.43
-16.9248 -149.845 101.887 50.55 227.847
-17.5545 -150.291 103.094 51.1364 227.857
-17.7776 -149.904 104.459 51.7253 226.616
-17.9045 -149.76 111.105 52.8197 225.685
-17.5065 -148.556 110.112 52.7085 225.156
-17.5702 -148.608 113.446 52.9035 224.97
-17.6791 -148.49 114.484 53.2841 224.974
-17.923 -147.282 115.987 53.4305 224.817
-18.124 -146.865 116.617 53.56 224.729
-18.3621 -147.139 116.52 54.1961 224.931
-18.9759 -139.315 155.21 60.9589 219.023
-15.9612 -113.81 176.159 71.5972 188.798
-13.8063 -68.8104 142.072 76.2891 158.614
-12.4257 -38.9935 122.776 72.1603 148.504
-9.28737 -14.8422 108.377 60.7965 141.1
-7.61292 1.01256 97.3421 49.9702 140.479
-7.6747 2.68826 96.1532 49.051 140.017
-7.72337 2.88752 96.0701 49.3037 139.976
-6.3788 0.0823292 98.7804 46.7206 142.387
4.32075 -15.9985 96.6718 10.1229 162.961
9.06129 -12.0242 101.252 -9.46283 160.552
8.55111 -13.1478 101.144 -8.97404 159.713
7.37321 -13.2091 100.943 -5.96213 157.019
6.87092 -11.647 98.9817 1.91742 151.29
6.00591 -12.1362 99.8206 4.70946 149.149
4.29416 -10.2278 100.792 7.66344 146.818
3.38674 -12.0062 101.178 8.32259 146.969
4.54544 -15.6448 101.582 6.73261 149.806
5.31151 -17.3354 99.397 6.58849 149.386
8.27497 -18.0327 102.962 1.81322 150.968
9.35965 -15.7706 105.103 1.50404 147.59
9.22834 -15.5534 105.597 2.13542 147.751
8.22792 -14.8546 104.627 5.67038 145.773
8.67202 -15.5321 102.485 4.77999 146.434
10.4558 -17.4735 103.444 3.47643 147.808
10.1907 -18.0529 104.098 3.67378 147.53
9.6725 -18.5921 104.341 4.26 146.941
8.91025 -20.1476 104.133 5.10298 146.747
10.8165 -22.1365 106.258 1.7891 149.518
14.0524 -23.3711 108.776 -1.06508 152.038
17.186 -23.9526 109.87 -0.860639 153.324
17.6761 -24.7326 109.974 -0.280819 153.819
14.3484 -25.2562 108.561 1.97892 152.284
8.06966 -24.3211 105.372 7.54104 146.624
4.15984 -24.7391 104.219 10.286 145.736
2.57855 -24.9924 103.584 10.3645 145.738
3.22819 -24.9134 103.827 10.3386 145.985
3.00854 -25.1816 103.474 10.9337 145.569
2.91147 -25.1785 103.416 11.0687 145.433
0.983857 -28.0092 101.577 20.6479 147.125
-8.15425 -50.5791 114.896 52.6502 157.768
-13.8576 -86.629 132.942 59.5295 181.571
-17.3754 -104.612 134.928 58.6696 198.436
-17.0703 -103.633 132.403 57.0055 198.411
-17.0637 -103.689 131.217 56.6329 198.81
-17.0847 -103.832 130.487 56.2877 199.054
-17.3115 -104.075 130.285 56.5015 198.97
-17.5612 -103.978 130.359 56.8862 198.441
-17.7431 -104.209 130.152 57.1604 199.136
-17.6557 -103.657 129.001 56.4217 198.313
-16.4599 -96.3834 124.866 52.2191 195.403
-14.3092 -67.4649 124.11 52.1391 176.463
-13.1367 -38.832 118.499 49.3029 159.348
-13.1688 -33.0807 115.431 47.0468 155.421
-13.1433 -33.8205 114.872 46.3241 155.875
-13.2218 -33.4816 114.118 45.3635 156.039
-13.2159 -35.0634 113.469 45.485 155.685
-13.075 -34.7642 113.077 44.8375 155.924
-12.1844 -36.1534 113.659 44.007 157.251
-12.1819 -36.7394 113.871 44.1845 158.102
-12.2232 -37.1169 114.25 44.1684 158.587
-12.4844 -36.5143 114.016 44.1359 158.316
-12.5463 -37.0225 114.22 44.024 158.422
-12.4824 -37.0791 114.029 43.6232 158.407
-12.5753 -37.297 113.588 43.2937 158.436
-12.9373 -37.5005 113.762 43.5787 158.286
-13.9037 -37.601 113.776 43.4202 158.178
-14.2913 -38.2026 114.251 43.4778 158.474
-14.9442 -37.8801 113.631 43.4113 157.861
-16.8769 -38.259 111.72 42.6489 156.684
-20.0144 -50.0017 112.743 45.192 159.076
-24.0537 -63.3622 112.726 53.1757 158.399
-28.3385 -65.3189 109.772 58.5626 154.904
-27.6947 -68.1982 108.825 57.348 154.879
-25.0284 -66.2405 107.882 55.3946 155.714
-28.1514 -73.7286 104.78 59.4281 146.494
-24.5732 -65.9808 102.726 45.1256 144.906
-20.1544 -71.3715 105.12 47.0657 149.59
-26.6783 -71.5563 104.263 47.4573 147.037
-32.2976 -61.2973 102.647 58.6306 140.337
-35.2156 -93.6729 84.0551 61.9803 107.469
-35.2176 -82.3271 76.4309 72.4775 94.0374
-35.5772 -81.7691 77.4101 71.5641 94.3307
-35.6637 -81.2182 78.4014 70.2361 94.4999
-35.8484 -81.5782 77.8328 71.8491 93.9494
-36.0275 -81.8504 77.3478 72.992 93.5589
-36.027 -81.7879 77.1801 73.1899 93.3147
-36.1147 -81.7474 77.1558 72.8063 93.582
-35.7639 -80.9448 77.8005 70.3639 94.1864
-35.6095 -80.9185 78.0576 70.5984 93.9566
-35.4458 -80.6519 78.433 69.4309 94.3391
-35.081 -80.5977 78.5521 69.776 93.9348
-35.4403 -82.2634 82.7947 66.9089 94.8871
-35.1019 -84.9044 80.7521 72.8906 90.098
-35.7304 -86.4407 84.6031 71.2233 93.5329
-25.8282 -79.9139 103.553 58.0418 132.448
-36.1097 -98.119 109.106 76.9834 137.813
-33.8666 -109.117 81.1456 58.8014 96.8007
-36.1823 -100.868 78.9548 63.9003 101.503
-35.2186 -97.0707 71.1585 67.318 97.0643
-34.8956 -96.7027 72.064 66.388 97.4043
-33.8145 -97.4955 73.1288 68.554 94.7505
-33.6942 -97.6073 71.8362 72.7442 92.0131
-33.4263 -97.3398 72.068 73.6122 91.7388
-34.1942 -96.6102 70.1264 73.3967 92.4374
-34.6464 -95.9873 69.8622 72.4969 93.2738
-34.7775 -95.8604 69.9767 72.1406 93.5473
-34.8263 -95.8072 69.8874 72.2242 93.5993
-34.8069 -95.8455 69.9357 72.2672 93.5395
-34.7416 -95.8892 69.9861 72.4381 93.3644
-34.9508 -96.0301 71.5638 71.8678 96.1127
-20.0001 -83.6998 116.564 48.3885 141.113
9.96398 -38.6998 118.491 4.79085 186.113
15.7546 -11.4666 117.484 -1.19533 172.609
14.2711 -9.32911 117.184 2.17022 168.461
13.6907 -9.29523 117.58 3.15368 171.914
13.1221 -9.40246 117.558 4.46295 172.376
12.1056 -9.4808 116.732 5.4041 175.543
8.82051 -17.8755 115.292 12.004 190.181
8.68465 -28.5318 110.588 13.9146 204.215
7.75062 -35.2267 112.564 15.5269 198.402
15.8721 -50.083 126.796 16.303 204.664
22.5144 -64.7242 119.665 4.65444 206.854
23.9403 -85.9883 103.198 -7.24542 197.132
25.6007 -91.5827 97.1672 -17.1989 202.821
24.0193 -48.2796 91.4782 -7.77676 184.549
17.7916 -47.0763 100.498 -11.2375 179.538
15.4429 -68.4211 102.833 -21.9494 190.911
14.0158 -71.6404 109.709 -23.1741 186.433
8.20075 -87.8962 96.1461 -20.5952 199.992
9.52472 -89.5385 89.6061 -18.5607 183.992
11.017 -92.0512 86.3891 -19.406 187.512
6.57402 -96.3449 85.3248 -11.5207 193.592
5.72555 -91.4581 86.1342 -7.32939 190.116
4.17521 -85.7575 85.0303 -1.37021 185.12
5.24814 -86.7249 85.2379 -2.20352 184.668
4.91029 -85.5623 84.1108 -1.56922 184.392
4.59982 -84.7327 83.4174 -1.22926 184.292
4.49259 -84.6326 82.701 -0.756689 184.193
4.03697 -84.6726 82.2845 0.619801 184.689
3.07253 -83.727 81.3243 3.93952 185.265
2.0928 -82.9351 80.0089 8.46861 186.566
1.48398 -82.0629 78.9041 11.834 187.368
0.696647 -80.9672 77.5169 16.5278 188.482
0.0226005 -80.9072 76.2569 21.1937 189.653
-0.948739 -81.3592 75.0569 25.2509 190.197
-2.50899 -82.2106 74.4331 29.5208 191.188
-2.91621 -82.4862 74.08 32.5264 192.106
-3.30624 -83.0609 73.5854 34.2312 192.476
-3.8901 -83.0977 73.4156 35.872 192.192
-4.5321 -82.0709 73.2025 35.3905 191.737
-4.4214 -78.4312 73.9835 29.4912 189.481
-3.40267 -77.3902 74.7464 22.3101 187.588
-2.22017 -77.455 75.8037 15.8014 185.119
-2.38384 -77.5796 76.6621 12.8893 182.339
-2.64914 -77.0737 76.0857 11.53 179.495
-1.94984 -77.4924 75.585 8.70993 178.6
-2.01014 -76.8563 75.0586 6.4939 176.722
-1.5939 -77.4707 74.5276 3.57729 174.586
-0.620374 -79.8674 74.3487 -3.53571 169.637
-0.901862 -80.8815 77.5605 -5.17142 178.331
-0.454368 -81.7539 80.1013 -8.4482 185.272
-0.626386 -82.3684 82.1019 -9.65999 188.268
0.529447 -84.2106 83.8922 -17.4592 184.913
0.834965 -91.7473 68.7041 -25.3919 151.309
-0.485783 -92.7188 74.8794 -26.9188 141.347
-0.68789 -92.1271 76.9186 -26.1772 136.607
-0.932776 -91.6347 77.1434 -25.8927 136.889
-0.833451 -91.5566 76.4393 -25.8458 136.933
-0.900159 -91.0103 77.6908 -25.6249 136.891
-2.33458 -86.7383 81.8751 -20.5504 138.938
-3.43193 -82.7378 81.9514 -12.2439 137.754
-5.56828 -78.2852 80.0377 3.11459 147.441
-6.61808 -78.0758 80.3102 13.3007 154.624
-6.57526 -79.3645 79.9784 17.5268 164.104
-5.02205 -75.5928 75.266 12.4207 162.087
-4.4734 -76.4727 73.3622 10.2014 163.252
-2.60054 -77.8552 73.0823 6.58816 164.528
-2.13913 -76.5638 73.2612 6.86871 164.321
-2.10447 -77.7893 72.2697 9.6351 163.247
-2.34675 -72.5586 72.3416 10.3208 164.427
0.0462383 -71.91 73.2384 8.08247 164.407
3.81987 -76.5654 74.3558 3.24356 163.409
3.98383 -74.4424 73.7994 2.96863 162.294
6.59312 -81.8939 82.4339 -0.948562 161.457
7.78774 -95.5141 95.2544 -6.21336 170.902
7.97403 -96.6268 87.6101 -2.72148 171.211
5.84988 -91.8172 83.1904 0.801448 174.404
2.39441 -76.6302 80.418 8.74611 180.761
9.88281 -31.6302 83.3612 -7.89955 196.807
8.53204 -11.7535 85.6787 -4.94848 183.624
10.6999 -18.0865 84.9607 -1.81467 180.417
13.9565 -29.2928 82.6501 2.0715 176.191
13.6313 -54.0859 81.7957 4.95147 172.374
12.9296 -99.0859 74.2492 -13.6691 189.381
11.646 -115.46 71.6246 -14.151 184.186
11.3837 -114.23 70.8465 -13.6531 182.452
9.50897 -104.094 70.2347 -7.53287 183.853
7.75389 -97.5249 70.1581 -6.55938 183.754
6.57693 -102.429 69.0566 2.55149 199.303
2.69733 -106.025 61.8971 25.6014 211.465
0.660235 -108.036 57.9981 33.128 217.148
-0.438504 -106.411 61.9094 31.5479 215.205
-0.272633 -102.327 70.128 17.4991 202.007
1.65174 -100.398 72.69 2.81282 199.712
0.129759 -101.935 69.7192 14.4189 204.831
0.28701 -107.247 65.6946 36.7155 220.546
0.0897809 -102.382 64.2051 27.4018 211.578
3.23363 -96.9343 70.7228 9.68826 202.735
3.21997 -95.8866 71.757 1.51608 195.628
2.5039 -95.2687 71.6556 0.858453 193.343
1.97135 -94.9414 71.8026 1.84967 192.816
3.2644 -98.596 71.6105 4.28398 197.462
3.04276 -99.8045 68.5135 14.7461 204.082
2.03786 -105.806 58.7069 31.0137 212.876
0.539888 -102.367 63.1047 27.2935 210.147
2.45589 -92.5899 74.798 -7.02105 183.72
-1.40376 -85.3571 72.3665 0.321529 179.099
-2.92611 -62.6534 64.6789 5.57563 178.604
-3.53723 -67.6217 66.2206 8.72735 181.685
-2.57273 -89.3187 71.2101 10.0357 187.529
-3.42885 -96.6107 75.2088 10.1942 187.945
-3.17803 -94.4297 71.7961 9.10348 185.84
-3.03103 -92.1017 70.9764 8.90388 185.144
-3.111 -91.7067 70.6593 10.2716 186.438
-3.05125 -92.439 70.3929 18.1106 192.426
-1.21404 -99.3492 61.3036 32.5471 208.039
-0.871097 -107.968 51.1911 36.8704 217.61
-2.13391 -99.0812 68.0736 21.6374 206.113
-2.19979 -92.8046 73.3633 7.69281 199.505
-3.29417 -93.2325 73.6525 14.1652 197.22
-2.73271 -98.4985 64.3992 32.2268 208.086
-4.03568 -103.744 54.0513 39.2121 216.181
-4.75662 -93.5364 66.2056 24.4998 196.716
5.58936 -87.935 73.0739 -6.28595 184.268
17.7953 -84.5526 79.8714 -23.9493 179.032
11.6866 -87.6007 74.96 -14.5503 185.692
8.29765 -99.8077 77.9898 -13.1889 190.896
7.92098 -101.508 74.8904 -8.46549 189.056
8.21673 -101.035 75.2297 -5.9797 189.423
8.12641 -102.491 75.9045 -3.83414 193.377
9.19628 -101.175 75.8544 -0.182938 196.484
11.5938 -99.9051 75.3312 -4.45674 203.313
14.5823 -99.1657 73.0217 -9.92532 205.284
14.4457 -99.6319 74.4299 -10.5476 205.209
13.8148 -101.132 77.2328 -11.3581 201.494
14.6859 -103.427 79.983 -13.6916 193.202
18.5024 -108.27 85.7412 -22.9483 192.673
21.5857 -112.898 86.0159 -26.6126 180.78
20.4118 -114.736 84.0385 -27.7786 212.897
18.3433 -111.775 74.3579 -22.4921 221.429
17.509 -108.336 68.5329 -9.62275 221.359
16.415 -108.188 66.038 -10.7788 225.979
16.212 -106.394 81.2236 -19.1664 184.207
16.2843 -106.009 80.2204 -16.6762 172.658
13.7029 -110.298 75.311 -15.7281 197.908
12.2801 -110.147 79.2409 -13.9917 170.284
12.6638 -109.886 77.4306 -14.1985 161.33
12.5258 -111.319 76.8739 -15.3693 162.938
11.8618 -111.8 77.5801 -16.1411 166.466
11.5446 -110.949 77.3494 -9.99374 173.476
11.5557 -109.064 74.3795 -3.31782 180.34
11.5564 -108.519 72.0743 3.96835 184.209
11.0987 -108.666 71.349 8.31008 186.65
10.6621 -108.521 70.3447 11.9983 187.987
10.1773 -108.89 69.7376 15.1335 189.114
9.43987 -109.232 68.9653 19.1559 190.538
8.57309 -109.817 67.9874 21.7608 192.256
7.86728 -110.596 67.262 23.5694 193.405
7.32011 -110.654 66.9966 24.4012 193.961
7.27871 -110.776 67.0335 24.3433 193.844
7.03812 -110.888 67.1298 24.1257 193.827
7.01457 -109.571 68.9552 21.6239 190.742
7.96506 -107.794 72.1239 9.58627 184.187
9.27348 -108.88 74.745 -3.5458 178.515
9.12828 -108.949 75.9695 -6.407 168.639
9.63013 -108.571 76.4144 -7.24814 162.128
10.6174 -107.664 75.9239 -10.0616 158.96
11.2658 -107.276 74.4122 -11.7279 156.481
11.8657 -105.718 72.2092 -15.5509 153.624
12.5029 -105.668 70.5443 -17.9526 153.111
12.7285 -104.951 69.5377 -19.6766 152.177
12.4479 -104.33 69.0766 -19.8051 151.469
11.6437 -106.112 72.6165 -20.9241 160.129
8.05289 -101.053 66.8673 -9.0049 155.059
8.80727 -106.848 70.593 -15.2992 161.123
9.1 -106.994 70.4227 -17.1588 158.794
8.75868 -106.292 70.3855 -16.4392 158.149
8.66823 -106.406 70.3104 -15.9105 157.813
8.68859 -106.207 70.4784 -15.6468 157.992
8.64477 -106.339 70.3623 -15.5381 158.037
10.3061 -105.663 70.8274 -16.9788 157.545
12.7473 -105.454 68.5459 -17.4648 158.081
10.6288 -109.242 73.4821 -14.7565 172.4
7.64615 -108.731 71.2229 1.32198 187.179
6.67598 -107.759 66.5444 11.4422 197.211
4.1943 -108.027 57.6701 21.6221 204.887
3.4668 -109.15 45.4522 25.644 211.442
2.8638 -109.533 31.3034 29.5135 214.92
2.4564 -109.591 26.8451 30.0662 215.716
6.15156 -105.004 71.7603 15.7228 198.26
9.18614 -106.805 72.4792 -1.84105 182.295
8.55646 -105.565 72.3702 -2.42951 182.311
8.76024 -104.671 73.8558 -0.190491 179.225
8.39095 -104.436 71.7927 8.26102 184.631
9.25406 -104.357 69.8341 15.5558 188.608
8.68369 -106.642 69.4565 23.2975 190.075
7.97286 -109.213 69.7037 31.5492 192.528
6.14201 -111.946 69.033 37.4012 194.649
4.84501 -113.548 68.3912 40.3427 196.024
5.29565 -110.116 69.2589 33.7154 193.306
7.86239 -106.038 71.764 12.1758 184.785
8.45417 -105.486 75.3214 2.55768 173.231
9.31948 -102.507 74.7032 0.868727 157.805
10.2861 -100.804 71.4214 -2.64099 152.415
12.3435 -100.363 69.1477 -8.91092 150.826
13.4384 -100.257 67.473 -14.4044 147.711
13.703 -99.489 66.854 -17.96 140.359
13.3177 -99.9968 65.1364 -24.135 138.807
12.6857 -97.6662 63.0019 -27.0174 136.985
12.0372 -98.3681 63.453 -27.0175 137.047
11.2266 -99.1826 65.3718 -23.4022 138.874
10.699 -96.9983 67.3721 -11.2753 148.817
6.55044 -106.941 74.8555 -3.5323 169.301
6.59463 -106.19 73.3716 -4.86257 174.012
7.99419 -103.365 73.528 -6.41005 171.285
7.34159 -102.329 73.5654 -4.92825 166.068
8.10736 -103.481 73.8057 -6.76307 163.945
9.18519 -103.384 73.7568 -8.78542 164.275
8.89667 -104.111 73.494 -8.75785 163.783
9.2454 -103.905 73.4908 -9.12794 164.132
9.73614 -104.02 73.5447 -9.54261 164.232
10.4998 -103.839 73.8839 -10.3511 164.718
10.1537 -101.812 74.0564 -10.3185 164.157
10.1165 -101.422 74.4103 -10.496 163.848
10.5069 -97.0387 75.7312 -10.1455 163.585
10.5161 -89.7162 75.1754 -9.46988 162.946
10.5799 -78.0908 73.4902 -7.69051 162.907
11.4244 -70.094 72.9695 -7.3206 161.826
12.8543 -65.876 72.8428 -8.11806 161.232
13.5685 -64.6996 72.623 -9.32586 161.736
13.0767 -72.8669 74.4621 -8.34795 161.698
12.6567 -86.16 77.7615 -9.01314 161.897
11.8383 -99.6781 80.3861 -8.75103 161.276
11.6585 -114.122 89.9568 -8.99249 161.469
11.9268 -123.096 94.2153 -9.57848 161.752
11.3541 -124.061 92.9562 -8.84329 162.616
10.5875 -121.174 91.9404 -7.79283 163.191
9.80908 -116.816 89.2842 -7.11445 164.184
9.5001 -115.388 88.2819 -6.36046 164.053
9.57173 -114.993 88.4973 -6.23519 164.045
8.89203 -104.842 86.3422 -4.35252 163.554
6.82848 -87.6291 85.4027 2.38185 162.496
6.54076 -78 84.4713 6.25326 161.688
6.52085 -72.769 84.1332 7.74707 161.262
6.52086 -70.9071 84.149 8.46364 161.067
6.41042 -70.2897 84.0865 8.71514 161.055
6.24597 -70.7035 84.0963 8.33323 161.181
6.33634 -77.2422 85.1553 6.01204 161.991
8.27296 -97.081 87.8102 -2.18404 165.768
10.1871 -119.88 93.4561 -8.03143 166.697
11.5833 -140.778 97.6843 -10.6092 168.656
13.379 -153.144 103.628 -13.7999 169.302
14.4696 -160.856 104.795 -15.8818 169.489
14.3778 -167.381 103.209 -15.1796 169.012
13.6919 -163.841 103.77 -14.7895 169.022
11.6012 -143.134 98.3729 -11.9891 171.081
7.42062 -114.475 94.3562 -3.56317 171.413
3.73809 -91.4183 94.5191 6.47338 169.353
3.35455 -78.3907 93.1263 10.9035 167.663
3.4571 -73.7288 92.6261 11.2688 166.858
3.44681 -74.0015 93.0034 11.7105 166.841
4.77861 -79.7945 92.9916 8.22049 167.265
6.34427 -95.6424 88.7361 0.325189 169.127
8.79187 -123.897 89.4702 -6.51084 170.397
10.0795 -144.757 96.8377 -8.05652 169.805
9.82067 -142.722 97.5477 -8.05134 170.466
6.63621 -124.601 94.82 -2.46119 168.941
4.44581 -111.602 91.3973 1.08584 166.547
3.7501 -108.535 89.8935 0.737842 170.803
2.70118 -107.57 88.8488 0.223869 172.07
2.21693 -107.415 90.0204 -1.39951 170.345
1.61566 -105.838 90.0113 -1.89232 170.128
0.921953 -104.96 89.9897 -1.27652 169.626
0.606919 -104.93 89.8085 -0.135764 168.714
-0.426971 -104.802 89.5978 0.888375 168.633
-0.703386 -104.233 89.3496 1.22786 168.787
-0.286317 -103.514 89.0849 1.12205 168.924
-0.146863 -102.591 89.1293 1.08513 168.721
0.0465501 -102.112 89.3386 0.326543 168.772
0.213234 -101.052 89.453 -0.359671 168.838
-0.0454455 -100.507 89.5243 -0.284598 168.679
-0.111017 -100.445 89.5795 -0.0434753 168.455
-0.655765 -101.9 89.9122 1.96116 167.522
-0.579781 -101.356 89.6948 2.45462 167.847
-0.905143 -101.069 90.239 2.74376 176.058
-1.47177 -101.595 90.9256 2.98182 197.308
-2.04623 -101.259 87.8728 4.76033 210.511
-2.09261 -100.575 86.6389 4.85309 214.915
-1.9325 -100.181 86.0432 4.56728 214.99
0.34468 -100.689 83.7004 2.51395 213.936
2.51946 -103.156 84.1601 0.325845 208.318
4.94948 -105.232 80.5905 -4.08534 198.012
5.62708 -104.129 83.5415 -2.48131 172.63
6.32503 -103.937 85.1883 -2.85648 156.836
6.73986 -104.245 84.9269 -3.02298 152.303
7.68146 -104.551 82.4778 -3.84551 141.927
9.17956 -105.109 81.0543 -5.04691 127.269
11.0887 -106.179 75.6705 -6.59471 111.227
12.925 -106.24 71.8317 -10.3649 107.864
14.1759 -105.651 65.9184 -13.8498 107.604
14.2622 -105.725 65.0072 -14.2033 107.275
14.2719 -105.854 63.4948 -13.927 106.953
14.2112 -106.017 64.2996 -13.7337 107.104
13.5749 -105.958 79.4047 -12.8041 112.655
12.8101 -105.725 84.6253 -11.8855 130.181
11.7876 -105.311 89.0332 -9.47441 149.5
9.59011 -104.59 90.3225 -9.40449 187.887
6.3127 -101.52 81.1145 -4.47009 226.614
3.20484 -100.417 69.9731 3.88774 235.374
1.55327 -99.8027 66.8555 8.15976 235.889
1.29974 -99.3647 66.9005 8.35582 235.77
1.64121 -98.8353 71.2121 7.77737 231.978
2.40176 -98.7962 74.5512 6.29274 226.228
5.15504 -99.5135 81.9466 -1.03794 207.421
5.98531 -101.028 86.1868 -3.21799 175.921
6.6668 -102.291 86.3223 -3.00114 161.521
6.81534 -102.909 87.7362 -2.84378 158.104
6.44658 -103.339 89.1946 -2.4265 157.977
6.11322 -103.233 89.3053 -2.26554 158.058
5.67458 -103.502 89.6946 -1.68387 157.308
6.02296 -103.425 89.9808 -2.1828 157.51
5.84587 -103.237 89.9818 -1.68944 157.736
5.46737 -102.946 90.054 -0.971901 157.984
5.4465 -102.888 90.4232 -0.999578 158.61
5.61556 -102.441 90.5098 -1.67489 159.141
5.66057 -102.439 90.6256 -1.9094 159.467
5.61221 -102.692 90.7077 -1.65023 159.575
5.71413 -102.909 91.149 -1.62384 159.649
5.50904 -103.007 90.9901 -1.24491 159.745
5.42105 -102.515 91.199 -1.16834 159.75
5.41485 -102.822 91.3919 -1.50232 159.802
5.37327 -102.605 91.4022 -1.9375 159.993
5.39745 -102.278 91.7198 -2.06562 160.396
5.30996 -101.695 92.075 -1.6196 160.448
5.02158 -101.156 91.8673 -1.37555 159.881
4.96204 -101.388 92.3359 -1.10926 159.877
5.1323 -100.796 93.1031 -1.24204 161.089
5.13441 -100.446 93.8494 -2.20202 163.846
4.88185 -99.3592 93.8322 -2.493 166.798
4.03873 -99.5416 92.3895 -0.726436 194.767
2.52369 -100.539 92.756 5.82567 214.698
1.68213 -101.014 93.4707 9.31929 222.25
0.865111 -101.679 93.1894 11.1484 224.07
0.777403 -101.838 95.7057 11.725 224.52
1.57141 -101.919 94.2073 10.3299 217.267
4.30524 -101.621 94.3805 5.63603 182.365
5.82513 -102.79 96.799 4.78616 140.233
8.05114 -102.841 91.6088 1.19253 124.525
7.84432 -102.839 92.3196 1.51415 124.877
7.84301 -102.939 92.844 1.48798 124.968
7.70993 -102.623 93.4154 1.36907 124.347
7.33571 -102.509 93.3678 2.08373 129.38
6.88554 -102.593 90.3983 2.43765 147.917
3.93511 -99.0746 83.6448 5.40265 192.917
3.83769 -99.1397 83.8016 5.70094 221.037
