4
-6.22661 86.8855 -86.643 180.293 86.8975
-6.92159 86.5379 -86.2708 180.326 86.5513
-7.64455 86.1764 -85.8829 180.354 86.1905
-8.27315 85.8624 -85.5598 180.373 85.8766
-8.9363 85.5307 -85.2043 180.402 85.546
-9.60406 85.1967 -84.8552 180.436 85.2137
-10.115 84.9411 -84.5893 180.462 84.9595
-10.7937 84.6017 -84.2383 180.491 84.6214
-11.3657 84.3156 -83.9251 180.517 84.3362
-11.9598 84.0186 -83.6123 180.54 84.0398
-12.5698 83.7134 -83.2886 180.572 83.7362
-13.1646 83.4159 -82.9768 180.599 83.4399
-13.7352 83.1307 -82.6826 180.622 83.1554
-14.3217 82.8374 -82.3691 180.644 82.8626
-14.826 82.5853 -82.1072 180.665 82.6113
-15.4543 82.271 -81.7733 180.695 82.2983
-15.9231 82.0365 -81.518 180.714 82.0643
-16.4598 81.7681 -81.232 180.741 81.797
-16.9979 81.4991 -80.9512 180.761 81.5286
-17.5212 81.2373 -80.6682 180.785 81.2676
-18.0475 80.9742 -80.4052 180.808 81.0055
-18.568 80.7139 -80.1336 180.83 80.7461
-19.0581 80.4687 -79.8731 180.853 80.5018
-19.455 80.2705 -79.6703 180.862 80.3034
-19.9617 80.017 -79.3943 180.885 80.0506
-20.4303 79.7828 -79.1446 180.898 79.8162
-20.893 79.5514 -78.9033 180.921 79.5859
-21.3022 79.3468 -78.6991 180.937 79.3819
-21.7412 79.1273 -78.4617 180.953 79.1627
-22.17 78.9129 -78.2318 180.97 78.9485
-22.6548 78.6704 -77.9773 180.99 78.7068
-23.0263 78.4846 -77.7778 181.005 78.5213
-23.435 78.2804 -77.5665 181.018 78.3173
-23.8035 78.0961 -77.3696 181.033 78.1333
-24.1946 77.9004 -77.163 181.053 77.9385
-24.6436 77.6759 -76.9243 181.07 77.7143
-25.0169 77.4893 -76.7313 181.083 77.528
-25.3604 77.3176 -76.5503 181.094 77.3563
-25.7637 77.1159 -76.3352 181.109 77.155
-26.1492 76.9231 -76.1367 181.129 76.9631
-26.5668 76.7143 -75.9193 181.144 76.7547
-26.9088 76.5433 -75.7449 181.157 76.584
-27.3082 76.3433 -75.5228 181.182 76.3853
-27.6412 76.1768 -75.3485 181.194 76.2189
-28.0017 75.9964 -75.1609 181.213 76.0395
-28.3102 75.8422 -75.0166 181.228 75.8862
-28.6267 75.684 -74.8526 181.237 75.728
-28.8736 75.5607 -74.7279 181.242 75.6045
-29.2266 75.3841 -74.5439 181.262 75.4289
-29.5486 75.2233 -74.3772 181.263 75.2672
-29.9352 75.0298 -74.1673 181.283 75.0744
-30.2268 74.8841 -74.0184 181.292 74.9288
-30.5238 74.7354 -73.8609 181.309 74.781
-30.831 74.5818 -73.6948 181.32 74.6274
-31.1024 74.4462 -73.5562 181.328 74.4918
-31.4115 74.2916 -73.3969 181.34 74.3376
-31.6704 74.1621 -73.2505 181.347 74.2078
-31.9337 74.0304 -73.1042 181.358 74.0763
-32.2302 73.8822 -72.9483 181.367 73.928
-32.5226 73.736 -72.8019 181.377 73.7821
-32.8434 73.5759 -72.6298 181.377 73.6208
-33.089 73.4531 -72.511 181.386 73.4984
-33.3724 73.3114 -72.3637 181.396 73.3568
-33.6516 73.1719 -72.2138 181.402 73.2169
-33.8812 73.057 -72.0939 181.413 73.1025
-34.1074 72.9439 -71.9733 181.419 72.9892
-34.3516 72.8217 -71.8365 181.429 72.8672
-34.5917 72.7019 -71.7193 181.429 72.7467
-34.8554 72.5702 -71.585 181.432 72.6146
-35.0961 72.45 -71.4559 181.435 72.4938
-35.3189 72.3384 -71.3376 181.448 72.3829
-35.5583 72.2187 -71.2207 181.46 72.2638
-35.7291 72.1334 -71.1306 181.462 72.1782
-36.0142 71.9908 -70.9834 181.473 72.0359
-36.2351 71.8804 -70.8698 181.48 71.9255
-36.4983 71.7485 -70.7251 181.499 71.7946
-36.7143 71.6404 -70.5995 181.511 71.6868
-36.9376 71.5286 -70.481 181.523 71.5754
-37.1667 71.4142 -70.3686 181.525 71.4607
-37.3976 71.2988 -70.2545 181.531 71.3453
-37.6416 71.177 -70.1216 181.531 71.2226
-37.849 71.0733 -70.0196 181.538 71.1191
-38.0693 70.9633 -69.9004 181.539 71.0084
-38.272 70.8617 -69.777 181.548 70.9068
-38.4753 70.76 -69.6562 181.552 70.8046
-38.6617 70.667 -69.5491 181.548 70.7104
-38.9398 70.5281 -69.4034 181.548 70.5707
-39.0734 70.4612 -69.3247 181.555 70.5039
-39.3041 70.3458 -69.1877 181.559 70.3878
-39.4743 70.2607 -69.0846 181.56 70.302
-39.6816 70.1572 -68.971 181.559 70.1977
-39.8874 70.0542 -68.8545 181.564 70.0945
-40.0744 69.9607 -68.7416 181.567 70.0003
-40.2761 69.8598 -68.6402 181.577 69.8999
-40.508 69.744 -68.5224 181.576 69.7833
-40.7068 69.6446 -68.4104 181.58 69.6836
-40.9245 69.5358 -68.2908 181.582 69.5742
-41.0994 69.4485 -68.1844 181.574 69.4854
-41.3236 69.3366 -68.0559 181.569 69.3721
-41.5043 69.2463 -67.9512 181.568 69.281
-41.6653 69.1657 -67.8628 181.577 69.2006
-41.8482 69.0741 -67.7536 181.583 69.1088
-42.0372 68.9798 -67.6589 181.581 69.0138
-42.2252 68.8856 -67.5361 181.587 68.9192
-42.4273 68.7847 -67.425 181.585 68.8173
-42.5667 68.7149 -67.3372 181.587 68.7471
-42.7088 68.644 -67.2569 181.587 68.6756
-42.8789 68.5587 -67.1688 181.601 68.5911
-43.0451 68.4757 -67.0898 181.604 68.5081
-43.2494 68.3735 -66.9808 181.612 68.4059
-43.3965 68.3 -66.9147 181.616 68.3326
-43.5579 68.2195 -66.844 181.615 68.2519
-43.6705 68.1631 -66.7866 181.625 68.1961
-43.826 68.0853 -66.7007 181.631 68.1183
-43.9442 68.0261 -66.6402 181.64 68.0596
-44.0927 67.9519 -66.549 181.638 67.9844
-44.2477 67.8746 -66.4661 181.632 67.9062
-44.403 67.797 -66.3839 181.631 67.828
-44.5666 67.7152 -66.286 181.632 67.7456
-44.7486 67.6244 -66.1865 181.626 67.6537
-44.8982 67.5495 -66.1141 181.636 67.5794
-45.0286 67.4843 -66.0397 181.639 67.5139
-45.1856 67.4059 -65.9611 181.638 67.4351
-45.3522 67.3225 -65.8792 181.651 67.3524
-45.4837 67.2569 -65.8137 181.651 67.2865
-45.597 67.2003 -65.7669 181.653 67.2301
-45.7416 67.128 -65.6967 181.66 67.1581
-45.9104 67.0436 -65.6017 181.66 67.0731
-46.0327 66.9824 -65.5375 181.667 67.0122
-46.1844 66.9063 -65.4579 181.684 66.9371
-46.3019 66.8477 -65.4139 181.688 66.8788
-46.3969 66.8002 -65.3751 181.693 66.8318
-46.5263 66.7355 -65.3182 181.7 66.7676
-46.671 66.6633 -65.2479 181.695 66.6947
-46.821 66.5884 -65.1662 181.699 66.6195
-46.931 66.5335 -65.1203 181.699 66.5646
-47.0787 66.4595 -65.0476 181.712 66.4915
-47.2139 66.3918 -64.9821 181.721 66.4243
-47.3199 66.3389 -64.9367 181.723 66.3715
-47.4137 66.292 -64.8867 181.723 66.3243
-47.56 66.2189 -64.805 181.725 66.2509
-47.6948 66.1515 -64.7354 181.729 66.1834
-47.8353 66.0813 -64.6601 181.728 66.1127
-47.9319 66.0331 -64.6245 181.731 66.0649
-48.02 65.9889 -64.5657 181.739 66.0207
-48.1181 65.9398 -64.5019 181.738 65.9711
-48.2258 65.8861 -64.4518 181.736 65.917
-48.3195 65.8393 -64.4049 181.737 65.8701
-48.4209 65.7886 -64.3481 181.736 65.8189
-48.5221 65.738 -64.2901 181.736 65.768
-48.6122 65.6931 -64.2489 181.735 65.7228
-48.6964 65.6509 -64.1961 181.739 65.6806
-48.817 65.5904 -64.1295 181.748 65.6205
-48.8889 65.5546 -64.0935 181.745 65.5842
-48.9896 65.5045 -64.0567 181.741 65.5339
-49.0662 65.4662 -64.0199 181.745 65.4957
-49.1539 65.4222 -63.9662 181.752 65.4519
-49.2685 65.3648 -63.8916 181.753 65.394
-49.358 65.3201 -63.8541 181.758 65.3496
-49.4245 65.2868 -63.8196 181.765 65.3167
-49.5332 65.2322 -63.7497 181.773 65.2622
-49.6436 65.1769 -63.6924 181.785 65.2075
-49.7268 65.1356 -63.6639 181.777 65.1657
-49.8184 65.0896 -63.6132 181.784 65.12
-49.9193 65.0391 -63.5638 181.791 65.0699
-50.009 64.9942 -63.5153 181.796 65.0251
-50.0904 64.9534 -63.4713 181.801 64.9845
-50.1625 64.9175 -63.4506 181.803 64.949
-50.2716 64.8629 -63.3979 181.808 64.8946
-50.3097 64.8438 -63.3787 181.814 64.8759
-50.4068 64.795 -63.3226 181.826 64.8277
-50.479 64.7592 -63.2903 181.819 64.7911
-50.5714 64.713 -63.2347 181.817 64.7444
-50.6503 64.6737 -63.2037 181.812 64.7048
-50.7262 64.6358 -63.1566 181.811 64.6663
-50.7999 64.5989 -63.1254 181.818 64.63
-50.8822 64.5577 -63.0812 181.821 64.5888
-50.975 64.5114 -63.032 181.818 64.542
-51.0573 64.4702 -62.9867 181.822 64.5008
-51.1536 64.422 -62.9408 181.828 64.453
-51.2253 64.3862 -62.9005 181.829 64.4169
-51.3168 64.3406 -62.8582 181.823 64.3708
-51.3802 64.3089 -62.8152 181.823 64.3386
-51.4775 64.2599 -62.7434 181.837 64.2899
-51.5382 64.2296 -62.7127 181.832 64.2592
-51.6371 64.1803 -62.6651 181.832 64.2096
-51.7263 64.1356 -62.6153 181.837 64.165
-51.8231 64.0873 -62.5681 181.836 64.1165
-51.8917 64.0527 -62.5328 181.851 64.083
-51.9399 64.0287 -62.5108 181.849 64.0588
-52.0009 63.9984 -62.4889 181.844 64.0281
-52.0893 63.9541 -62.4353 181.847 63.9837
-52.1809 63.9083 -62.3955 181.855 63.9384
-52.287 63.8553 -62.3461 181.855 63.8853
-52.3608 63.8182 -62.3058 181.868 63.849
-52.4288 63.7844 -62.2791 181.865 63.815
-52.4865 63.7556 -62.2517 181.865 63.786
-52.5663 63.7155 -62.2014 181.869 63.7459
-52.6315 63.6831 -62.1589 181.86 63.7123
-52.7089 63.6445 -62.1111 181.855 63.673
-52.7765 63.6107 -62.0781 181.854 63.639
-52.8564 63.5709 -62.0366 181.846 63.5984
-52.9287 63.5351 -62.0063 181.837 63.5617
-53.0098 63.4942 -61.9506 181.848 63.5212
-53.0736 63.4626 -61.9264 181.836 63.4888
-53.1548 63.422 -61.8742 181.836 63.4477
-53.1969 63.4008 -61.8557 181.848 63.4274
-53.2681 63.3652 -61.8184 181.85 63.3917
-53.3289 63.335 -61.7892 181.841 63.3607
-53.3885 63.3052 -61.7536 181.84 63.3306
-53.4516 63.2736 -61.73 181.845 63.2995
-53.5279 63.2354 -61.6864 181.85 63.2614
-53.5823 63.2083 -61.6573 181.847 63.2338
-53.6527 63.1729 -61.615 181.858 63.199
-53.7204 63.1391 -61.5976 181.861 63.1657
-53.784 63.1074 -61.5604 181.859 63.1335
-53.8288 63.0851 -61.5416 181.856 63.111
-53.8804 63.0592 -61.5077 181.859 63.085
-53.9547 63.0219 -61.4753 181.87 63.0486
-54.0111 62.9938 -61.4494 181.869 63.0203
-54.0493 62.9746 -61.4341 181.876 63.0017
-54.1119 62.9433 -61.3948 181.876 62.97
-54.1388 62.9299 -61.3829 181.874 62.9565
-54.2208 62.8889 -61.3379 181.873 62.9152
-54.2847 62.8572 -61.3127 181.863 62.8828
-54.3626 62.8182 -61.2676 181.872 62.844
-54.3845 62.8072 -61.2497 181.871 62.8328
-54.4376 62.7807 -61.2239 181.87 62.806
-54.5056 62.7466 -61.192 181.879 62.7726
-54.5698 62.7145 -61.1678 181.885 62.741
-54.6085 62.6953 -61.154 181.88 62.7214
-54.629 62.685 -61.142 181.881 62.7112
-54.6877 62.6556 -61.1149 181.889 62.6823
-54.7389 62.6298 -61.0936 181.905 62.6577
-54.8155 62.5915 -61.0599 181.905 62.6194
-54.8898 62.5543 -61.0241 181.909 62.5824
-54.9476 62.5254 -61.0012 181.918 62.5542
-55.0223 62.4881 -60.9683 181.918 62.5169
-55.0504 62.4739 -60.9516 181.926 62.5032
-55.1089 62.4449 -60.9384 181.918 62.4739
-55.1695 62.4148 -60.9216 181.917 62.4439
-55.2277 62.3858 -60.8971 181.915 62.4147
-55.2747 62.3622 -60.8796 181.926 62.392
-55.3281 62.3355 -60.8632 181.933 62.366
-55.384 62.3074 -60.8301 181.94 62.3382
-55.4447 62.2771 -60.8014 181.94 62.3078
-55.4838 62.2576 -60.7858 181.939 62.2882
-55.5693 62.215 -60.7434 181.933 62.245
-55.623 62.1882 -60.7104 181.931 62.2177
-55.6885 62.1555 -60.6809 181.93 62.1849
-55.6988 62.1504 -60.6667 181.921 62.1789
-55.7433 62.1282 -60.6378 181.922 62.1565
-55.7854 62.1069 -60.6073 181.929 62.1354
-55.8428 62.0783 -60.5781 181.927 62.1065
-55.8913 62.054 -60.5492 181.931 62.0823
-55.9291 62.0353 -60.5433 181.922 62.0632
-55.9616 62.0193 -60.5302 181.913 62.0465
-56.0298 61.9851 -60.4954 181.92 62.0127
-56.0934 61.9534 -60.4665 181.92 61.9809
-56.126 61.9371 -60.4527 181.919 61.9645
-56.1691 61.9154 -60.4167 181.923 61.9427
-56.2126 61.8938 -60.3912 181.918 61.9204
-56.2456 61.8773 -60.382 181.92 61.9043
-56.2879 61.8562 -60.3533 181.915 61.8826
-56.3469 61.8269 -60.3256 181.905 61.8524
-56.3708 61.815 -60.3101 181.902 61.8401
-56.4448 61.778 -60.2713 181.902 61.803
-56.4847 61.7583 -60.2552 181.891 61.7824
-56.5468 61.7274 -60.2224 181.884 61.7508
-56.5881 61.7067 -60.202 181.885 61.7302
-56.6236 61.689 -60.1783 181.884 61.7121
-56.6641 61.6687 -60.1551 181.883 61.6917
-56.7146 61.6435 -60.1214 181.878 61.6658
-56.7777 61.6118 -60.0832 181.886 61.6344
-56.8086 61.5964 -60.0803 181.892 61.6197
-56.8443 61.5786 -60.0624 181.89 61.6016
-56.8881 61.5566 -60.0371 181.893 61.5797
-56.9454 61.5278 -59.9932 181.899 61.5508
-56.9833 61.509 -59.964 181.891 61.5311
-57.0162 61.4925 -59.9555 181.898 61.5152
-57.0708 61.465 -59.9311 181.906 61.4884
-57.0912 61.455 -59.933 181.907 61.4786
-57.1173 61.4419 -59.9285 181.912 61.466
-57.1405 61.4303 -59.9211 181.913 61.4546
-57.1769 61.412 -59.9018 181.92 61.4367
-57.1894 61.4059 -59.8957 181.913 61.4301
-57.231 61.385 -59.8788 181.92 61.4097
-57.2996 61.3508 -59.845 181.92 61.3754
-57.3377 61.3318 -59.8333 181.921 61.3565
-57.3765 61.3123 -59.8064 181.921 61.3368
-57.413 61.2941 -59.7834 181.921 61.3183
-57.4531 61.2741 -59.7631 181.918 61.2981
-57.5015 61.2499 -59.7417 181.919 61.274
-57.5424 61.2294 -59.7104 181.921 61.2532
-57.5653 61.218 -59.6989 181.917 61.2415
-57.5825 61.2094 -59.6903 181.919 61.233
-57.6248 61.1881 -59.6568 181.92 61.2114
-57.6594 61.1711 -59.6344 181.906 61.1932
-57.7028 61.1495 -59.6043 181.897 61.1706
-57.7108 61.1453 -59.5849 181.899 61.1662
-57.7585 61.1215 -59.564 181.9 61.1424
-57.7987 61.1015 -59.5408 181.897 61.122
-57.8417 61.08 -59.5227 181.898 61.1006
-57.8755 61.0631 -59.5126 181.904 61.0842
-57.9089 61.0462 -59.4963 181.914 61.068
-57.9495 61.026 -59.4762 181.911 61.0475
-57.961 61.0203 -59.4634 181.902 61.041
-57.9933 61.0043 -59.4575 181.9 61.025
-58.0018 61.0002 -59.4672 181.894 61.0208
-58.0295 60.9865 -59.4481 181.886 61.0064
-58.0502 60.9762 -59.4325 181.883 60.9957
-58.0812 60.9607 -59.4229 181.887 60.9805
-58.121 60.9407 -59.3968 181.888 60.9604
-58.1561 60.9232 -59.3763 181.888 60.9427
-58.1887 60.9067 -59.3506 181.896 60.9265
-58.227 60.8877 -59.3317 181.888 60.9069
-58.2901 60.856 -59.288 181.892 60.875
-58.3217 60.84 -59.2605 181.9 60.8593
-58.3557 60.823 -59.2395 181.905 60.8424
-58.3905 60.8056 -59.2178 181.903 60.8247
-58.4224 60.7895 -59.2077 181.91 60.8093
-58.4697 60.766 -59.1925 181.91 60.7858
-58.4946 60.7535 -59.18 181.912 60.7735
-58.5564 60.7227 -59.151 181.912 60.7425
-58.5975 60.702 -59.1178 181.918 60.7218
-58.6359 60.6828 -59.105 181.92 60.7029
-58.6601 60.6708 -59.0998 181.918 60.6909
-58.7089 60.6462 -59.066 181.924 60.6664
-58.7328 60.6342 -59.0522 181.926 60.6544
-58.7881 60.6068 -59.0264 181.914 60.6261
-58.807 60.597 -58.9976 181.926 60.6167
-58.8217 60.5897 -58.9812 181.924 60.6089
-58.8423 60.5794 -58.9632 181.923 60.5983
-58.8546 60.5732 -58.9569 181.926 60.5922
-58.8866 60.5571 -58.938 181.931 60.5764
-58.8992 60.551 -58.9342 181.92 60.5695
-58.9382 60.5315 -58.9216 181.922 60.5503
-58.9523 60.5245 -58.9171 181.92 60.5433
-58.9722 60.5145 -58.9069 181.926 60.5336
-58.9909 60.505 -58.8951 181.932 60.5244
-59.0114 60.4949 -58.8857 181.93 60.5141
-59.0013 60.5 -58.9043 181.929 60.5195
-59.029 60.4859 -58.8783 181.938 60.5057
-59.0597 60.4706 -58.8705 181.939 60.4907
-59.0911 60.4548 -58.8521 181.946 60.4752
-59.127 60.4371 -58.8477 181.938 60.4572
-59.1451 60.4281 -58.8378 181.933 60.4478
-59.1719 60.4148 -58.8134 181.929 60.4338
-59.1828 60.4094 -58.8123 181.925 60.4282
-59.2177 60.392 -58.7909 181.92 60.4103
-59.2166 60.3925 -58.8012 181.928 60.4117
-59.2168 60.3925 -58.8121 181.926 60.4118
-59.2541 60.3739 -58.7807 181.92 60.3924
-59.2634 60.3694 -58.7873 181.914 60.3878
-59.3006 60.3509 -58.7703 181.913 60.3691
-59.3145 60.3439 -58.753 181.909 60.3616
-59.3536 60.3243 -58.7258 181.911 60.3418
-59.3887 60.3069 -58.7073 181.9 60.3236
-59.4098 60.2966 -58.7097 181.89 60.3129
-59.4399 60.2817 -58.6858 181.88 60.297
-59.4454 60.2789 -58.6815 181.882 60.2943
-59.4955 60.254 -58.6609 181.874 60.2689
-59.5243 60.2395 -58.6393 181.878 60.2544
-59.5487 60.2272 -58.6172 181.881 60.242
-59.5731 60.215 -58.6068 181.887 60.2302
-59.5914 60.2058 -58.6044 181.894 60.2216
-59.6093 60.1967 -58.5912 181.901 60.2129
-59.6251 60.1889 -58.5917 181.898 60.205
-59.6336 60.1848 -58.5896 181.888 60.2003
-59.6574 60.1729 -58.5794 181.891 60.1886
-59.7113 60.1459 -58.5475 181.896 60.1617
-59.7333 60.1347 -58.5288 181.901 60.1507
-59.7726 60.1149 -58.5118 181.912 60.1316
-59.8189 60.0918 -58.4778 181.911 60.108
-59.8308 60.0858 -58.4749 181.91 60.102
-59.8361 60.0832 -58.4718 181.911 60.0994
-59.8713 60.0657 -58.4538 181.906 60.0815
-59.8859 60.0584 -58.452 181.907 60.0745
-59.9091 60.0465 -58.4343 181.926 60.0636
-59.9421 60.03 -58.4228 181.929 60.0474
-59.9692 60.0166 -58.4224 181.926 60.0341
-59.9951 60.0035 -58.418 181.939 60.0221
-59.9898 60.0062 -58.4309 181.942 60.0253
-60.008 59.9971 -58.4254 181.943 60.0163
-60.0168 59.9926 -58.4114 181.943 60.0116
-60.0387 59.9815 -58.3936 181.954 60.0009
-60.0306 59.9854 -58.3964 181.96 60.0053
-60.063 59.9694 -58.3873 181.955 59.989
-60.0708 59.9655 -58.3882 181.957 59.9854
-60.0835 59.9591 -58.3842 181.956 59.979
-60.0832 59.9591 -58.3778 181.963 59.9793
-60.0942 59.9536 -58.3814 181.966 59.9743
-60.1264 59.9375 -58.3645 181.966 59.9581
-60.1355 59.933 -58.3581 181.963 59.9533
-60.1602 59.921 -58.3625 181.952 59.9409
-60.1695 59.9163 -58.3415 181.95 59.9356
-60.1646 59.9188 -58.3408 181.942 59.9375
-60.1734 59.9146 -58.3306 181.93 59.9323
-60.1899 59.9063 -58.3152 181.929 59.9237
-60.2002 59.9014 -58.3193 181.919 59.9183
-60.2286 59.8873 -58.3043 181.91 59.9035
-60.2483 59.8774 -58.2879 181.914 59.8937
-60.254 59.8745 -58.2883 181.917 59.891
-60.2886 59.8574 -58.2698 181.904 59.873
-60.2857 59.8589 -58.2692 181.899 59.8741
-60.2904 59.8566 -58.2791 181.905 59.8725
-60.2785 59.8624 -58.2766 181.912 59.8785
-60.3305 59.8364 -58.2587 181.914 59.8529
-60.3336 59.8348 -58.2616 181.917 59.8516
-60.3323 59.8354 -58.2564 181.918 59.8521
-60.3329 59.8349 -58.2647 181.936 59.8531
-60.3464 59.8281 -58.2736 181.943 59.8472
-60.3606 59.8209 -58.2672 181.953 59.8407
-60.3618 59.8203 -58.2581 181.949 59.8395
-60.388 59.8072 -58.2434 181.947 59.8262
-60.4069 59.7979 -58.2309 181.942 59.8164
-60.4413 59.7807 -58.2032 181.938 59.7986
-60.439 59.7818 -58.2042 181.937 59.7997
-60.4713 59.7657 -58.1987 181.94 59.784
-60.4654 59.7685 -58.2011 181.95 59.7875
-60.4938 59.7544 -58.2025 181.952 59.7738
-60.5124 59.745 -58.1818 181.954 59.7642
-60.5314 59.7355 -58.1759 181.954 59.7548
-60.5384 59.7319 -58.171 181.964 59.7518
-60.5529 59.7246 -58.1617 181.966 59.7446
-60.5688 59.7169 -58.1648 181.957 59.7365
-60.5765 59.7132 -58.156 181.944 59.7318
-60.5922 59.7053 -58.135 181.938 59.7232
-60.62 59.6914 -58.1276 181.944 59.7097
-60.6336 59.6844 -58.1143 181.955 59.7033
-60.6255 59.6887 -58.134 181.945 59.7073
-60.6368 59.6829 -58.1246 181.953 59.702
-60.682 59.6606 -58.1134 181.943 59.6792
-60.6817 59.6607 -58.1067 181.945 59.6792
-60.6838 59.6596 -58.1032 181.943 59.6779
-60.6882 59.6574 -58.0956 181.944 59.6756
-60.7054 59.6488 -58.0942 181.944 59.6672
-60.737 59.633 -58.0704 181.939 59.6508
-60.7641 59.6197 -58.0542 181.925 59.6364
-60.7903 59.6066 -58.0338 181.924 59.623
-60.7974 59.6033 -58.0302 181.911 59.6188
-60.8194 59.5924 -58.0194 181.904 59.6074
-60.8187 59.5927 -58.0165 181.904 59.6076
-60.8351 59.5844 -57.9878 181.901 59.5985
-60.8512 59.5764 -57.966 181.889 59.5894
-60.8652 59.5695 -57.9549 181.884 59.582
-60.8723 59.566 -57.9501 181.881 59.5782
-60.8896 59.5574 -57.94 181.878 59.5694
-60.9087 59.5479 -57.947 181.884 59.5606
-60.9252 59.5396 -57.9513 181.894 59.5533
-60.9434 59.5305 -57.947 181.896 59.5444
-60.9686 59.5178 -57.9345 181.902 59.5321
-60.9821 59.5109 -57.9203 181.911 59.5256
-60.9932 59.5053 -57.9192 181.914 59.5203
-60.9738 59.5203 -58.1173 181.641 59.522
-61.2095 59.4202 -60.2596 178.088 59.3126
-61.0959 59.4774 -59.2371 177.097 59.4482
-61.0645 59.4891 -59.7645 177.137 59.4361
-61.0791 59.496 -58.2862 177.453 59.4773
-61.2298 59.4212 -58.1448 177.713 59.3914
-61.3772 59.3475 -58.0618 177.863 59.3114
-61.4992 59.286 -58.0522 177.872 59.2488
-61.6011 59.2347 -58.0458 177.84 59.1981
-61.7535 59.1584 -57.9717 177.897 59.1196
-61.9088 59.0808 -57.8794 177.959 59.0399
-62.0523 59.009 -57.8073 178.02 58.9659
-62.1531 58.9586 -57.7514 178.045 58.9148
-62.2777 58.8964 -57.6581 178.126 58.8504
-62.4119 58.8293 -57.5636 178.199 58.7814
-62.5049 58.7827 -57.5297 178.175 58.7355
-62.5931 58.738 -57.6031 177.986 58.6955
-62.7186 58.6741 -57.7014 177.788 58.636
-62.7273 58.6712 -57.4716 178.135 58.6247
-62.6284 58.7127 -54.6892 180.38 58.5839
-62.7143 58.6778 -57.4575 178.158 58.6308
-62.8249 58.622 -57.4393 178.277 58.5709
-63.0037 58.5328 -57.282 178.365 58.4803
-63.21 58.4296 -57.1772 178.392 58.3765
-63.3455 58.3618 -57.0978 178.41 58.3085
-63.5667 58.2511 -56.9795 178.47 58.1965
-63.7936 58.1375 -56.9374 178.372 58.0847
-64.0486 58.0094 -56.9242 178.285 57.9575
-64.2207 57.9228 -56.9458 178.149 57.8732
-64.4661 57.7996 -56.8953 178.137 57.7492
-65.0886 57.4878 -56.6597 178.057 57.4387
-65.4096 57.3284 -56.3417 177.973 57.2855
-65.5721 57.2479 -56.1179 178.192 57.2006
-65.6688 57.2 -55.9425 178.39 57.1487
-65.6858 57.1917 -55.8414 178.517 57.1382
-65.7635 57.152 -55.8997 178.582 57.0962
-65.9267 57.0687 -56.2214 177.955 57.024
-66.0736 56.9945 -56.2526 178.013 56.9456
-66.2222 56.9219 -55.8327 178.547 56.8652
-66.4583 56.8037 -55.528 178.854 56.7435
-66.8194 56.623 -55.3748 178.861 56.5627
-67.042 56.5114 -55.0936 179.069 56.4495
-67.0988 56.4807 -54.3577 179.722 56.4106
-67.1477 56.4586 -55.4928 178.343 56.4056
-67.2982 56.3828 -55.5235 178.194 56.3319
-67.4077 56.3284 -55.4238 178.134 56.2801
-67.356 56.3552 -55.2589 178.398 56.3029
-67.3018 56.3839 -54.3229 179.167 56.319
-67.2656 56.4011 -55.0685 178.652 56.3455
-67.2414 56.4128 -55.2212 178.506 56.359
-67.2042 56.4314 -55.2345 178.518 56.3774
-67.1703 56.4481 -55.3449 178.374 56.3964
-67.1422 56.4622 -55.3555 178.38 56.4103
-67.1339 56.4662 -55.4126 178.31 56.4153
-67.103 56.4819 -55.3649 178.39 56.4298
-67.0457 56.5109 -55.261 178.54 56.4569
-66.9535 56.5593 -54.1902 179.223 56.49
-66.8739 56.5944 -55.3542 179.166 56.5308
-66.8602 56.6027 -55.5947 178.333 56.5504
-66.7987 56.6362 -54.6773 179.004 56.5744
-66.8079 56.6281 -55.756 178.259 56.5753
-66.7658 56.6495 -55.7009 178.355 56.5956
-66.5336 56.737 -55.8916 182.408 56.7942
-66.5019 56.7796 -55.4737 179.352 56.7151
-66.4885 56.7881 -55.5224 178.975 56.7262
-66.2994 56.8533 -56.1606 182.584 56.9287
-66.1911 56.921 -55.7012 181.084 56.8915
-66.6174 56.6127 -47.5057 183.869 55.994
-68.6927 55.6179 -38.7741 184.142 53.0916
-68.3319 56.1768 -43.8682 176.056 55.6607
-65.6265 57.117 -55.5229 185.538 57.5181
-66.7187 56.5713 -58.2617 189.792 58.1261
-65.638 57.1384 -56.9106 185.714 57.6395
-65.9753 57.125 -50.8434 177.54 57.0113
-69.157 55.6794 -48.0376 167.825 57.7503
-64.9777 57.541 -58.3404 180.937 57.4991
-65.7772 57.2114 -47.6357 180.036 56.5828
-68.9996 55.8874 -46.2479 168.45 57.725
-64.8757 57.6255 -60.8181 183.713 57.8247
-68.1245 56.4059 -44.5842 171.648 57.054
-64.0871 57.9769 -58.0626 181.57 57.9842
-67.9002 56.5249 -44.8676 170.96 57.4097
-63.8458 58.0676 -52.5612 181.994 57.8602
-64.0598 57.9781 -58.9986 184.307 58.2935
-64.7834 57.6647 -60.5142 182.673 57.7292
-65.2698 57.3983 -58.7051 179.988 57.2959
-66.6078 56.7258 -56.2881 178.836 56.6545
-68.3315 55.8639 -54.3914 179.55 55.8
-69.2483 55.3795 -50.5955 181.571 55.2042
-70.1902 54.896 -49.0727 182.084 54.6368
-71.0879 54.4303 -47.289 182.655 54.0286
-71.8711 54.0071 -44.9319 183.503 53.3262
-72.1431 53.8956 -45.9126 182.896 53.3754
-72.6457 53.6528 -46.2646 182.65 53.2087
-73.2229 53.3517 -45.2248 183.01 52.8032
-73.7021 53.1242 -45.3865 182.695 52.6251
-74.3778 52.7892 -45.1704 182.619 52.3014
-74.9308 52.5168 -45.1343 182.499 52.0569
-75.3045 52.3356 -45.3769 182.314 51.9275
-75.6872 52.1552 -46.0912 181.91 51.8468
-75.6924 52.1832 -51.0619 179.391 52.1227
-77.2531 51.4013 -50.8937 179.46 51.336
-78.2533 50.9008 -50.3164 179.643 50.8378
-79.2259 50.414 -49.7074 179.801 50.3537
-80.2577 49.8976 -49.1251 179.931 49.8392
-82.0912 48.9799 -48.1502 180.138 48.9245
-84.0146 48.0172 -47.1436 180.334 47.9649
-85.1892 47.4292 -46.5058 180.458 47.3789
-86.4646 46.7907 -45.8185 180.581 46.7424
-87.5791 46.2328 -45.2208 180.673 46.186
-88.5334 45.755 -44.7043 180.768 45.7096
-89.0511 45.4957 -44.4165 180.836 45.4513
-89.7949 45.1233 -44.0206 180.917 45.0801
-90.2385 44.9012 -43.7894 180.958 44.8587
-90.7872 44.6264 -43.5003 181.021 44.5849
-91.2724 44.3834 -43.2373 181.068 44.3426
-91.3164 44.3564 -42.8211 181.502 44.3184
-91.8462 44.0037 -39.9964 185.097 43.9631
-94.9476 42.7822 -33.4603 175.355 42.5324
-91.2628 44.4015 -42.6424 179.052 44.3516
-95.1168 42.1752 -31.3878 187.382 40.8406
-93.6727 43.3587 -34.4929 176.841 42.9647
-92.1577 43.9405 -43.1676 175.233 44.0604
-90.2841 44.8645 -43.924 182.844 44.9
-96.064 42.2693 -30.496 176.394 41.432
-93.1879 43.6152 -34.4765 176.65 43.2119
-89.9235 45.0113 -42.3627 183.804 45.0217
-102.295 39.2013 -23.6324 177.644 37.0521
-90.7129 44.7275 -38.0653 179.077 44.3957
-91.6004 44.2318 -34.5265 181.603 43.2778
-95.956 42.3976 -29.7727 175.448 41.5568
-89.2399 45.4061 -45.5166 180.532 45.3508
-89.4176 45.3082 -46.1486 177.992 45.2126
-91.9905 44.2072 -37.5988 173.267 44.5701
-93.2832 43.5044 -38.7781 170.043 44.5122
-92.4959 43.7179 -42.8874 170.007 44.5109
-91.5102 44.2403 -43.0559 171.192 44.8715
-91.395 44.2873 -43.385 171.195 44.8953
-91.3284 44.3035 -43.8214 171.09 44.8902
-91.4313 44.2374 -43.9814 170.698 44.8629
-91.3815 44.2578 -44.0469 170.541 44.9044
-91.207 44.3391 -44.277 170.533 44.9722
-91.1839 44.3335 -44.6421 170.378 44.9495
-91.006 44.4104 -45.0628 170.433 44.977
-90.8526 44.4858 -45.166 170.424 45.0515
-90.5257 44.6584 -45.2107 170.648 45.2073
-88.7439 45.7565 -40.6567 174.813 45.9599
-87.1392 46.3807 -41.6238 183.816 46.212
-92.1093 43.5627 -41.3374 196.418 45.9147
-94.5879 42.2272 -39.8759 198.777 45.2337
-89.3862 45.1542 -44.9553 192.856 46.8551
-86.9531 46.6142 -51.0608 182.58 46.4841
-85.9118 47.0728 -47.9188 180.132 46.988
-86.2708 46.8903 -46.8785 180.586 46.8383
-87.3291 46.3607 -46.355 180.819 46.3154
-89.1758 45.4351 -44.9149 180.85 45.3935
-90.6993 44.672 -44.0098 181.023 44.6345
-91.7584 44.1411 -43.4778 181.303 44.1113
-92.5157 43.7615 -42.9094 181.304 43.7298
-92.4627 43.7905 -43.1468 181.02 43.7525
-94.2441 42.8984 -42.2105 181.27 42.8664
-95.7214 42.1585 -41.3901 181.422 42.1297
-96.9443 41.5455 -40.6141 181.562 41.5181
-97.5661 41.2338 -40.255 181.64 41.2075
-98.0226 41.0051 -40.0121 181.703 40.9801
-98.2336 40.8985 -39.9209 181.879 40.8792
-98.3226 40.8545 -39.8011 181.747 40.8295
-98.5396 40.7456 -39.6334 181.75 40.7193
-98.597 40.7167 -39.5646 181.74 40.6893
-98.6858 40.6721 -39.4883 181.746 40.644
-98.6892 40.6703 -39.4706 181.748 40.6419
-98.6461 40.6918 -39.472 181.744 40.6628
-98.5933 40.7183 -39.5054 181.727 40.6892
-98.5177 40.7561 -39.5392 181.731 40.727
-98.5147 40.7579 -39.5589 181.7 40.7283
-98.4355 40.7971 -39.5633 181.728 40.7675
-98.4346 40.7979 -39.5701 181.679 40.7672
-98.4024 40.8145 -39.609 181.638 40.7832
-98.2917 40.8693 -39.6317 181.678 40.8384
-98.2416 40.8943 -39.652 181.687 40.8636
-98.1287 40.9507 -39.7699 181.737 40.9228
-97.9604 41.036 -39.8975 181.605 41.0055
-97.9653 41.0335 -39.8875 181.613 41.0031
-97.91 41.0611 -39.9034 181.605 41.0303
-97.8595 41.0863 -39.9224 181.607 41.0554
-97.7495 41.1407 -40.025 181.727 41.1143
-97.576 41.2279 -39.9704 181.566 41.1941
-97.4768 41.2761 -39.889 181.658 41.2416
-97.4098 41.3105 -40.0146 181.595 41.2767
-97.2984 41.3665 -40.08 181.573 41.3324
-97.2372 41.397 -40.1181 181.578 41.3633
-97.1344 41.4479 -40.2593 181.72 41.4201
-97.0115 41.5098 -40.2228 181.578 41.476
-96.9309 41.5501 -40.234 181.563 41.5153
-96.8114 41.6099 -40.2899 181.561 41.575
-96.6881 41.6709 -40.4149 181.684 41.6409
-96.566 41.7317 -40.493 181.726 41.7034
-96.4326 41.7992 -40.5257 181.596 41.7665
-96.3047 41.8636 -40.5913 181.542 41.8296
-96.2809 41.8756 -40.6144 181.53 41.8416
-96.2238 41.9044 -40.6484 181.504 41.8698
-96.2068 41.9129 -40.6536 181.5 41.8782
-96.1705 41.9311 -40.6484 181.479 41.8954
-96.1085 41.9617 -40.6949 181.536 41.9279
-96.0393 41.9964 -40.7381 181.534 41.9627
-95.9577 42.0372 -40.7942 181.543 42.0041
-95.8534 42.0887 -40.9116 181.669 42.0606
-95.7111 42.1597 -41.0338 181.732 42.1347
-95.6096 42.2114 -40.9888 181.53 42.1786
-95.5698 42.2314 -41.0063 181.512 42.1981
-95.4956 42.2687 -41.0625 181.497 42.2355
-95.4213 42.306 -41.0993 181.487 42.2725
-95.3413 42.346 -41.1375 181.477 42.3123
-95.2614 42.3861 -41.2049 181.466 42.3527
-95.2475 42.3928 -41.2177 181.514 42.3607
-95.189 42.4211 -41.2352 181.624 42.392
-95.1267 42.4537 -41.2718 181.439 42.4196
-95.2478 42.3931 -41.1408 181.399 42.3566
-95.1383 42.4472 -41.2532 181.527 42.4152
-95.0419 42.4959 -41.2463 181.424 42.4602
-94.9276 42.5533 -41.2853 181.382 42.5162
-94.9007 42.5666 -41.3068 181.398 42.5301
-94.969 42.5326 -41.2948 181.399 42.4965
-94.9122 42.561 -41.3293 181.399 42.5251
-94.9292 42.5524 -41.3082 181.401 42.5163
-94.7554 42.6396 -41.4193 181.374 42.6034
-94.5584 42.7382 -41.5038 181.352 42.7012
-94.3888 42.8231 -41.5922 181.337 42.7859
-94.2359 42.8996 -41.6634 181.335 42.8623
-94.0921 42.9717 -41.7505 181.311 42.9342
-93.9324 43.0516 -41.8902 181.342 43.016
-93.7291 43.1532 -42.0223 181.36 43.1187
-93.6146 43.2108 -42.0598 181.305 43.1746
-93.538 43.2492 -42.1003 181.292 43.2127
-93.4653 43.2856 -42.1494 181.278 43.2491
-93.3209 43.3571 -42.3666 181.488 43.3287
-93.1839 43.4256 -42.4215 181.472 43.3966
-93.0761 43.4793 -42.5222 181.535 43.453
-92.9716 43.5323 -42.4166 181.313 43.4972
-92.8323 43.6021 -42.4706 181.285 43.5661
-92.7004 43.6663 -42.4832 181.488 43.6349
-92.526 43.7551 -42.6289 181.312 43.72
-92.3426 43.8457 -42.6467 181.413 43.8121
-92.176 43.9302 -42.6473 181.204 43.8899
-92.2666 43.8849 -42.6114 181.215 43.8449
-92.4458 43.7953 -42.5552 181.227 43.7562
-92.6397 43.6983 -42.4695 181.245 43.6597
-92.8101 43.613 -42.3986 181.255 43.5749
-92.9374 43.5493 -42.3522 181.271 43.5119
-93.0504 43.4923 -42.2701 181.331 43.4558
-93.1962 43.4193 -42.2079 181.357 43.3836
-93.1717 43.4314 -42.2356 181.38 43.3966
-93.2984 43.3679 -42.1796 181.406 43.3338
-93.3768 43.3288 -42.166 181.419 43.2955
-93.2322 43.401 -42.2845 181.461 43.3697
-93.0744 43.4794 -42.4077 181.562 43.452
-93.0822 43.4761 -42.3051 181.402 43.4424
-93.0139 43.5106 -42.3514 181.363 43.4761
-93.1425 43.4465 -42.295 181.346 43.4116
-93.3143 43.3606 -42.2069 181.341 43.3255
-93.4686 43.2835 -42.1312 181.338 43.2482
-93.6074 43.2142 -42.0597 181.328 43.1785
-93.7224 43.1575 -42.0349 181.226 43.1198
-93.888 43.0743 -41.9412 181.279 43.0377
-94.0251 43.0057 -41.8751 181.299 42.9695
-94.1195 42.9584 -41.8296 181.313 42.9225
