4
0.00210066 90.0053 -89.9438 180.271 89.9878
0.133481 90.0071 -99.4888 189.85 89.8561
0.357627 90.001 -115.105 205.506 89.6298
0.582133 89.9998 -126.595 217.037 89.4024
0.679955 90.0018 -130.031 220.508 89.3064
0.35612 90.0013 -115.27 205.788 89.633
0.0848991 90.0016 -95.9206 186.474 89.9043
-0.198802 90.0022 -71.601 162.189 90.184
0.0899721 90.0037 -97.8497 188.473 89.8946
0.535654 90.0048 -125.779 216.437 89.449
-12.7432 90.0066 -99.0953 189.79 102.732
-7.18806 90.01 -77.4252 168.157 97.1811
9.36124 90.0087 -122.425 213.157 80.6313
-8.55484 90.013 -79.9826 170.776 98.551
-5.30734 90.0155 -86.7735 177.609 95.3115
-1.42794 90.0175 -131.773 222.609 91.4275
1.67018 90.0207 -163.596 254.501 88.3284
-10.2663 90.0225 -126.801 217.738 100.264
-0.834668 90.0253 -81.8006 172.738 90.8337
2.55265 90.0312 -68.0161 158.878 87.4543
5.47877 90.0331 -58.6095 149.505 84.53
-7.76399 90.0328 -103.61 194.505 97.7743
4.78878 90.0327 -148.61 239.505 85.2228
-6.1015 90.0358 -127.322 218.123 96.1113
-3.39446 90.03 -82.3215 173.123 93.4018
-4.95445 90.0253 -90.4745 181.33 94.9582
-7.71301 90.0294 -135.475 226.33 97.7235
-9.60095 90.0292 -122.693 213.616 99.6111
-3.50269 90.0275 -77.6931 168.616 93.5155
-7.67606 90.0275 -76.4507 167.451 97.6905
-9.41813 90.0303 -121.451 212.451 99.4335
-12.7637 90.0357 -109.817 200.848 102.782
-10.0291 90.0359 -68.6972 159.763 100.049
-7.03411 90.0338 -64.8321 155.936 97.0555
-3.25084 90.0342 -109.832 200.936 93.2745
-10.4748 90.0325 -78.6346 169.811 100.501
-0.76946 90.0343 -51.5348 142.749 90.796
-2.4717 90.0365 -92.9989 184.244 92.4982
-4.87044 90.0426 -122.227 213.506 94.9003
-0.0681369 90.0423 -77.2272 168.506 90.0908
2.16824 90.0422 -88.089 179.447 87.8549
0.0259885 90.0435 -88.1436 179.539 89.9941
0.0472461 90.0444 -88.1335 179.57 89.9687
0.0448664 90.0414 -88.1261 179.603 89.9692
0.0473871 90.0461 -88.1181 179.633 89.9663
0.0501774 90.0493 -88.1133 179.66 89.9676
0.053729 90.048 -88.1048 179.692 89.9654
0.0516749 90.0464 -88.0968 179.723 89.9636
0.048795 90.046 -88.0869 179.75 89.9695
0.0503 90.048 -88.084 179.779 89.9699
0.049879 90.0487 -88.0785 179.811 89.9712
0.0480999 90.0481 -88.0719 179.839 89.9719
0.0486896 90.0488 -88.0667 179.869 89.9721
0.0520717 90.0511 -88.0639 179.899 89.9674
0.579443 90.0511 -125.209 217.083 89.4364
2.39684 90.0475 -160.625 252.534 87.6221
2.32056 90.0473 -161.873 253.824 87.7019
1.63199 90.0482 -156.915 248.902 88.3898
0.530343 90.0487 -133.452 225.478 89.4902
0.0162467 90.0495 -100.107 192.172 90.0074
-0.197927 90.0457 -71.6876 163.792 90.2185
-0.382009 90.0455 -48.0425 140.184 90.4063
-0.472436 90.0488 -37.8098 129.986 90.4961
-0.521463 90.0466 -28.5717 120.784 90.543
-0.374536 90.0507 -30.9741 123.216 90.4001
-0.350574 90.0469 -30.2927 122.572 90.3736
0.105631 90.0461 -75.2927 167.572 89.9172
0.534939 90.0482 -120.015 212.367 89.4854
1.03626 90.048 -142.001 234.391 88.9822
2.17436 90.0503 -159.919 252.348 87.8465
6.22104 90.0491 -172.713 265 83.7985
19.8091 90.054 -175 265 70.2159
3.08033 90.0545 -168.114 260.659 86.9386
0.416322 90.0532 -132.866 225.451 89.6033
0.0524881 90.0517 -108.821 201.45 89.9648
-0.0352978 90.059 -98.9551 191.616 90.0564
-0.114669 90.0586 -88.6875 181.387 90.1395
-0.166937 90.0586 -81.1411 173.877 90.1919
-0.239189 90.0568 -70.4978 163.273 90.2624
-0.325252 90.0623 -62.3629 155.168 90.3503
-0.413036 90.0631 -51.669 144.506 90.4351
-0.447693 90.0582 -45.7604 138.634 90.4639
-0.495976 90.0599 -41.6203 134.53 90.5108
-0.385451 90.0607 -41.7583 134.702 90.4046
-0.161122 90.0568 -58.5729 151.557 90.1769
0.022292 90.0547 -77.6065 170.63 89.9944
0.270596 90.0532 -104.124 197.189 89.7439
0.585083 90.0509 -125.574 218.678 89.4306
0.783499 90.0457 -145.638 238.782 89.224
8.17795 90.0481 -175 265 81.8357
-36.822 90.0499 -161.27 254.481 126.836
-81.822 90.0495 -152.67 245.919 171.835
-126.822 90.0514 -146.276 239.563 216.835
-171.822 90.0478 -146.413 239.744 261.835
-181.567 90.0511 -149.863 243.229 271.584
-184.297 90.0539 -167.729 261.129 274.314
-139.297 90.055 -170.182 263.621 229.314
-94.2971 90.0572 -125.182 218.621 184.318
-49.2971 90.0566 -80.1822 173.621 139.318
-4.29705 90.0584 -57.2216 150.764 94.3182
-0.151654 90.0594 -57.4409 151.02 90.1723
-0.113964 90.059 -54.0977 147.715 90.1425
-0.0721891 90.0603 -57.4216 151.077 90.1038
-0.110529 90.0557 -60.597 154.289 90.141
-0.076242 90.0569 -58.8584 152.592 90.1094
-19.6861 90.0573 -87.7701 181.536 109.722
-31.5155 90.0579 -127.681 221.487 121.553
-8.29336 90.057 -148.308 242.155 98.3284
-3.47658 90.0603 -148.249 242.129 93.5154
-44.2953 90.0597 -103.249 197.129 134.336
-26.0035 90.0638 -78.1474 172.097 116.052
-8.2975 90.0723 -78.7314 172.711 98.3514
-6.12142 90.0727 -83.2972 177.312 96.1764
-4.20067 90.078 -84.1008 178.149 94.259
25.3937 90.0786 -93.9329 188.018 64.6625
37.3539 90.0827 -102.959 197.083 52.7069
20.5954 90.0784 -86.2027 180.367 69.4637
-7.02519 90.0804 -75.4789 169.678 97.0862
-7.7168 90.083 -75.5649 169.804 97.7769
-6.06627 90.0857 -74.3281 168.598 96.1293
-10.5977 90.0867 -75.135 169.439 100.656
-10.1853 90.0894 -76.9442 171.282 100.245
-9.34381 90.0921 -85.2809 179.654 99.4076
-9.3873 90.0841 -90.8764 185.297 99.4416
-12.1969 90.0811 -91.1641 185.627 102.251
-4.68879 90.0832 -81.9821 176.48 94.749
0.255691 90.0869 -79.9767 174.51 89.8083
-0.0598524 90.0879 -79.2423 173.812 90.1281
-0.128029 90.0906 -79.2384 173.84 90.1968
-0.162456 90.0902 -79.234 173.874 90.2295
-0.00466296 90.0969 -82.833 177.501 90.0761
0.137359 90.0986 -91.5811 186.288 89.9379
0.160437 90.0966 -97.3882 192.136 89.912
0.144491 90.0978 -98.4099 193.19 89.9288
0.129729 90.1023 -98.3413 193.155 89.946
0.0969942 90.1081 -95.6852 190.53 89.9845
-0.0556215 90.1023 -81.9607 176.85 90.1348
-0.101522 90.1066 -75.0591 169.981 90.1858
-0.158969 90.1066 -70.0201 164.979 90.2425
-0.17084 90.1082 -68.304 163.301 90.2525
-0.144828 90.1135 -68.4159 163.448 90.2314
-0.140847 90.111 -68.4028 163.473 90.2221
-0.136257 90.1057 -68.3862 163.501 90.2176
-0.135747 90.1046 -68.3802 163.532 90.2142
-0.135565 90.1024 -68.3677 163.559 90.2139
-0.133289 90.1058 -68.3634 163.592 90.2114
-0.132256 90.1087 -68.3586 163.625 90.2117
-0.129391 90.1112 -68.3573 163.655 90.2109
-0.129113 90.1086 -68.3482 163.682 90.2079
0.244644 90.1018 -67.4077 162.781 89.8329
-0.150324 90.1016 -68.6769 164.09 90.2291
-0.0529337 90.1042 -79.3921 174.839 90.1369
0.0500292 90.1074 -91.0383 186.523 90.0391
0.0912593 90.1111 -94.9605 190.483 90.0021
0.0778933 90.1112 -94.9473 190.505 90.0188
0.0357585 90.111 -91.952 187.554 90.0608
-0.0345111 90.1107 -86.4068 182.045 90.1271
-0.118758 90.114 -76.7406 172.418 90.2109
-0.154959 90.1167 -73.3968 169.108 90.2468
-0.207917 90.1122 -68.1846 163.938 90.2979
-0.151651 90.1113 -73.169 168.967 90.2406
-0.0891735 90.1123 -81.6446 177.479 90.179
-0.0537881 90.1117 -85.4799 181.347 90.1407
-0.0252108 90.1147 -88.3984 184.297 90.1188
-0.00106035 90.1142 -90.631 186.568 90.0933
0.0221543 90.1149 -93.377 189.352 90.0667
0.0151652 90.1114 -93.4953 189.51 90.0733
-0.0435485 90.1062 -88.7873 184.845 90.1337
-0.111057 90.1079 -83.2645 179.36 90.1995
-0.160261 90.1082 -78.8233 174.957 90.2453
-0.177301 90.1099 -76.146 172.321 90.2646
-0.206757 90.1101 -73.5234 169.73 90.2963
-0.22232 90.1098 -71.35 167.597 90.3084
-0.245194 90.1097 -68.6954 164.982 90.3326
-0.197245 90.108 -72.7067 169.035 90.2815
-0.111896 90.1062 -81.3654 177.735 90.1978
-0.0784922 90.1093 -85.6661 182.072 90.1633
-0.0551164 90.107 -88.3362 184.78 90.1384
-0.0284047 90.1059 -91.6673 188.147 90.1077
-0.0404626 90.1055 -91.2297 187.75 90.1175
-0.0289885 90.1083 -91.3415 187.896 90.1093
-0.0801917 90.1174 -87.989 184.574 90.1682
-0.0761561 90.1134 -87.9715 184.599 90.1654
-0.0751823 90.1071 -87.9569 184.629 90.1622
-0.0714219 90.1067 -87.9482 184.656 90.1582
-0.0690858 90.1037 -87.9167 184.668 90.1556
-0.0666644 90.1008 -87.8929 184.685 90.1507
-0.0661917 90.1065 -87.8625 184.694 90.1517
-0.0681942 90.1054 -87.84 184.712 90.1529
-0.0718637 90.1003 -87.8209 184.744 90.1545
-0.0760714 90.0987 -87.7667 184.73 90.1567
-0.0776662 90.0985 -87.7532 184.755 90.1579
-0.0772875 90.1034 -87.7446 184.781 90.1592
-0.0782081 90.1021 -87.7341 184.811 90.1614
-0.0795067 90.106 -87.7233 184.833 90.1641
-0.0813425 90.106 -87.7128 184.863 90.1657
-0.0873752 90.1011 -87.7018 184.892 90.1713
0.0669186 90.0955 -99.7059 196.938 90.0081
0.227385 90.099 -111.522 208.79 89.849
0.373105 90.1011 -120.512 217.814 89.703
0.475184 90.0997 -123.114 220.46 89.6015
0.379555 90.1029 -122.371 219.751 89.6964
0.245427 90.1072 -115.259 212.673 89.831
0.083764 90.1047 -106.021 203.477 89.9942
-0.0662191 90.1052 -94.4864 191.98 90.1443
-0.191092 90.1016 -83.535 181.073 90.268
-0.288026 90.1018 -72.8523 170.429 90.3648
-0.391527 90.0991 -62.8487 160.465 90.4652
-0.390453 90.0983 -58.7916 156.445 90.464
-0.260169 90.0951 -70.6093 168.305 90.3356
-0.106647 90.0992 -84.6574 182.387 90.1804
-0.00563814 90.0988 -93.3701 191.134 90.0746
0.0357878 90.0954 -95.3682 193.175 90.0309
2.09368 90.0949 -93.2103 191.06 87.9696
9.52388 90.0919 -91.5788 189.466 80.537
24.5026 90.0901 -92.0318 189.96 65.555
23.9095 90.0932 -88.7431 186.708 66.1513
12.6828 90.0925 -84.0623 182.068 77.3777
7.07261 90.098 -83.6825 181.726 82.9884
1.69689 90.0915 -84.5521 182.64 88.358
-0.0714414 90.0905 -84.122 182.25 90.1311
1.99319 90.0929 -84.9153 183.081 88.0702
8.11946 90.0898 -80.622 178.829 81.94
13.173 90.0883 -80.1828 178.433 76.8892
14.8469 90.0965 -79.5226 177.805 75.2212
7.0961 90.0908 -77.4065 175.735 82.9687
1.83966 90.094 -77.2625 175.628 88.2249
0.188843 90.0899 -76.8108 175.217 89.8748
-0.0669768 90.0904 -76.575 175.022 90.1345
-0.12487 90.0928 -75.8978 174.381 90.1914
-0.159308 90.0882 -73.7847 172.311 90.2282
-0.145353 90.0889 -73.6195 172.187 90.215
-0.134997 90.0876 -73.5584 172.165 90.2032
-0.123102 90.0883 -73.4304 172.073 90.1952
-0.123768 90.0862 -73.3226 172.007 90.197
-0.117101 90.0911 -73.2547 171.97 90.1987
-0.110735 90.0992 -73.0911 171.837 90.1966
-0.10723 90.0981 -72.9714 171.76 90.1958
-0.107275 90.0983 -72.813 171.642 90.1957
-0.106988 90.1015 -72.7651 171.63 90.1978
-0.107433 90.1031 -72.6968 171.604 90.1976
-0.11263 90.1026 -72.6311 171.579 90.2013
-0.111966 90.1023 -72.602 171.594 90.1964
-0.111878 90.108 -72.5774 171.602 90.1985
-0.121034 90.1038 -72.5477 171.616 90.2023
-0.126114 90.1007 -72.4052 171.515 90.2064
-0.126477 90.1062 -72.2244 171.372 90.2096
-0.128639 90.1085 -72.0664 171.249 90.212
-0.130572 90.1099 -71.9149 171.142 90.2152
-0.12624 90.116 -71.8338 171.093 90.2171
-0.12938 90.1161 -71.8136 171.111 90.22
-0.129085 90.1142 -71.7597 171.101 90.2141
-0.130831 90.1168 -71.5795 170.96 90.219
-0.128234 90.1206 -71.3442 170.763 90.2159
-0.134711 90.115 -71.1635 170.626 90.2195
-0.140983 90.1136 -71.0506 170.56 90.2252
-0.138662 90.1215 -70.9355 170.48 90.2307
-0.142104 90.1188 -70.8224 170.408 90.2335
-0.148343 90.1174 -70.7021 170.332 90.2343
-0.148292 90.1148 -70.6213 170.293 90.2375
-0.142899 90.1209 -70.4737 170.179 90.2367
-0.145768 90.1198 -70.4114 170.154 90.2341
-0.147076 90.1183 -70.3119 170.093 90.2322
-0.155051 90.1146 -70.2714 170.101 90.2356
-0.155955 90.1132 -70.1831 170.052 90.2348
-0.160092 90.1101 -70.0736 169.989 90.2325
-0.158402 90.1146 -70.0319 169.981 90.2323
-0.160668 90.1116 -69.9859 169.977 90.2266
-0.158534 90.1137 -69.8792 169.91 90.2253
-0.162118 90.1157 -69.7915 169.86 90.2257
-0.160719 90.1164 -69.7436 169.846 90.2242
-0.163855 90.1164 -69.6043 169.742 90.225
-0.177462 90.1044 -72.7935 169.682 90.2224
-0.126685 90.1914 -105.149 169.609 90.2466
-0.129037 90.1991 -109.774 169.523 90.254
-0.1041 90.2405 -115.818 169.472 90.2683
-0.121156 90.1881 -103.269 169.44 90.2413
-0.168278 90.1145 -78.9231 169.444 90.2256
-0.176037 90.1142 -66.1058 169.353 90.235
-0.229863 90.0796 -59.864 169.288 90.2556
-0.159289 90.141 -62.2941 169.202 90.2506
-0.135315 90.1581 -68.975 169.149 90.2447
-0.10599 90.1859 -83.8975 169.094 90.2399
-0.0979733 90.2079 -95.2534 169.021 90.2485
-0.102205 90.2165 -100.639 168.987 90.2586
-0.136118 90.1574 -79.6059 168.914 90.2464
-0.176817 90.1287 -61.7061 168.906 90.2604
-0.195689 90.1276 -53.2171 168.864 90.2794
-0.225209 90.1107 -52.5217 168.87 90.2875
-0.133987 90.166 -63.379 168.873 90.257
-0.108042 90.1823 -79.1307 168.832 90.2469
-0.140645 90.146 -80.9894 168.8 90.2441
-0.138985 90.1505 -79.954 168.782 90.2441
-0.131448 90.1547 -79.9303 168.785 90.2454
-0.122213 90.1709 -79.9022 168.777 90.2403
-0.121788 89.6172 -79.3321 168.793 90.2429
-0.130978 89.3556 -79.0517 168.81 90.2436
-0.130601 89.5503 -79.1537 168.76 90.2432
-0.12938 89.8104 -79.3333 168.714 90.2402
-0.138071 90.0011 -79.4674 168.694 90.2433
-0.141636 89.6474 -79.0355 168.653 90.2467
-0.148272 88.2884 -77.6069 168.621 90.2539
-0.157656 78.8775 -68.1655 168.626 90.2523
-0.16442 33.8775 -23.1655 168.629 90.2563
-0.165861 -11.1225 21.8345 168.618 90.2596
-0.168671 -56.1225 66.8345 168.606 90.2655
-0.174231 -11.1225 21.8345 168.588 90.2675
-0.178914 33.8775 -23.1655 168.531 90.2693
-0.18377 78.8775 -68.1655 168.501 90.2701
-0.187265 89.8122 -78.7112 168.491 90.2716
-0.187988 89.8782 -78.7168 168.468 90.2722
-0.188811 89.7982 -78.5877 168.452 90.2702
-0.192157 89.5691 -78.2606 168.387 90.2708
-0.191199 88.7809 -77.4072 168.362 90.271
-0.188792 89.0429 -77.6415 168.374 90.2667
-0.188138 88.9545 -77.5334 168.389 90.2611
-0.189445 88.8619 -77.3958 168.381 90.2628
-0.194398 87.2893 -75.7819 168.38 90.2672
-0.195931 65.6545 -54.1239 168.393 90.2624
-0.20148 20.6545 -9.12392 168.405 90.2661
-0.207075 65.6545 -54.1239 168.398 90.2686
-0.20955 89.9476 -78.3347 168.415 90.2692
-0.207369 90.0774 -78.3987 168.383 90.2661
-0.207811 89.9593 -78.2206 168.363 90.2634
-0.20846 89.9313 -78.1469 168.354 90.2644
-0.210855 89.9127 -78.0522 164.074 90.3438
-0.214747 89.8936 -77.9601 137.425 90.7819
-0.215268 89.8931 -77.8711 129.463 90.9524
-0.214229 89.8913 -77.8192 150.269 90.5475
-0.220923 89.8834 -77.7349 168.305 90.3183
-0.228168 89.8765 -77.6066 183.744 90.1274
-0.229677 89.8741 -77.5169 157.052 90.4307
-0.23177 89.8715 -77.4471 142.113 90.6333
-0.233422 89.8719 -77.3295 157.772 90.4197
-0.233057 89.8704 -77.2463 184.236 89.7322
-0.235778 89.8658 -77.1831 155.418 90.4452
-0.235495 89.8649 -77.1469 154.386 90.4683
-0.232533 89.8688 -77.1083 154.374 90.454
-0.319974 89.8667 -70.32 147.62 90.5373
-0.85842 89.863 -38.3898 115.719 91.0717
-1.16651 89.8655 -27.2213 104.576 91.3743
-0.61181 89.8688 -49.5657 126.95 90.8191
-0.387303 89.8679 -61.8725 139.29 90.5955
-0.318891 89.8701 -64.3763 141.826 90.529
-0.2894 89.8778 -64.3287 141.809 90.5034
-0.275802 89.8761 -64.279 141.79 90.492
-0.263573 89.881 -64.262 141.804 90.4805
-0.335035 89.8216 -58.5033 141.821 90.5035
-0.290682 89.864 -57.1349 141.835 90.4851
-0.279143 89.8712 -57.1197 141.848 90.4839
-0.271708 89.8736 -57.105 141.867 90.4787
-0.268278 89.8768 -57.0914 141.887 90.4772
-0.301865 89.8456 -56.9365 141.896 90.4816
-0.367533 89.8256 -43.2469 141.915 90.5379
-0.703715 89.722 -20.5947 141.927 90.864
-1.00849 89.6297 -14.7642 141.939 91.1266
-0.959078 89.6467 -15.1498 141.954 91.0822
-0.456934 89.7779 -33.1044 141.97 90.5904
-0.308613 89.8306 -54.7851 141.989 90.4566
-0.286323 89.8285 -66.8762 142.009 90.4433
-0.28108 89.8237 -76.002 142.027 90.4487
-0.279491 89.8272 -77.995 142.042 90.4518
-0.305727 89.8156 -67.114 142.051 90.4513
-0.40132 89.7754 -46.6188 142.07 90.5258
-0.610106 89.7014 -28.0883 142.057 90.7251
-0.65572 89.6739 -25.754 142.075 90.7566
-0.414839 89.8017 -35.0119 142.068 90.5854
-0.278501 89.8569 -55.9071 142.062 90.4663
-0.260409 89.8614 -67.0815 142.087 90.4652
-0.249059 89.8654 -73.5849 142.106 90.4633
-0.262741 89.8679 -70.8039 142.114 90.4859
-0.290017 89.8456 -66.6152 142.104 90.4878
-0.315124 89.8168 -64.817 142.114 90.4748
-0.36258 89.793 -54.4891 142.132 90.5014
-0.477125 89.7645 -35.9349 142.146 90.6198
-0.573014 89.7105 -30.9177 142.157 90.6872
-0.554338 89.7146 -31.842 142.175 90.661
-0.485102 89.7508 -37.5527 142.198 90.6141
-0.491834 89.6881 -47.3155 142.215 90.5211
-0.475984 89.7154 -49.1061 142.238 90.5549
-0.409392 89.7605 -52.8752 142.256 90.5166
-0.390068 89.7814 -52.8795 142.276 90.517
-0.383306 89.7854 -52.8465 142.275 90.5211
-0.38226 89.795 -52.834 142.289 90.5236
-0.380485 89.7985 -52.8212 142.301 90.5283
-0.380549 89.7964 -52.8079 142.326 90.5313
-0.371941 89.8067 -52.8043 142.348 90.5322
-0.368415 89.8128 -52.779 142.354 90.5256
-0.366149 89.8126 -52.7542 142.366 90.5231
-0.369188 89.8082 -52.7209 160.754 90.1993
-0.3664 89.8157 -52.7087 173.363 90.0568
-0.372601 88.5869 -51.4543 168.244 89.8452
-0.371173 89.733 -52.5657 153.673 90.0704
-0.375197 89.6221 -52.4308 154.566 90.1886
-0.37065 89.5904 -52.3842 154.589 90.2473
-0.372727 89.5303 -52.314 154.615 90.2801
-0.374507 89.4863 -52.2514 154.634 90.2938
-0.370263 89.8918 -52.6411 154.658 90.3024
-0.380198 90.1606 -52.8927 154.674 90.3146
-0.379868 90.2132 -52.9264 154.688 90.318
-0.379562 90.1083 -52.8099 154.711 90.3218
-0.38151 89.9725 -52.6537 154.727 90.3316
-0.377736 89.9022 -52.5645 154.744 90.3286
-0.380536 89.8704 -52.5222 154.774 90.334
-0.380711 89.8345 -52.4745 154.795 90.3375
-0.373064 89.836 -52.4634 157.001 90.3144
-0.376987 89.8325 -52.4459 131.356 90.6828
-0.382635 89.8271 -52.4269 117.444 90.9097
-0.379958 89.8265 -52.409 116.446 90.8982
-0.383087 89.8264 -52.391 123.937 90.7645
-0.391869 89.8236 -52.3768 146.346 90.426
-0.396999 89.825 -52.3636 160.191 90.2409
-0.402205 89.8202 -52.3477 162.844 90.2064
-0.402337 89.8153 -52.3305 144.174 90.475
-0.39989 89.8158 -52.3185 127.539 90.7339
-0.404276 89.8112 -52.297 122.406 90.815
-0.402717 89.815 -52.2861 122.508 90.8179
-0.405365 89.8117 -52.2716 138.898 90.5598
-0.404263 89.8151 -52.2602 146.916 90.456
-0.408184 89.8109 -52.2413 145.76 90.4702
-0.413094 89.8101 -52.2352 145.782 90.4775
-0.407375 89.8155 -52.2231 145.796 90.4799
-0.412752 89.0008 -51.397 145.819 90.4851
-0.414834 87.2561 -49.6341 145.834 90.4858
-0.412375 87.4017 -49.7674 145.852 90.487
-0.416363 85.5046 -47.8553 145.869 90.494
-0.415273 40.5046 -2.85532 145.883 90.4917
-0.410878 64.0044 -26.3288 145.91 90.4902
-0.418984 19.0044 18.6712 145.923 90.4975
-0.423268 64.0044 -26.3288 145.943 90.5005
-0.426532 89.1808 -51.4568 145.964 90.4997
-0.429638 89.3602 -51.6252 145.989 90.5005
-0.4301 89.4263 -51.6743 146.007 90.5063
-0.435011 89.4751 -51.7086 146.028 90.5089
-0.437884 89.7681 -51.9865 146.048 90.5112
-0.443393 89.9695 -52.1544 146.053 90.514
-0.441336 89.7328 -51.8927 146.067 90.5087
-0.446849 89.6091 -51.7489 146.083 90.5114
-0.44249 89.5149 -51.6432 146.114 90.5119
-0.449635 89.4101 -51.5255 146.136 90.5166
-0.448583 89.2724 -51.3712 146.157 90.5145
-0.445274 88.9795 -51.0715 146.183 90.5172
-0.453063 88.5873 -50.6558 146.195 90.5279
-0.448959 88.27 -50.3209 146.214 90.5254
-0.451079 87.1348 -49.1649 146.225 90.5253
-0.44416 86.6728 -48.6812 146.242 90.52
-0.440853 88.5474 -50.5446 146.264 90.515
-0.440166 95.697 -57.6822 146.29 90.5183
-0.439042 96.0041 -57.9625 146.3 90.5193
-0.436145 101.852 -63.7965 146.319 90.5154
-0.437776 101.622 -63.5365 146.324 90.5138
-0.437163 96.6512 -58.5428 146.336 90.5137
-0.436621 92.6187 -54.4955 146.358 90.5142
-0.437598 86.5243 -48.3909 146.382 90.5156
-0.434045 84.2708 -46.1145 146.394 90.5115
-0.432096 75.6608 -37.5 146.423 90.5101
-0.442369 70.5495 -32.3736 146.444 90.5115
-0.438721 76.2193 -38.0381 146.472 90.5102
-0.439674 77.8441 -39.6529 146.494 90.5057
-0.444907 80.2485 -42.0491 146.525 90.5122
-0.450898 90.7749 -52.566 146.547 90.5134
-0.450085 99.9564 -61.7381 146.572 90.5144
-0.447673 102.824 -64.5909 146.592 90.5116
-0.44098 91.6261 -53.3825 146.619 90.5068
-0.441093 82.3914 -44.1373 146.646 90.5101
-0.439233 76.7114 -38.4441 146.669 90.5045
-0.44342 73.7441 -35.4677 146.695 90.5101
-0.447524 77.4562 -39.1669 146.722 90.5086
-0.456438 81.1089 -42.8077 146.749 90.5135
-0.457472 76.3992 -38.0838 146.775 90.5121
-0.448655 89.6643 -51.3392 146.803 90.5074
-0.45189 84.06 -45.7278 146.831 90.5112
-0.452034 87.752 -49.4105 146.859 90.5126
-0.453952 86.7929 -48.4374 146.876 90.5142
-0.453712 88.5611 -50.1941 146.904 90.5129
-0.456225 85.9616 -47.5833 146.933 90.5163
-0.448394 90.1351 -51.747 146.958 90.5076
-0.455324 60.3195 -21.9245 146.986 90.5111
-0.452177 76.9269 -38.5242 147.011 90.5076
-0.452293 65.0215 -26.6035 147.035 90.5105
-0.452979 70.0358 -31.6086 147.064 90.5122
-0.453823 68.5332 -30.0927 147.091 90.5153
-0.456281 65.4641 -27.0114 147.117 90.5094
-0.464245 70.9984 -32.5374 147.143 90.5134
-0.469626 83.4183 -44.9199 147.152 90.5142
-0.470566 93.4191 -54.9041 147.171 90.513
-0.470002 82.4047 -43.8822 147.204 90.5125
-0.472109 81.296 -42.7604 147.23 90.5136
-0.47304 83.6675 -45.1134 147.251 90.5196
-0.467851 84.2651 -45.6994 147.279 90.5151
-0.471873 82.7749 -44.1935 147.3 90.518
-0.468189 88.3946 -49.7921 147.317 90.5183
-0.465637 88.8689 -50.248 147.337 90.5126
-0.459183 88.8709 -50.2226 147.351 90.5053
-0.460566 95.8695 -57.2088 147.381 90.5097
-0.458905 93.9207 -55.2361 147.397 90.5056
-0.455325 82.6123 -43.9128 147.422 90.5028
-0.454574 82.852 -44.1403 147.449 90.5043
-0.4477 88.4955 -49.7645 147.464 90.5023
-0.446595 80.2133 -41.472 147.492 90.5033
-0.445527 85.2206 -46.4678 147.519 90.4998
-0.446664 89.9571 -51.1933 147.551 90.4986
-0.44421 88.9635 -50.1896 147.584 90.4953
-0.450147 89.0197 -50.2188 147.598 90.4995
-0.447124 89.8609 -51.0471 147.623 90.4964
-0.440882 90.2195 -51.3816 147.638 90.4949
-0.437437 92.07 -53.2109 147.657 90.4951
-0.43406 93.9067 -55.0405 147.691 90.4905
-0.434467 89.2572 -50.3832 147.718 90.4888
-0.436912 89.1479 -50.2677 147.75 90.4907
-0.44114 89.6741 -50.7862 147.785 90.5012
-0.445999 90.1914 -51.2815 147.802 90.5064
-0.439047 90.1975 -51.2785 147.83 90.5011
-0.439362 90.1022 -51.1715 147.856 90.5008
-0.435155 90.0479 -51.1088 147.89 90.4912
-0.434088 90.035 -51.0839 147.917 90.4927
-0.433504 90.0197 -51.058 147.945 90.4902
-0.436866 90.003 -51.0302 147.974 90.4943
-0.433387 89.9985 -51.0156 148 90.4914
-0.428394 89.9884 -50.9948 148.026 90.4851
-0.426283 89.9795 -50.9731 148.05 90.483
-0.427117 89.9625 -50.9329 148.065 90.4836
-0.427345 89.7984 -50.7628 148.094 90.479
-0.425139 89.1984 -50.1468 148.114 90.4793
-0.42405 88.5002 -49.431 148.136 90.4781
-0.431866 88.3526 -49.263 148.154 90.4827
-0.427299 43.3526 -4.26304 148.169 90.4798
-0.429845 -1.6474 40.737 148.194 90.4764
-0.438606 -46.6474 85.737 148.219 90.4746
-0.438055 -85 128.724 148.248 90.4751
-0.437717 -85 128.893 148.271 90.4764
-0.440049 -85 129.058 148.302 90.476
-0.439545 -85 128.685 148.328 90.4789
-0.431787 -85 126.793 148.355 90.4724
-0.427394 -40 81.7933 148.384 90.4741
-0.42637 5 36.7933 148.408 90.4707
-0.418637 50 -8.20672 148.437 90.4654
-0.423847 89.2507 -50.0123 148.452 90.4691
-0.420055 89.2436 -49.9891 148.476 90.4663
-0.422316 89.2331 -49.9593 148.494 90.4636
-0.422325 89.0079 -49.7183 148.519 90.4592
-0.416673 89.3502 -50.0322 148.532 90.4545
-0.416075 89.5734 -50.2393 148.556 90.4506
-0.40736 90.1165 -50.7571 148.571 90.4503
-0.406651 90.3939 -51.0167 148.589 90.4519
-0.40842 90.4112 -51.0127 148.601 90.4569
-0.398415 90.2765 -50.8537 148.619 90.4497
-0.399853 89.5339 -50.103 148.652 90.4509
-0.401767 88.7876 -49.3441 148.683 90.4513
-0.402 88.406 -48.9528 148.717 90.4494
-0.402549 88.9237 -49.4598 148.747 90.4514
-0.406028 90.3396 -50.8733 148.777 90.4499
-0.402735 45.3396 -5.87327 148.801 90.4482
-0.40847 0.339602 39.1267 148.825 90.4564
-0.404571 -44.6604 84.1267 148.843 90.4494
-0.396696 -85 129.127 148.858 90.4409
-0.389727 -85 131.093 148.869 90.4397
-0.393237 -85 131.096 148.899 90.4356
-0.386856 -85 131.077 148.923 90.4312
-0.384166 -85 131.051 148.953 90.4284
-0.384414 -40 86.0508 148.961 90.4294
-0.382634 5 41.0508 148.979 90.4324
-0.372369 50 -3.9492 149.001 90.4217
-0.374312 89.9864 -48.9492 149.013 90.4209
-0.379658 89.988 -50.2546 149.025 90.4204
-0.381137 89.9908 -50.2476 149.049 90.4202
-0.375052 89.9893 -50.2311 149.076 90.415
-0.378605 89.9843 -50.2052 149.094 90.4186
-0.380544 90.6487 -50.8592 149.121 90.4199
-0.374734 45.6487 -5.85916 149.142 90.4145
-0.374355 0.648656 39.1408 149.169 90.4139
-0.375374 -44.3513 84.1408 149.193 90.4101
-0.376289 -85 129.141 149.204 90.4104
-0.383869 -85 132.344 149.228 90.4127
-0.376626 -85 132.308 149.252 90.4106
-0.384276 -85 133.755 149.281 90.4105
-0.384276 -40 88.7549 149.305 90.4121
-0.390271 5 43.7549 149.332 90.4142
-0.394687 50 -1.24511 149.341 90.4182
-0.394803 89.9683 -46.2451 149.368 90.4196
-0.408638 89.9789 -49.9887 149.393 90.4264
-0.402888 89.986 -49.9857 149.422 90.4227
-0.401196 89.9881 -49.9782 149.448 90.4258
-0.401744 89.9813 -49.9633 149.48 90.4265
-0.399843 89.9794 -49.9481 149.506 90.4255
-0.387817 89.9776 -49.9301 149.532 90.4217
-0.389288 89.9778 -49.9193 149.563 90.4256
-0.385702 89.8335 -49.768 149.6 90.4185
-0.386957 89.4778 -49.4004 149.627 90.4172
-0.388455 89.1587 -49.0723 149.661 90.4215
-0.397754 89.1721 -49.0803 149.693 90.4291
-0.39637 89.0173 -48.9148 149.721 90.4228
-0.391684 88.6719 -48.5578 149.749 90.4175
-0.385741 85.8133 -45.6747 149.763 90.4143
-0.393762 85.4256 -45.2716 149.79 90.4224
-0.395523 85.7408 -45.5655 149.806 90.4221
-0.395719 85.9921 -45.8056 149.838 90.4243
-0.397744 82.9288 -42.7312 149.868 90.4216
-0.395559 37.9288 2.26878 149.864 90.4184
-0.390574 -7.07123 47.2688 149.88 90.4186
-0.390835 -52.0712 92.2688 149.908 90.4131
-0.386872 -85 129.677 149.918 90.4141
-0.385869 -85 129.812 149.93 90.4062
-0.387381 -85 129.92 149.952 90.4044
-0.386843 -85 129.709 149.98 90.4068
-0.389602 -85 129.186 150.007 90.4094
-0.386079 -85 127.178 150.037 90.4061
-0.384207 -40 82.178 150.065 90.407
-0.381551 5 37.178 150.088 90.4084
-0.381088 50 -7.82196 150.111 90.4055
-0.384918 89.733 -49.2959 150.127 90.4087
-0.3799 89.7343 -49.2756 150.148 90.4082
-0.38033 89.6079 -49.1277 150.162 90.4081
-0.379265 89.3166 -48.8154 150.179 90.4157
-0.384286 89.1231 -48.5935 150.194 90.4206
-0.376692 88.3897 -47.8348 150.205 90.4181
-0.375177 86.1296 -45.5468 150.219 90.4173
-0.374378 82.1043 -41.496 150.232 90.4186
-0.37652 86.8474 -46.2014 150.237 90.4203
-0.37779 87.9691 -47.3055 150.26 90.4194
-0.376512 89.71 -49.0388 150.288 90.4193
-0.373365 89.9615 -49.2865 150.323 90.4103
-0.374227 90.6563 -49.9658 150.347 90.408
-0.378196 90.2863 -49.5654 150.355 90.4129
-0.379287 89.3925 -48.6362 150.359 90.4151
-0.380329 86.3781 -45.6072 150.387 90.4143
-0.376158 41.3781 -0.607234 150.403 90.4156
-0.376431 -3.62193 44.3928 150.42 90.415
-0.37649 -48.6219 89.3928 150.449 90.412
-0.387588 -85 128.951 150.477 90.4206
-0.379524 -85 129.178 150.505 90.4144
-0.37768 -40 84.1784 150.53 90.4132
-0.377803 5 39.1784 150.558 90.4099
-0.377363 50 -5.82161 150.589 90.4045
-0.37669 90.0558 -49.1604 150.614 90.4031
-0.381005 90.0579 -49.1379 150.63 90.4074
-0.376997 90.0502 -49.1199 150.656 90.4018
-0.381694 90.0465 -49.1064 150.686 90.4028
-0.373808 90.0485 -49.0965 150.712 90.3976
-0.373543 90.0472 -49.0736 150.732 90.3955
-0.371009 90.0432 -49.0577 150.756 90.3898
-0.369188 90.0344 -49.0273 150.777 90.3904
-0.364217 90.0269 -48.9956 150.792 90.3848
-0.361969 90.0188 -48.9753 150.82 90.3818
-0.365337 90.0096 -48.9499 150.847 90.3857
-0.362241 90.0011 -48.9305 150.874 90.3808
-0.359217 89.9907 -48.9066 150.897 90.3786
-0.358014 89.9849 -48.8947 150.921 90.3821
-0.361428 89.9797 -48.8751 150.943 90.3873
-0.369488 89.973 -48.8623 150.969 90.3949
-0.364904 89.9686 -48.8477 151.001 90.397
-0.374301 89.9588 -48.8296 151.026 90.3995
-0.375697 89.9508 -48.8088 151.049 90.3964
-0.369307 89.9416 -48.7828 151.074 90.395
-0.370029 89.9396 -48.7627 151.096 90.3937
-0.373242 89.9348 -48.7446 151.125 90.397
-0.374981 89.9328 -48.734 151.153 90.3997
-0.377695 89.9273 -48.7177 151.18 90.4059
-0.369501 89.9252 -48.6871 151.188 90.4039
-0.369499 89.9248 -48.675 151.209 90.4018
-0.366664 89.9196 -48.6407 151.218 90.397
-0.366913 89.9096 -48.615 182.521 89.8732
-0.365847 89.9088 -48.5908 201.721 89.2769
-0.365859 89.9033 -48.5744 156.721 90.3761
-0.364497 89.8971 -48.5572 132.914 90.6454
-0.359292 89.895 -48.5443 135.121 90.5958
-0.363211 89.889 -48.5309 150.569 90.3931
-0.363756 89.8916 -48.5251 148.936 90.4112
-0.340703 89.8903 -49.8764 150.326 90.4026
0.0454141 89.8866 -74.4092 174.902 90.0211
0.486934 89.8802 -97.7996 198.337 89.5815
0.377187 89.8824 -101.033 201.606 89.6964
0.194954 89.8824 -91.3179 191.93 89.8755
-0.178759 89.8751 -64.5036 165.161 90.2469
-0.398752 89.8703 -51.7321 152.436 90.4686
-0.607586 89.8702 -41.7313 142.47 90.6772
-0.607355 89.8706 -39.6848 140.463 90.6708
-0.46937 89.874 -43.771 144.586 90.535
-0.312832 89.8715 -52.0563 152.914 90.3813
-0.0793168 89.8722 -67.9991 168.897 90.1464
0.0520926 89.8737 -77.6985 178.639 90.0139
0.110198 89.8703 -81.2989 182.282 89.9544
0.0827369 89.8695 -81.0488 182.074 89.9851
-0.0734487 89.8718 -71.1705 172.236 90.1396
-0.50016 89.8673 -46.1382 147.247 90.5632
-0.434551 89.8604 -46.0173 147.173 90.4947
-0.432744 89.8586 -45.535 146.733 90.4976
-0.477801 89.8537 -43.0491 144.296 90.5418
-45.4778 89.8546 -51.6482 152.932 135.542
-43.0776 89.8465 -34.2557 135.587 133.14
-88.0776 89.8421 -54.0696 155.443 178.138
-43.0776 89.8435 -51.1598 152.571 133.138
1.92238 89.8432 -55.6705 157.119 88.1385
-24.1667 89.846 -61.6852 163.172 114.225
3.586 89.8422 -60.8594 162.389 86.4703
40.2014 89.8392 -64.2758 165.844 49.8565
-4.79864 89.8389 -62.579 164.184 94.854
-29.702 89.8391 -55.1367 156.786 119.757
15.298 89.8382 -55.8654 157.553 74.7576
-29.275 89.8414 -58.8665 160.591 119.335
-74.275 89.8333 -40.2754 142.042 164.335
-29.275 89.8351 -58.5358 160.338 119.336
2.13998 89.8389 -69.5457 171.383 87.9243
-42.86 89.8383 -34.747 136.622 132.924
-53.6353 89.84 -54.3059 156.222 143.703
-8.63532 89.8373 -44.686 146.644 98.7055
-53.6353 89.8418 -53.3791 155.371 143.705
-32.6536 89.8399 -60.3361 162.367 122.726
12.3464 89.8383 -61.9915 164.063 77.7261
-32.6536 89.8396 -48.969 151.08 122.725
-39.6663 89.8368 -57.758 159.911 129.733
5.33374 89.8432 -59.7701 161.957 84.7367
1.16657 89.8392 -64.3305 166.56 88.9076
-43.8334 89.839 -58.6963 160.968 133.907
-13.0758 89.8372 -65.7611 168.074 103.149
28.7671 89.8366 -55.2849 157.642 61.3011
34.6987 89.8365 -67.1012 169.492 55.3701
19.7547 89.8406 -65.7748 168.203 70.3184
9.94907 89.8432 -70.9417 173.404 80.1265
-1.71023 89.8478 -57.0058 159.501 91.7882
