4
0.821711 89.9611 -89.976 180.006 89.9571
0.926398 89.9563 -89.9766 180.007 89.9514
1.01847 89.9497 -89.9789 180.007 89.9526
1.12265 89.9491 -89.9878 180.005 89.9412
1.22628 89.949 -89.9933 180.003 89.917
1.32151 89.942 -89.9923 180.002 89.9226
1.42237 89.9414 -89.9954 180.001 89.9137
1.52184 89.9376 -89.9994 180 89.9017
1.61988 89.9327 -90.0001 180 89.9045
1.72141 89.9305 -89.9998 180 89.9021
1.82239 89.9267 -89.9999 180 89.8992
1.91563 89.9217 -90.0001 180 89.892
2.01677 89.9178 -90.0009 179.999 89.9134
2.11675 89.913 -89.9951 180 89.9281
2.21338 89.905 -89.9893 180 89.918
2.31334 89.9033 -89.9899 179.999 89.9176
2.40556 89.8962 -89.9825 180.001 89.9236
2.50676 89.8918 -89.9807 180.001 89.9277
2.61342 89.8929 -89.9872 180.002 89.9124
2.7175 89.8892 -89.9847 180.001 89.9055
2.8186 89.886 -89.9842 180 89.8913
2.91751 89.8854 -89.9852 180.001 89.902
3.02097 89.8817 -89.9818 180.001 89.8989
3.11896 89.8805 -89.9829 180.001 89.8925
3.21977 89.8763 -89.9786 180.001 89.8952
3.32223 89.8757 -89.9734 180.001 89.8901
3.41916 89.8708 -89.9742 180.001 89.8929
3.51901 89.8654 -89.9718 180.001 89.9165
3.62252 89.867 -89.9743 180 89.9251
3.7291 89.8623 -89.9709 180 89.9262
3.82496 89.8574 -89.9721 180 89.9153
3.93128 89.8538 -89.9606 179.999 89.9131
4.02653 89.8536 -89.9631 180 89.9111
4.13009 89.8552 -89.9669 180 89.9266
4.22992 89.8556 -89.966 180 89.9282
4.32831 89.852 -89.9525 180.001 89.9243
4.42979 89.8483 -89.9438 180.001 89.9
4.52774 89.8457 -89.932 180 89.8997
4.62462 89.8461 -89.9298 180.002 89.9046
4.72826 89.8482 -89.923 180 89.9003
4.82761 89.8439 -89.9098 180.001 89.9098
4.92822 89.8395 -89.8972 180 89.8856
5.02418 89.8357 -89.8833 179.999 89.8817
5.1218 89.8313 -89.8756 179.998 89.8551
5.2202 89.8212 -89.8631 179.997 89.8512
5.32352 89.8202 -89.8578 179.997 89.8483
5.4128 89.813 -89.8459 179.997 89.8405
5.51014 89.8103 -89.8472 179.996 89.8389
5.61715 89.8062 -89.8481 179.995 89.8236
5.72129 89.8062 -89.8462 179.996 89.8108
5.81921 89.8019 -89.8133 179.996 89.7984
5.91614 89.7998 -89.7767 179.998 89.8056
6.00903 89.7913 -89.7497 179.999 89.821
6.08935 89.7675 -89.6956 180 89.8108
6.20721 89.7823 -89.6356 180.003 89.7902
6.30724 89.7798 -89.5205 180.006 89.7738
6.41001 89.7819 -89.3588 180.011 89.7583
6.50968 89.7694 -89.7531 179.999 89.7217
6.606 89.7679 -89.7496 179.999 89.6965
6.7063 89.7646 -89.7514 179.999 89.6898
6.80578 89.7623 -89.7508 179.998 89.6587
6.91235 89.7607 -89.7578 179.999 89.6462
7.01391 89.7557 -89.7557 179.997 89.624
7.11427 89.7481 -89.7484 179.996 89.6091
7.2162 89.7421 -89.7472 179.996 89.577
7.31847 89.7387 -89.7471 179.995 89.5574
7.41655 89.7332 -89.7432 179.994 89.5321
7.51689 89.7299 -89.7418 179.993 89.5088
7.61694 89.7225 -89.657 179.994 89.475
7.71188 89.7226 -89.3918 180.002 89.4477
7.80452 89.7182 -89.4005 180 89.4484
7.90761 89.7119 -89.608 179.993 89.4418
8.016 89.7281 -89.2825 180.007 89.426
8.10658 89.7146 -89.2642 180.008 89.4357
8.20356 89.7143 -89.2674 180.007 89.4303
8.30425 89.7158 -89.2697 180.008 89.4341
8.39577 89.7118 -89.2611 180.007 89.4403
8.49485 89.7117 -89.2627 180.008 89.4514
8.59807 89.709 -89.2562 180.007 89.4488
8.69849 89.7042 -89.2511 180.009 89.4379
8.79649 89.7008 -89.2415 180.009 89.4561
8.88802 89.6942 -89.233 180.009 89.444
8.98723 89.6904 -89.2226 180.009 89.4363
9.0855 89.6839 -89.2096 180.011 89.4397
9.18555 89.6822 -89.2082 180.01 89.4503
9.2868 89.682 -89.2072 180.01 89.4356
9.38461 89.6771 -89.1996 180.011 89.4388
9.48185 89.6701 -89.191 180.011 89.4576
9.57561 89.6672 -89.187 180.011 89.441
9.67475 89.6665 -89.1858 180.011 89.4676
9.7745 89.6591 -89.1781 180.01 89.4854
9.87341 89.6579 -89.1731 180.012 89.5121
9.97215 89.6541 -89.1678 180.012 89.5303
10.0701 89.6509 -89.1624 180.011 89.5292
10.168 89.6487 -89.1538 180.012 89.5253
10.2648 89.6459 -89.1486 180.013 89.5204
10.3579 89.6404 -89.1401 180.012 89.5181
10.4601 89.6345 -89.1365 180.013 89.5385
10.5566 89.6286 -89.1335 180.012 89.536
10.662 89.6239 -89.1283 180.011 89.541
10.7669 89.6249 -89.1282 180.012 89.5405
10.8621 89.6267 -89.1272 180.012 89.5483
10.962 89.6236 -89.1253 180.012 89.5457
11.0612 89.6213 -89.1208 180.011 89.5628
11.1591 89.619 -89.114 180.012 89.5701
11.2613 89.6189 -89.1174 180.012 89.5725
11.3585 89.6114 -89.1127 180.014 89.5829
11.4586 89.6108 -89.1077 180.015 89.5879
11.5595 89.6083 -89.1764 180.011 89.5967
11.6537 89.6035 -89.4134 180.004 89.5864
11.7484 89.5978 -89.4486 180.003 89.5925
11.8457 89.5918 -89.4535 180.002 89.6059
11.9434 89.5886 -89.4479 180.003 89.5953
12.0401 89.5884 -89.4445 180.002 89.5832
12.1341 89.5829 -89.4339 180.003 89.597
12.2355 89.5828 -89.4306 180.001 89.6006
12.3272 89.5736 -89.4231 180 89.5969
12.4261 89.5725 -89.4205 180.002 89.5826
12.5228 89.5677 -89.4116 180.002 89.5788
12.6172 89.5687 -89.4109 180.003 89.5455
12.7169 89.564 -89.4055 180.002 89.556
12.8106 89.5622 -89.4069 180.003 89.5695
12.9013 89.5599 -89.4058 180.001 89.5795
13.0096 89.5564 -89.3981 180.002 89.5834
13.1035 89.5524 -89.3926 180.002 89.5763
13.1975 89.549 -89.3871 180.001 89.5865
13.2956 89.5452 -89.3793 180.001 89.5836
13.3987 89.5419 -89.3732 180.002 89.5798
13.4928 89.5361 -89.3645 180.003 89.561
13.5842 89.5348 -89.3583 180.004 89.5676
13.6767 89.531 -89.3529 180.002 89.5848
13.7743 89.5288 -89.3469 180.003 89.5908
13.8698 89.5229 -89.3429 180.004 89.5779
13.9643 89.518 -89.327 180.003 89.5778
14.0568 89.5153 -89.3269 180.002 89.567
14.1561 89.5138 -89.3187 180.004 89.5764
14.2489 89.511 -89.3152 180.004 89.5833
14.3514 89.5121 -89.3158 180.003 89.5795
14.4468 89.5105 -89.314 180.003 89.5558
14.5354 89.505 -89.3053 180.001 89.5621
14.6318 89.4965 -89.3015 180.001 89.5459
14.7185 89.493 -89.2985 180.002 89.5309
14.8148 89.4866 -89.2898 180.001 89.5266
14.9197 89.4836 -89.2852 180 89.4941
15.0144 89.4787 -89.28 180.001 89.4806
15.109 89.4766 -89.2785 180.001 89.5011
15.2025 89.4707 -89.2705 180.002 89.515
15.3074 89.4694 -89.2692 180.003 89.5226
15.3942 89.4675 -89.2717 180.003 89.5271
15.4918 89.4638 -89.2576 180.005 89.5385
15.5919 89.459 -89.2499 180.005 89.5573
15.693 89.456 -89.2406 180.005 89.5561
15.7803 89.4494 -89.2337 180.006 89.5544
15.8783 89.4452 -89.2247 180.007 89.5605
15.9743 89.4424 -89.2183 180.007 89.576
16.0715 89.4366 -89.209 180.009 89.5875
16.17 89.4329 -89.212 180.009 89.576
16.2613 89.4227 -89.1905 180.01 89.5584
16.3596 89.4222 -89.1807 180.01 89.5641
16.4433 89.416 -88.795 179.989 89.5926
11.5242 88.9207 -71.2384 179.596 89.4574
12.6285 89.0134 -73.0794 179.655 89.4627
12.6398 89.0087 -72.9077 179.614 89.3358
13.057 89.0372 -73.511 179.612 89.2619
14.698 89.1728 -77.1106 179.697 89.231
17.0175 89.4089 -89.1028 180.016 89.3189
17.116 89.4077 -89.2315 180.015 89.3183
17.2147 89.4057 -89.2359 180.011 89.325
17.3113 89.4025 -89.2367 180.008 89.3355
17.4088 89.3994 -89.2408 180.006 89.3113
17.5086 89.3973 -89.2334 180.003 89.2914
17.6084 89.3943 -89.2283 180.002 89.281
17.7051 89.395 -89.2245 180.002 89.2931
17.7986 89.3918 -89.2192 180 89.2899
17.8965 89.3834 -89.2105 179.999 89.2867
17.9967 89.3863 -89.2128 180 89.2806
18.0938 89.3843 -89.2083 179.999 89.2647
18.1874 89.3821 -89.1953 179.997 89.2738
18.2868 89.378 -89.1899 179.995 89.2761
18.3827 89.3738 -89.1872 179.993 89.2823
18.4781 89.3658 -89.1775 179.992 89.2679
18.5793 89.3659 -89.17 179.99 89.2602
18.6743 89.3569 -89.1572 179.99 89.2734
18.7705 89.3548 -89.1553 179.989 89.2729
18.8604 89.3488 -89.1488 179.988 89.2744
18.9619 89.344 -89.1396 179.987 89.2863
19.0694 89.34 -89.1333 179.987 89.2829
19.1568 89.333 -89.1211 179.986 89.263
19.2563 89.3316 -89.1187 179.986 89.2654
19.3482 89.3267 -89.1105 179.986 89.2705
19.444 89.3188 -89.0998 179.986 89.275
19.5421 89.3162 -89.0883 179.987 89.2739
19.6408 89.3104 -89.0746 179.986 89.2756
19.7353 89.3057 -89.069 179.986 89.2568
19.8282 89.3009 -89.065 179.986 89.2664
19.9214 89.2955 -89.0563 179.987 89.2826
20.0207 89.2909 -89.0509 179.986 89.2893
20.1165 89.2867 -89.0467 179.986 89.2932
20.2084 89.2844 -89.0422 179.988 89.2846
20.3033 89.2771 -89.0393 179.989 89.3051
20.405 89.2763 -89.0345 179.99 89.3059
20.4999 89.2742 -89.0298 179.989 89.3159
20.5958 89.2706 -89.025 179.99 89.3253
20.6936 89.266 -89.0229 179.991 89.3392
20.7908 89.2623 -89.0174 179.992 89.3359
20.8788 89.247 -88.9638 179.994 89.3449
20.9825 89.247 -89.1431 179.994 89.3275
21.0792 89.2443 -89.1619 179.996 89.3203
21.1724 89.2348 -88.9677 180.007 89.3317
21.2676 89.2327 -88.9688 180.009 89.3569
21.3632 89.2291 -88.9663 180.011 89.389
21.4628 89.2283 -88.9626 180.011 89.4137
21.5566 89.2236 -88.956 180.009 89.4401
21.6552 89.2244 -88.958 180.011 89.4645
21.753 89.2266 -88.9583 180.019 89.4734
21.8514 89.2253 -88.9989 180.045 89.4699
21.9471 89.2218 -88.9702 180.03 89.4485
22.0373 89.2151 -88.9308 180.027 89.4375
22.1332 89.2084 -89.1203 180.022 89.43
22.2249 89.2097 -88.8898 180.031 89.4233
22.3254 89.2072 -88.8932 180.029 89.3966
22.422 89.2063 -88.894 180.026 89.303
22.5242 89.2073 -88.8784 180.027 89.2938
22.6251 89.2062 -88.9005 180.031 89.2758
22.7174 89.2027 -88.9242 180.026 89.2333
22.8098 89.1921 -88.9306 180.043 89.2162
22.9116 89.1917 -88.8896 180.029 89.2062
23.0062 89.1937 -88.8872 180.027 89.1868
23.1027 89.1899 -88.8736 180.028 89.1774
23.1952 89.1866 -88.9009 180.023 89.1196
23.2902 89.1832 -88.8925 180.023 89.1144
23.3879 89.1774 -88.7414 180.028 89.1179
23.4727 89.1417 -89.4767 179.999 89.1034
23.5048 89.1554 -90.9763 180.124 89.1116
21.0841 89.0472 -107.278 180.316 88.92
-3.69991 87.4632 -128.353 181.918 88.5766
4.64794 87.8535 -118.512 181.666 88.9738
24.6504 88.8833 -79.0966 181.027 89.3485
26.7114 88.5875 -52.9528 180.98 88.748
35.6471 87.3542 -48.0707 182.346 89.6596
46.5887 85.6756 -39.3939 183.254 91.7537
34.4486 87.3469 -51.7344 182.228 89.8782
25.1043 88.441 -76.9607 181.354 89.7165
7.79178 88.1578 -121.961 181.105 88.8246
9.59815 88.2269 -119.989 181.073 89.0158
24.1037 88.7144 -83.0629 181.058 89.6974
27.3913 88.5882 -70.161 181.122 89.6622
25.7548 88.7346 -56.131 180.637 89.1997
21.6011 88.9602 -67.1304 179.898 89.4814
20.6103 88.9938 -64.5919 179.853 89.4812
21.2725 89.0725 -61.4788 179.988 89.439
24.4546 89.4268 -74.8605 180.018 89.7482
13.1421 88.7472 -119.86 180.667 89.2833
9.07285 88.4627 -127.025 180.789 89.0876
26.9204 89.2875 -82.0246 180.484 89.8201
25.5879 89.6171 -97.0755 180.06 89.925
22.9489 89.2181 -118.563 179.942 89.5741
22.6406 89.104 -122.219 179.887 89.4498
22.9267 89.1637 -120.204 179.912 89.5475
23.9345 89.244 -117.018 179.891 89.6836
25.5184 89.3408 -112.399 179.843 89.8395
26.1691 89.3991 -109.316 179.826 89.9263
26.5895 89.425 -106.209 179.835 90.0065
27.1322 89.4497 -104.155 179.793 90.0458
27.3595 89.5313 -101.137 179.803 90.0792
27.563 89.5902 -100.732 179.787 90.0844
27.7375 89.6479 -100.221 179.785 90.087
27.9079 89.6639 -100.663 179.768 90.061
28.0298 89.656 -101.097 179.763 90.0465
28.1238 89.6541 -101.355 179.765 90.0252
28.2191 89.6556 -101.382 179.765 90.0139
28.2652 89.6594 -101.169 179.777 89.9935
28.208 89.6884 -97.5985 179.81 89.9891
28.0281 89.6936 -92.2275 179.849 89.9721
27.8419 89.7007 -86.7655 179.942 89.9328
27.7156 89.6518 -84.1199 179.956 89.9038
28.2124 89.73 -89.4785 180.025 89.8128
28.294 89.7199 -89.4846 180.022 89.6204
28.3948 89.7175 -89.5113 180.016 89.296
28.4884 89.7124 -89.5208 180.014 88.9013
28.5888 89.7048 -89.5166 180.008 88.3543
28.6841 89.6992 -89.5084 180.005 87.8284
28.7858 89.7009 -89.5123 180.003 87.375
28.8846 89.6989 -89.5155 179.998 86.8288
28.9871 89.6986 -89.515 179.995 86.4725
29.0797 89.6913 -89.5139 179.993 86.116
29.1761 89.695 -89.5268 179.99 85.8853
29.2738 89.6894 -89.5162 179.988 85.6096
29.376 89.6869 -89.5093 179.986 85.3327
29.4712 89.6817 -89.5048 179.985 85.1527
29.5712 89.6781 -89.5072 179.982 84.9255
29.6664 89.674 -89.4984 179.983 84.8915
29.7676 89.6706 -89.495 179.983 84.805
29.8649 89.6696 -89.4919 179.982 84.742
29.9639 89.664 -89.4777 179.981 84.6815
30.0606 89.6615 -89.4698 179.98 84.713
30.1656 89.6556 -89.464 179.982 84.6925
30.2607 89.6531 -89.4597 179.982 84.6727
30.3586 89.65 -89.4588 179.982 84.6934
30.4587 89.6433 -89.4509 179.983 84.7191
30.5552 89.6408 -89.4481 179.984 84.7229
30.6541 89.6337 -89.4431 179.985 84.7879
30.7568 89.6281 -89.4377 179.983 84.7767
30.8562 89.6246 -89.4335 179.983 84.7568
30.9615 89.6213 -89.4315 179.983 84.7387
31.0561 89.6183 -89.4315 179.984 84.754
31.1534 89.6143 -89.4268 179.985 84.7601
31.2533 89.6134 -89.4284 179.987 84.7988
31.3508 89.6168 -89.4371 179.988 84.8372
31.4451 89.6148 -89.432 179.989 84.8619
31.5457 89.6109 -89.4213 179.99 84.8879
31.6466 89.6092 -89.4225 179.991 84.9133
31.7469 89.6089 -89.4198 179.992 84.9146
31.8493 89.6118 -89.4239 179.992 84.9485
31.9516 89.6106 -89.4228 179.992 84.9646
32.0421 89.6059 -89.4158 179.992 84.9826
32.1448 89.603 -89.4127 179.994 85.0409
32.2359 89.5995 -89.4031 179.995 85.0606
32.3354 89.6024 -89.409 179.996 85.078
32.4378 89.6016 -89.412 179.997 85.1177
32.5262 89.6006 -89.4073 179.998 85.1477
32.6332 89.6047 -89.4127 179.997 85.1692
32.7344 89.606 -89.4129 179.997 85.2076
32.8317 89.6031 -89.406 179.997 85.213
32.9193 89.6037 -89.3991 179.999 85.2434
33.0193 89.6029 -89.4007 179.998 85.2521
33.1172 89.5984 -89.3969 180 85.2623
33.2143 89.6012 -89.3976 179.999 85.2955
33.3109 89.5987 -89.397 180.001 85.3008
33.4142 89.5995 -89.3986 180.001 85.3057
33.5107 89.5977 -89.3947 180.001 85.3506
33.6091 89.5958 -89.3921 180 85.3848
33.711 89.5941 -89.3899 180 85.4039
33.8137 89.5949 -89.3877 180.001 85.4285
33.9114 89.5944 -89.39 179.999 85.474
34.0087 89.5926 -89.3843 180 85.5017
34.1066 89.5886 -89.3767 180 85.4932
34.2015 89.5861 -89.3709 180 85.5013
34.3106 89.5845 -89.3658 180.001 85.506
34.4072 89.5832 -89.3626 180.001 85.5301
34.5025 89.5829 -89.3612 180.001 85.5436
34.6026 89.5848 -89.36 180.002 85.5718
34.6948 89.5829 -89.3579 180.002 85.5878
34.7885 89.5815 -89.3551 180.002 85.6012
34.8813 89.5838 -89.3554 180.001 85.5911
34.9862 89.5816 -89.3539 180.002 85.6066
35.0836 89.575 -89.3427 180.002 85.5986
35.1768 89.5683 -89.3298 180.002 85.6235
35.2797 89.5671 -89.3271 180.004 85.624
35.383 89.5638 -89.3203 180.006 85.6469
35.4781 89.5623 -89.322 180.005 85.6597
35.5744 89.5495 -89.2826 179.891 85.6892
41.5759 88.6266 -113.188 176.987 86.059
26.6064 88.4416 -69.0851 176.949 86.4247
35.2718 88.8128 -91.4827 177.272 86.5235
39.6603 88.9535 -108.861 177.727 86.0316
35.7408 89.4695 -87.5258 179.165 85.9675
31.8791 89.1302 -68.2199 178.681 85.7946
23.4833 88.4492 -55.8628 177.484 85.8563
33.4855 88.8798 -84.0838 177.512 86.6939
41.9051 88.6382 -111.507 177.199 86.5249
31.4656 88.7432 -77.9882 177.451 86.7525
33.7385 88.588 -86.5564 177.147 87.1504
40.0707 88.9289 -106.009 177.695 86.5995
28.9816 88.7772 -66.6707 177.881 86.4216
34.5806 88.8549 -86.4734 177.565 87.0089
40.9961 88.8663 -108.08 177.687 86.7177
29.4591 88.8154 -67.3899 177.952 86.5834
36.734 88.9027 -92.1867 177.664 87.0959
39.8081 88.9461 -102.632 177.818 86.9805
36.7358 89.2156 -89.8408 178.368 86.9107
33.5477 89.0765 -77.1736 178.302 86.8996
35.9737 89.1491 -86.0147 178.342 87.0597
38.4063 89.1077 -96.0693 178.257 87.1856
39.4362 88.984 -99.6217 178.053 87.2843
37.3748 89.1151 -90.9344 178.334 87.3142
37.3137 89.2432 -89.2926 178.655 87.3052
37.8232 89.5101 -88.9008 179.499 87.1469
38.0976 89.5778 -91.4004 179.925 87.0172
38.1363 89.5872 -89.5036 180.074 86.8651
38.2281 89.5774 -89.2769 180.084 86.7536
38.3221 89.5683 -89.2365 180.08 86.6524
38.4165 89.5727 -89.2525 180.056 86.5544
38.5223 89.5727 -89.2668 180.04 86.4008
38.6156 89.5733 -89.2661 180.032 86.2799
38.7183 89.5688 -89.2614 180.025 86.0429
38.8099 89.5623 -89.2488 180.02 85.8677
38.9119 89.5625 -89.2512 180.016 85.7938
39.0159 89.5579 -89.2443 180.015 85.6654
39.116 89.5537 -89.2388 180.013 85.6036
39.211 89.5516 -89.2335 180.011 85.578
39.3103 89.5485 -89.2236 180.006 85.5308
39.4063 89.5448 -89.219 180.005 85.5671
39.509 89.5439 -89.2208 180.005 85.6346
39.6038 89.5429 -89.22 180.005 85.6135
39.7042 89.542 -89.2125 180.003 85.5516
39.8025 89.5421 -89.2109 180.002 85.5145
39.9041 89.5408 -89.2095 180.002 85.4992
40.0076 89.5389 -89.2028 180.006 85.5249
40.1054 89.5405 -89.2038 180.004 85.5079
40.206 89.5402 -89.2059 180.005 85.5125
40.3033 89.5385 -89.2027 180.006 85.3901
40.4016 89.537 -89.1934 180.006 85.3854
40.5066 89.5373 -89.1894 180.008 85.3956
40.6051 89.5373 -89.1914 180.013 85.4137
40.6984 89.5367 -89.1908 180.012 85.436
40.807 89.5365 -89.1859 180.013 85.3658
40.9033 89.5332 -89.1894 180.015 85.3616
41.0057 89.5307 -89.1891 180.017 85.3692
41.0986 89.5281 -89.1797 180.018 85.3963
41.194 89.5228 -89.174 180.019 85.403
41.2984 89.5215 -89.1695 180.019 85.4177
41.3858 89.5164 -89.1581 180.018 85.4365
41.4862 89.5155 -89.1574 180.017 85.4717
41.5806 89.5129 -89.1498 180.018 85.5013
41.682 89.5083 -89.1476 180.019 85.5315
41.7819 89.5052 -89.1353 180.019 85.5685
41.8712 89.5008 -89.1258 180.018 85.5901
41.969 89.4951 -89.1183 180.019 85.5971
42.067 89.492 -89.109 180.019 85.6213
42.1685 89.4891 -89.1053 180.019 85.6276
42.2632 89.4864 -89.1054 180.021 85.6196
42.367 89.4846 -89.1012 180.019 85.5945
42.4656 89.4821 -89.0972 180.019 85.5722
42.5688 89.4818 -89.0959 180.019 85.5975
42.6605 89.4828 -89.095 180.018 85.6206
42.7626 89.4814 -89.0931 180.018 85.6629
42.8642 89.4806 -89.0927 180.015 85.6746
42.9655 89.4808 -89.1027 180.017 85.6685
43.0596 89.4797 -89.0993 180.015 85.6728
43.1639 89.4789 -89.0999 180.014 85.6752
43.2524 89.4718 -89.093 180.014 85.6934
43.3581 89.4699 -89.0912 180.014 85.6971
43.4565 89.4679 -89.0868 180.015 85.7068
43.5549 89.4644 -89.081 180.015 85.7138
43.6517 89.4602 -89.0716 180.015 85.7094
43.7527 89.4587 -89.0683 180.015 85.7259
43.8493 89.4577 -89.0663 180.014 85.7037
43.9553 89.4549 -89.0589 180.015 85.7182
44.0474 89.4478 -89.048 180.015 85.7396
44.1364 89.4381 -89.0353 180.014 85.7803
44.2356 89.4323 -89.0247 180.014 85.812
44.3433 89.4275 -89.0224 180.014 85.8487
44.4441 89.4244 -89.0291 180.013 85.8724
44.5434 89.4229 -89.0359 180.014 85.8804
44.6387 89.4208 -89.0352 180.014 85.8971
44.7454 89.4163 -89.0317 180.013 85.9282
44.85 89.4128 -89.0355 180.012 85.8918
44.9436 89.4134 -89.0399 180.013 85.911
45.0514 89.41 -89.0342 180.012 85.8811
45.1534 89.413 -89.0345 180.013 85.8934
45.2446 89.4066 -89.0219 180.012 85.9029
45.3444 89.402 -89.0164 180.012 85.8833
45.4386 89.4016 -89.0138 180.011 85.8422
45.5349 89.3968 -88.9986 180.009 85.8217
45.6345 89.3903 -88.9971 180.007 85.8427
45.7187 89.3674 -88.9754 180.005 85.8737
45.8231 89.372 -88.9821 180.005 85.9066
45.9266 89.3717 -88.9754 180.006 85.9847
46.0291 89.3722 -88.9686 180.007 86.0558
46.1299 89.3662 -88.9602 180.008 86.1257
46.2251 89.3638 -88.9548 180.009 86.2033
46.3242 89.3606 -88.95 180.008 86.3009
46.4237 89.3548 -88.9393 180.009 86.4077
46.5163 89.3488 -88.929 180.011 86.4778
46.6316 89.3585 -88.9411 180.012 86.5458
46.7107 89.34 -88.9161 180.014 86.6207
46.8106 89.3336 -88.9117 180.014 86.7056
46.909 89.3268 -88.9022 180.015 86.7766
47.0013 89.3212 -88.8998 180.015 86.8594
47.1086 89.3188 -88.8933 180.016 86.948
47.2038 89.3144 -88.8889 180.018 87.0173
47.3016 89.3089 -88.8812 180.018 87.0834
47.3962 89.3051 -88.8745 180.018 87.1398
47.5001 89.3021 -88.8746 180.016 87.202
47.5933 89.3005 -88.8693 180.017 87.2837
47.6973 89.3006 -88.8647 180.017 87.3271
47.7959 89.2991 -88.861 180.017 87.3732
47.8953 89.296 -88.86 180.018 87.4398
47.9951 89.3309 -88.8963 180.019 87.4896
48.0916 89.2875 -88.8533 180.018 87.5508
48.1856 89.2837 -88.8469 180.017 87.5911
48.2906 89.2824 -88.8447 180.017 87.6431
48.3813 89.2769 -88.8401 180.017 87.707
48.4807 89.2689 -88.8284 180.016 87.7784
48.5748 89.2624 -88.8223 180.016 87.8127
48.6724 89.2517 -88.8036 180.016 87.9015
48.7689 89.2463 -88.7861 180.016 87.9512
48.8653 89.2404 -88.7724 180.016 87.9918
48.9588 89.2387 -88.7707 180.017 88.0508
49.0608 89.2342 -88.7685 180.017 88.1012
49.1586 89.2288 -88.7648 180.018 88.1388
49.254 89.2255 -88.7636 180.017 88.1945
49.3524 89.2223 -88.7626 180.017 88.2578
49.4598 89.2184 -88.7452 180.017 88.3062
49.573 89.17 -88.7242 180.008 88.3864
49.6467 89.219 -88.7848 179.997 88.3857
49.7475 89.2188 -88.7832 179.999 88.4054
49.8429 89.2169 -88.7845 179.998 88.4262
49.9375 89.2155 -88.7992 179.999 88.4547
50.027 89.2118 -88.7953 180.001 88.4816
50.1291 89.21 -88.8029 180 88.5085
50.2211 89.2025 -88.7934 180.002 88.5375
50.3191 89.1953 -88.7956 180.001 88.5609
50.416 89.1891 -88.7946 180.002 88.5986
50.5199 89.1862 -88.7978 180.004 88.627
50.6196 89.179 -88.79 180.004 88.6538
50.7141 89.1753 -88.7876 180.005 88.672
50.8123 89.1719 -88.7913 180.006 88.7006
50.9074 89.1693 -88.7892 180.006 88.7334
51.0111 89.1666 -88.7819 180.006 88.7552
51.1091 89.1615 -88.7788 180.007 88.7831
51.1981 89.1583 -88.7758 180.006 88.8095
51.3026 89.1555 -88.7703 180.007 88.8363
51.4004 89.1502 -88.7611 180.008 88.8626
51.5009 89.1478 -88.762 180.008 88.8997
51.5926 89.1403 -88.7528 180.009 88.9282
51.6966 89.1403 -88.7493 180.01 88.9571
51.7928 89.1384 -88.755 180.01 88.9872
51.8947 89.1355 -88.7536 180.01 89.0227
51.9956 89.1328 -88.7528 180.011 89.0549
52.0921 89.1303 -88.7563 180.011 89.0761
52.1948 89.1241 -88.7486 180.009 89.1044
52.2917 89.1228 -88.7452 180.009 89.1346
52.3897 89.1196 -88.7379 180.01 89.1635
52.4843 89.121 -88.7409 180.01 89.1948
52.5907 89.1195 -88.7421 180.011 89.2271
52.6908 89.1193 -88.7431 180.011 89.2595
52.7853 89.1148 -88.7363 180.011 89.2875
52.8805 89.1134 -88.7331 180.011 89.3177
52.9822 89.1073 -88.7285 180.011 89.3511
53.078 89.0967 -88.7144 180.011 89.3889
53.1699 89.093 -88.7084 180.01 89.4208
53.266 89.0807 -88.6935 180.01 89.4509
53.3661 89.0784 -88.6947 180.01 89.4807
53.4617 89.0721 -88.6886 180.01 89.5082
53.5557 89.0667 -88.6822 180.011 89.5385
53.6504 89.067 -88.681 180.01 89.5672
53.753 89.0636 -88.6703 180.012 89.5995
53.8505 89.0624 -88.6645 180.012 89.6335
53.9484 89.0616 -88.6617 180.012 89.6644
54.0402 89.0607 -88.6619 180.013 89.6905
54.1403 89.0595 -88.6598 180.012 89.7223
54.2409 89.0579 -88.6633 180.013 89.7535
54.3437 89.0567 -88.662 180.013 89.7858
54.4366 89.0532 -88.6524 180.015 89.823
54.541 89.0477 -88.644 180.015 89.8552
54.6396 89.0453 -88.6465 180.015 89.8875
54.7409 89.0397 -88.6446 180.015 89.9199
54.8388 89.0395 -88.645 180.016 89.9458
54.9367 89.0383 -88.6413 180.015 89.9802
55.0387 89.0334 -88.6355 180.014 90.01
55.1385 89.0311 -88.6362 180.013 90.0471
55.2381 89.0311 -88.638 180.014 90.0847
55.3326 89.0318 -88.6364 180.013 90.1183
55.4317 89.0312 -88.6348 180.012 90.1552
55.5357 89.0318 -88.6372 180.011 90.1811
55.6255 89.0258 -88.6314 180.011 90.2169
55.7294 89.0216 -88.6256 180.012 90.2519
55.8309 89.0233 -88.6273 180.011 90.2826
55.9339 89.02 -88.631 180.013 90.3101
56.0285 89.0203 -88.6423 180.013 90.3409
56.1244 89.0178 -88.6365 180.012 90.3668
56.2219 89.0149 -88.6304 180.014 90.3954
56.3204 89.0154 -88.6311 180.015 90.429
56.4215 89.0143 -88.6281 180.014 90.4631
56.5233 89.0094 -88.618 180.014 90.4875
56.6209 89.0053 -88.6136 180.014 90.5119
56.7178 89.0041 -88.6085 180.015 90.538
56.8185 88.9974 -88.6001 180.015 90.5655
56.9137 88.9928 -88.5928 180.016 90.5926
57.0136 88.9922 -88.5901 180.015 90.622
57.1106 88.9899 -88.5824 180.015 90.654
57.2077 88.9832 -88.5782 180.015 90.6807
57.3083 88.9832 -88.5761 180.012 90.7037
57.4041 88.9781 -88.5694 180.011 90.734
57.5025 88.9769 -88.572 180.011 90.7611
57.597 88.9796 -88.5721 180.011 90.7894
57.6996 88.9752 -88.5655 180.012 90.8256
57.8034 88.9752 -88.561 180.014 90.849
57.9057 88.9759 -88.5564 180.014 90.8773
57.9958 88.9694 -88.5501 180.015 90.9014
58.0947 88.9626 -88.5391 180.016 90.9237
58.1908 88.9574 -88.5316 180.017 90.9467
58.2856 88.9472 -88.5225 180.016 90.9739
58.3851 88.9462 -88.5224 180.017 90.9998
58.4805 88.9422 -88.5149 180.019 91.0227
58.5806 88.9417 -88.5105 180.019 91.0583
58.6766 88.9389 -88.5026 180.02 91.081
58.7745 88.9366 -88.4992 180.021 91.1108
58.8746 88.9378 -88.5043 180.02 91.1359
58.9736 88.9346 -88.501 180.02 91.1753
59.0713 88.9334 -88.5021 180.02 91.1955
59.1722 88.9291 -88.5006 180.021 91.2157
59.2761 88.9288 -88.5033 180.021 91.254
59.3704 88.9271 -88.5038 180.023 91.2743
59.4664 88.9231 -88.5033 180.023 91.2934
59.562 88.9175 -88.4979 180.022 91.3222
59.6574 88.9152 -88.4892 180.021 91.3414
59.7487 88.9112 -88.4802 180.02 91.3575
59.8538 88.9083 -88.4729 180.02 91.3562
59.9517 88.9084 -88.4581 180.018 91.3867
60.049 88.9052 -88.4311 180.018 91.4128
60.1466 88.9045 -88.4347 180.018 91.4379
60.2519 88.9047 -88.4278 180.018 91.4577
60.3464 88.9035 -88.4255 180.018 91.4749
60.4445 88.9013 -88.4242 180.017 91.4991
60.5438 88.8952 -88.4171 180.018 91.5136
60.6341 88.8917 -88.4126 180.019 91.542
60.7347 88.8912 -88.4134 180.018 91.5635
60.8328 88.8901 -88.4137 180.018 91.6025
60.9328 88.8895 -88.4142 180.019 91.6229
61.0369 88.8881 -88.4166 180.019 91.6454
61.1331 88.8865 -88.4152 180.019 91.6673
61.2297 88.8841 -88.415 180.019 91.6851
61.3297 88.8831 -88.4154 180.021 91.7181
61.4225 88.878 -88.4124 180.021 91.7433
61.5178 88.8706 -88.3995 180.023 91.7561
61.6119 88.8632 -88.3897 180.022 91.7718
61.7139 88.861 -88.3936 180.023 91.7851
61.8092 88.8576 -88.3968 180.024 91.8064
61.9122 88.855 -88.3993 180.025 91.8245
62.0022 88.8514 -88.3946 180.026 91.84
62.1048 88.8476 -88.3894 180.026 91.8643
62.2037 88.841 -88.3825 180.026 91.8878
62.3021 88.8394 -88.3791 180.027 91.9099
62.398 88.8406 -88.3757 180.029 91.9345
62.5018 88.8436 -88.3772 180.03 91.9481
62.6002 88.8397 -88.3768 180.028 91.9648
62.6938 88.839 -88.3747 180.029 91.9772
62.788 88.8368 -88.373 180.029 92.0003
62.8943 88.8354 -88.3715 180.03 92.0223
62.9916 88.8338 -88.3699 180.029 92.0413
63.0853 88.8331 -88.37 180.027 92.0603
63.1851 88.8338 -88.3699 180.026 92.0723
63.2733 88.8325 -88.3719 180.026 92.0789
63.3827 88.829 -88.3647 180.026 92.0951
63.486 88.8264 -88.3565 180.025 92.1091
63.5829 88.822 -88.3517 180.024 92.1206
63.6826 88.8176 -88.3463 180.024 92.1496
63.7795 88.8109 -88.3369 180.023 92.1582
63.8733 88.8057 -88.3287 180.024 92.178
63.9707 88.8075 -88.3347 180.025 92.1872
64.0705 88.8066 -88.3326 180.025 92.2027
64.177 88.806 -88.3304 180.026 92.2188
64.2756 88.8051 -88.3272 180.025 92.2228
64.3725 88.8041 -88.3256 180.027 92.2316
64.467 88.8035 -88.3211 180.025 92.2558
64.57 88.8014 -88.3234 180.026 92.2583
64.6627 88.8014 -88.3222 180.025 92.2709
64.7597 88.797 -88.3187 180.027 92.2786
64.8645 88.7934 -88.3142 180.027 92.2858
64.97 88.7913 -88.3046 180.028 92.2938
65.0622 88.7863 -88.2973 180.028 92.3116
65.161 88.7864 -88.2974 180.028 92.3256
65.2599 88.783 -88.2948 180.029 92.3333
65.3509 88.7738 -88.2882 180.029 92.3421
65.4546 88.7689 -88.2818 180.031 92.3743
65.554 88.7744 -88.2906 180.03 92.3954
65.656 88.7701 -88.2869 180.031 92.4068
65.7639 88.7689 -88.2808 180.032 92.4232
65.8658 88.7693 -88.2813 180.032 92.4364
65.9647 88.7683 -88.2803 180.032 92.4357
66.0668 88.7627 -88.2698 180.032 92.4222
66.1658 88.7543 -88.259 180.032 92.4332
66.2593 88.7537 -88.2585 180.032 92.4543
66.36 88.7512 -88.2489 180.032 92.4733
66.4609 88.748 -88.2459 180.031 92.4843
66.5714 88.7457 -88.2469 180.031 92.4997
66.6735 88.742 -88.2469 180.03 92.5048
66.7713 88.7434 -88.2506 180.03 92.5171
66.8717 88.7431 -88.2491 180.03 92.5174
66.9696 88.7428 -88.2554 180.03 92.5337
67.0698 88.7431 -88.2492 180.029 92.5497
67.1702 88.7383 -88.2447 180.027 92.5698
67.267 88.7361 -88.243 180.027 92.5643
67.3734 88.7342 -88.241 180.025 92.5807
67.4684 88.7291 -88.2359 180.025 92.5956
67.5683 88.7247 -88.2281 180.024 92.6142
67.6688 88.7182 -88.2195 180.025 92.6289
67.7728 88.7191 -88.2174 180.024 92.6381
67.8654 88.7174 -88.2157 180.023 92.6556
67.9684 88.7142 -88.2086 180.023 92.6674
68.0653 88.7155 -88.2084 180.022 92.681
68.164 88.714 -88.2035 180.022 92.6894
68.2615 88.7084 -88.1971 180.021 92.6913
68.3506 88.7032 -88.1844 180.02 92.6959
68.453 88.7048 -88.1856 180.02 92.7132
68.553 88.7017 -88.181 180.018 92.7251
68.6512 88.7001 -88.1777 180.016 92.7393
68.7476 88.6946 -88.1744 180.016 92.7471
68.8489 88.6937 -88.1759 180.017 92.7623
68.9489 88.6864 -88.1852 180.016 92.7725
69.0448 88.6824 -88.1848 180.017 92.7815
69.1437 88.6769 -88.1756 180.017 92.7962
69.2323 88.6745 -88.1709 180.018 92.8106
69.3294 88.6726 -88.1686 180.017 92.8225
69.4338 88.6695 -88.166 180.018 92.8152
69.5352 88.667 -88.1631 180.017 92.8396
69.6317 88.6579 -88.1571 180.018 92.841
69.7283 88.6575 -88.1632 180.018 92.8507
69.8327 88.6539 -88.1623 180.017 92.8426
69.9324 88.6541 -88.16 180.019 92.8401
70.0265 88.652 -88.1595 180.018 92.8593
70.1225 88.65 -88.137 180.017 92.8603
70.2222 88.6491 -88.1354 180.017 92.8639
70.3225 88.6501 -88.1375 180.016 92.8761
70.4155 88.6431 -88.1277 180.017 92.8906
70.5153 88.6382 -88.1231 180.017 92.9107
70.6162 88.6334 -88.1165 180.016 92.9015
70.7111 88.627 -88.1126 180.017 92.9119
70.8079 88.6232 -88.1162 180.017 92.912
70.9083 88.6231 -88.1155 180.017 92.9218
71.0087 88.624 -88.1132 180.017 92.9217
71.1079 88.6211 -88.1092 180.016 92.9195
71.2047 88.6146 -88.1048 180.017 92.9262
71.3076 88.611 -88.0982 180.015 92.9265
71.4026 88.6076 -88.0888 180.015 92.9297
71.4983 88.6074 -88.088 180.014 92.9364
71.6 88.6066 -88.0886 180.014 92.9448
