4
-0.0127226 90.0108 -90.0271 180.013 90.0016
-0.0112105 90.0157 -90.0298 180.011 89.9996
-0.0142093 90.0168 -90.0309 180.011 89.9988
-0.0150862 90.0204 -90.038 180.018 90.0007
-0.0116074 90.0208 -90.0427 180.023 89.9974
-0.0171377 90.0177 -90.0396 180.025 90.0028
-0.017337 90.0188 -90.0449 180.03 90.006
-0.0121985 90.0242 -90.0454 180.023 90.0078
-0.00975526 90.0251 -90.0568 180.028 90.0066
-0.00972733 90.0261 -90.0613 180.032 90.0059
-0.00972812 90.0222 -90.0574 180.039 90.0056
-0.00809833 90.0291 -90.0671 180.039 90.0044
-0.00615405 90.0327 -90.0749 180.046 90.0021
-0.00572344 90.0334 -90.0791 180.049 90.0055
-0.00631863 90.0397 -90.0888 180.053 90.0089
-0.00737682 90.0407 -90.0969 180.056 90.0099
-0.00721138 90.0389 -90.0986 180.058 90.0078
-0.00540399 90.036 -90.0957 180.06 90.0117
-0.00806959 90.039 -90.0987 180.06 90.0124
-0.013393 90.0371 -90.0933 180.06 90.0148
-0.0139221 90.0387 -90.0971 180.059 90.0161
-0.0164808 90.0378 -90.094 180.06 90.0178
-0.0171652 90.0437 -90.1035 180.063 90.0225
-0.0145281 90.0408 -90.1005 180.066 90.0195
-0.0175948 90.041 -90.1043 180.068 90.0201
-0.0220082 90.0391 -90.1024 180.069 90.0182
-0.0242109 90.0359 -90.1027 180.074 90.0141
-0.0249061 90.0366 -90.1069 180.078 90.0164
-0.0301156 91.5827 -91.6537 180.08 90.0164
-0.031668 103.221 -103.291 180.085 90.0157
-0.03388 83.993 -84.0634 180.085 90.0167
-0.371838 90.0871 -86.4615 176.383 90.3589
-0.298116 91.7314 -89.3281 177.604 90.2882
-17.7705 108.703 -114.394 185.702 107.763
-19.4701 114.34 -113.792 179.463 109.466
-12.9687 112.22 -122.563 190.35 102.968
-13.2705 111.48 -124.036 192.56 103.265
18.2113 79.9141 -84.6316 184.718 71.7867
-3.81722 124.914 -129.632 176.696 89.2014
23.5485 79.9141 -84.6316 178.763 86.8782
11.7046 34.9141 -39.6316 178.465 87.0592
16.9844 -10.0859 5.36841 177.321 87.7483
2.67239 -55.0859 50.3684 163.449 101.154
0.325031 -85 95.3684 164.84 56.1539
0.158169 -85 140.368 195.703 11.1539
0.0824649 -85 175 150.703 48.2579
0.0474981 -85 175 149.846 82.9938
0.0267452 -40 130 139.961 127.994
0.00538423 5 85 181.045 82.9938
-0.00327103 50 40 154.721 90.5711
-0.0164727 95 -5 172.608 75.2055
-0.0202328 140 -50 166.613 75.489
-0.0240378 179.92 -95 164.153 75.8751
-0.0246365 179.913 -140 163.074 76.5153
-0.0356047 179.906 -175 163.165 75.5955
-0.0385459 179.901 -175 162.983 75.3422
-0.0415684 179.895 -175 162.694 75.3017
-0.0457772 179.887 -175 162.81 75.4065
-0.0486123 179.881 -175 162.868 75.1533
-0.0409019 179.879 -175 163.274 75.4186
-0.044249 179.879 -175 164.906 76.0627
-0.0453746 179.872 -175 166.345 76.022
-0.0454802 179.865 -175 167.391 75.6232
-0.0511202 179.865 -175 167.473 75.5569
-0.0503338 179.86 -175 145.719 106.507
-0.0478526 179.854 -175 139.769 129.315
-0.053146 179.848 -175 135.866 126.402
-0.0519775 179.851 -175 136.415 144.991
-0.0484487 179.843 -175 128.327 158.058
-0.0481649 179.843 -175 139.635 113.248
-0.0485193 179.835 -175 172.161 68.2478
-0.0467426 179.835 -175 198.421 36.0819
-0.05015 179.828 -175 189.013 45.5693
-0.0521975 179.825 -175 160.473 75.1011
-0.0517536 179.82 -175 144.011 110.9
-0.0511674 179.819 -175 140.427 137.947
-0.050009 179.816 -175 137.951 162.075
-0.0495097 179.818 -175 141.745 176.661
-0.0452375 179.818 -175 147.993 131.661
-0.0425436 179.813 -175 154.927 86.6611
-0.0448924 179.816 -175 191.369 41.6611
-0.0449172 179.814 -175 206.203 24.0918
-0.0437543 179.815 -175 197.976 34.9655
-0.0447218 179.809 -175 152.976 79.9655
-0.0462964 179.811 -175 135.205 124.966
-0.0462952 179.816 -175 136.433 151.349
-0.0463325 179.811 -175 138.306 170.911
-0.0510926 179.812 -175 135.275 161.499
-0.0560676 179.814 -175 173.119 116.499
-0.0568518 179.815 -175 159.092 84.5799
-0.0565328 178.981 -175 163.767 78.5486
-0.05786 133.981 -130 166.682 75.7473
-0.0656664 90.3857 -91.3541 185.591 63.0236
-0.0645934 90.2988 -91.2847 183.99 95.2141
-0.0597751 90.2709 -91.2801 174.459 90.1806
-0.059464 90.2487 -91.2712 174.485 90.2585
-0.0619857 90.2354 -91.2657 174.506 90.2655
-0.051848 90.2281 -91.2674 174.527 90.2682
-0.0530959 90.2154 -91.261 174.546 90.2685
-0.0502933 90.2079 -91.2625 174.562 90.2726
-0.0530498 90.2089 -91.2706 174.58 90.2755
-0.0585485 90.2017 -91.2704 174.597 90.2761
-0.0601032 90.2011 -91.2803 174.615 90.2774
-0.0621476 90.2001 -91.2835 174.626 90.2818
-0.059114 90.1986 -91.2954 174.653 90.2765
-0.0549275 90.1993 -91.3037 174.682 90.2763
-0.0559904 90.2014 -91.3121 174.696 90.2828
-0.0522819 90.207 -91.3269 174.715 90.283
-0.0584007 90.2044 -91.3243 174.725 90.285
-0.0590706 90.2018 -91.3216 174.738 90.2902
-0.058871 90.2002 -91.3284 174.755 90.2916
-0.05862 90.195 -91.3267 174.768 90.2919
-0.0623007 90.1947 -91.332 174.783 90.295
-0.0628996 90.1939 -91.3354 174.793 90.2986
-0.0624803 90.1917 -91.3375 174.804 90.2972
-0.0629767 90.1913 -91.3476 174.822 90.2949
-0.0619154 90.1902 -91.3528 174.833 90.2967
-0.0553614 90.1927 -91.3623 174.843 90.2926
-0.0522178 90.1926 -91.3664 174.853 90.2895
-0.0579727 90.1902 -91.364 174.865 90.2926
-0.0617024 90.1855 -91.3656 174.879 90.2934
-0.0582037 90.1756 -91.3578 174.891 90.295
-0.057566 90.0186 -91.205 174.901 90.2944
-0.0549084 90.0133 -91.2011 174.908 90.2955
-0.062082 90.0019 -91.1967 174.924 90.2974
-0.0660225 90.0072 -91.2056 174.931 90.3027
-0.0696406 89.237 -90.4297 174.936 90.3032
-0.0705255 66.6879 -67.8884 174.945 90.3033
-0.068967 71.8807 -73.0826 174.952 90.3038
-0.0720076 57.4426 -58.6424 174.957 90.3092
-0.0725449 81.538 -82.7433 174.972 90.3096
-0.0718335 86.2586 -87.4668 174.983 90.31
-0.0721724 89.2241 -90.4329 174.997 90.313
-0.0700578 84.2154 -85.4257 175.005 90.3158
-0.0728359 59.4223 -60.641 175.021 90.3171
-0.0726488 69.2701 -70.4936 175.032 90.3136
-0.0721081 95.1316 -96.3623 175.041 90.3202
-0.0741913 94.8504 -96.0853 175.056 90.3171
-0.0800989 81.654 -82.8916 175.065 90.3199
-0.0814996 85.154 -86.3895 175.073 90.3202
-0.0865121 75.9024 -77.1464 175.085 90.3212
-0.08696 73.5969 -74.8478 175.092 90.3196
-0.0896834 68.4329 -69.6881 175.103 90.3227
-0.0833122 99.9167 -101.173 175.113 90.3262
-0.0863072 133.068 -134.33 175.12 90.3278
-0.0841649 89.952 -91.2156 175.126 90.3322
-0.090349 90.1078 -91.3658 175.127 90.3369
-0.0937161 90.1196 -91.3762 175.133 90.3382
-0.0951649 90.1227 -91.3821 175.14 90.3399
-0.0959263 90.1235 -91.385 175.148 90.3402
-0.100005 90.1237 -91.3895 175.154 90.3471
-0.101769 90.1252 -91.3939 175.159 90.3535
-0.106698 90.1282 -91.3969 175.162 90.3602
-0.108853 90.1315 -91.4036 175.344 90.3573
-0.108851 90.1316 -91.3974 173.595 90.3058
-0.108972 90.1371 -91.4064 172.713 90.354
-0.112372 90.1383 -91.4034 171.639 90.5341
-0.112375 90.1361 -91.3969 172.594 90.5641
-0.118333 90.1315 -91.3889 173.01 90.5562
-0.120385 90.1328 -91.3874 173.014 90.5421
-0.11695 90.1361 -91.3942 173.017 90.5207
-0.115636 90.137 -91.3916 173.02 90.502
-0.124022 90.1367 -91.3955 173.028 90.4961
-0.130377 90.1312 -91.3893 173.036 90.4895
-0.134114 90.1283 -91.3829 173.041 90.4825
-0.135132 90.1282 -91.3828 173.053 90.4732
-0.129575 90.1264 -91.3859 173.064 90.4634
-0.133122 90.1208 -91.3894 173.076 90.4596
-0.133972 90.1202 -91.3958 173.09 90.4534
-0.132418 90.118 -91.3908 173.094 90.4479
-0.130334 90.1146 -91.3874 173.104 90.4413
-0.127485 90.1184 -91.3967 173.116 90.4348
-0.132261 90.1165 -91.3955 173.118 90.4325
-0.129943 90.1164 -91.3899 173.125 90.4267
-0.129267 90.1158 -91.3962 173.138 90.4235
-0.129163 90.1148 -91.3973 173.139 90.4224
-0.125379 90.1183 -91.4058 173.148 90.4192
-0.125757 90.113 -91.4025 173.157 90.4118
-0.129086 90.1141 -91.4037 173.157 90.4151
-0.132652 90.1142 -91.4051 173.165 90.4148
-0.133288 90.1149 -91.4016 173.167 90.4084
-0.139076 90.1129 -91.3954 173.171 90.4062
-0.145303 90.1119 -91.398 173.174 90.4098
-0.151509 90.1046 -91.3922 173.178 90.4125
-0.153503 90.1048 -91.3916 173.182 90.4144
-0.153003 90.1086 -91.3948 173.185 90.4136
-0.149688 90.1089 -91.3915 173.183 90.4108
-0.150346 90.1119 -91.3939 173.186 90.4113
-0.148658 90.1119 -91.3932 173.188 90.409
-0.14669 90.1141 -91.3967 173.195 90.4074
-0.142954 90.1104 -91.3945 173.2 90.4
-0.139222 90.1063 -91.3923 173.209 90.4021
-0.137565 90.1091 -91.3952 173.211 90.4057
-0.134875 90.106 -91.3991 173.22 90.4011
-0.132975 90.108 -91.4011 173.227 90.3922
-0.131087 90.1066 -91.4018 173.235 90.3865
-0.128155 90.106 -91.399 173.241 90.3802
-0.131023 90.1022 -91.3988 173.245 90.3794
-0.129446 90.102 -91.395 173.25 90.3777
-0.127353 90.1018 -91.4019 173.255 90.3756
-0.130014 90.1033 -91.4069 173.258 90.3755
-0.126581 90.1101 -91.4094 173.26 90.3752
-0.127409 90.1053 -91.4018 173.264 90.3725
-0.1295 90.1062 -91.407 173.267 90.3781
-0.126011 90.1068 -91.4103 173.272 90.378
-0.129432 90.1055 -91.4104 173.272 90.3818
-0.129687 90.102 -91.4056 173.276 90.3821
-0.129579 90.1038 -91.4052 173.279 90.3851
-0.129531 90.1026 -91.4054 173.283 90.3851
-0.129633 90.1041 -91.4005 173.286 90.3818
-0.134073 90.1007 -91.3915 173.29 90.3874
-0.130143 90.104 -91.3941 173.288 90.3815
-0.128559 90.1082 -91.3976 173.293 90.3789
-0.118776 90.1161 -91.4054 173.302 90.3689
-0.119465 90.1086 -91.4014 173.307 90.3636
-0.119575 90.1093 -91.4014 173.313 90.3608
-0.124605 90.1 -91.3964 173.318 90.3581
-0.122683 90.1002 -91.3966 173.325 90.3565
-0.123908 90.1012 -91.3919 173.325 90.357
-0.11886 90.1014 -91.3907 173.332 90.3523
-0.116001 90.0989 -91.3875 173.334 90.3496
-0.117964 90.099 -91.382 173.332 90.3478
-0.117197 90.0997 -91.382 173.335 90.347
-0.117586 90.1022 -91.3845 173.339 90.3505
-0.117595 90.1033 -91.3835 173.339 90.3512
-0.12061 90.0991 -91.385 173.342 90.3536
-0.123962 90.1012 -91.3863 173.345 90.3565
-0.121308 90.1087 -91.384 173.343 90.3535
-0.12123 90.1078 -91.3866 173.349 90.3527
-0.124197 90.1071 -91.3895 173.356 90.3518
-0.123409 90.1082 -91.3849 173.36 90.351
-0.122903 90.1101 -91.3853 173.36 90.3484
-0.121172 90.1082 -91.3919 173.368 90.3466
-0.120441 90.1077 -91.3935 173.376 90.3476
-0.119833 90.1085 -91.3964 173.377 90.3488
-0.121896 90.1061 -91.399 173.384 90.3506
-0.120094 90.1047 -91.3976 173.384 90.3521
-0.12009 90.1016 -91.3916 173.39 90.3486
-0.116345 90.1009 -91.388 173.395 90.3413
-0.115931 90.1005 -91.3862 173.395 90.3405
-0.120698 90.1018 -91.3875 173.4 90.3424
-0.123427 90.1047 -91.389 173.404 90.344
-0.117635 90.1099 -91.3921 173.405 90.3398
-0.117222 90.1077 -91.3885 173.407 90.3399
-0.118005 90.1113 -91.383 173.403 90.3413
-0.118841 90.1124 -91.3778 173.395 90.3421
-0.117882 90.116 -91.3807 173.398 90.3419
-0.115093 90.1124 -91.377 173.402 90.3391
-0.115713 90.1117 -91.3736 173.402 90.3423
-0.115678 90.1086 -91.3768 173.409 90.3389
-0.111597 90.1103 -91.3714 173.401 90.3334
-0.104989 90.1125 -91.3728 173.405 90.3279
-0.100992 90.1149 -91.3718 173.408 90.3242
-0.100229 90.115 -91.3718 173.415 90.3238
-0.0992391 90.1176 -91.3751 173.418 90.3231
-0.0970575 90.1178 -91.3704 173.421 90.3238
-0.0992382 90.117 -91.3653 173.417 90.3224
-0.101188 90.1137 -91.3592 173.421 90.326
-0.103347 90.1084 -91.3518 173.422 90.3246
-0.103847 90.1081 -91.348 173.426 90.3254
-0.099993 90.1142 -91.3541 173.433 90.3269
-0.099739 90.1137 -91.3529 173.437 90.328
-0.103163 90.1148 -91.344 173.44 90.3267
-0.102427 90.1176 -91.3497 173.439 90.3267
-0.107309 90.1143 -91.3422 173.439 90.3283
-0.10732 90.1145 -91.3396 173.439 90.3284
-0.103038 90.1185 -91.3408 173.443 90.3343
-0.104651 90.119 -91.3413 173.446 90.3356
-0.104048 90.1226 -91.3414 173.45 90.338
-0.100461 90.1256 -91.3408 173.45 90.3351
-0.0949328 90.1222 -91.3409 173.457 90.3296
-0.0968842 90.1146 -91.3354 173.464 90.328
-0.0963316 90.1142 -91.3329 173.468 90.3246
-0.0934746 90.1141 -91.3293 173.464 90.3208
-0.0860309 90.1171 -91.3365 173.469 90.3164
-0.0892212 90.1185 -91.3407 173.475 90.3194
-0.0861159 90.1215 -91.3381 173.475 90.3163
-0.0826225 90.1284 -91.3471 173.478 90.3172
-0.0791192 90.1248 -91.3399 173.478 90.3135
-0.0722023 90.1292 -91.345 173.483 90.3092
-0.0694463 90.1279 -91.3429 173.485 90.3028
-0.0723839 90.1249 -91.3329 173.485 90.302
-0.0687965 90.1303 -91.3355 173.487 90.302
-0.0739486 90.1279 -91.3303 173.489 90.3013
-0.0737321 90.1307 -91.3338 173.491 90.2996
-0.0714153 90.1306 -91.3323 173.496 90.2945
-0.0697041 90.1306 -91.3343 173.502 90.2955
-0.0660263 90.1335 -91.3351 173.502 90.2915
-0.0665239 90.1363 -91.3373 173.503 90.2881
-0.0668903 90.1325 -91.3307 173.506 90.2878
-0.0727257 90.1274 -91.3186 173.503 90.2869
-0.0711222 90.1285 -91.3225 173.506 90.2853
-0.0709668 90.124 -91.3144 173.506 90.2819
-0.0740685 90.1184 -91.3067 173.51 90.2811
-0.0710221 90.1178 -91.3068 173.517 90.2753
-0.0701954 90.1183 -91.308 173.52 90.2772
-0.0701837 90.1175 -91.3044 173.524 90.2768
-0.0709595 90.114 -91.2974 173.524 90.2804
-0.0680274 90.1167 -91.2994 173.527 90.2778
-0.072125 90.1101 -91.29 173.524 90.2754
-0.0723571 90.1117 -91.288 173.526 90.276
-0.0745498 90.1107 -91.2857 173.527 90.2779
-0.0747793 90.1093 -91.2829 173.531 90.2753
-0.0741159 90.1097 -91.2854 173.537 90.2764
-0.0722844 90.11 -91.2829 173.541 90.277
-0.0688856 90.1152 -91.286 173.543 90.2763
-0.065166 90.1142 -91.2857 173.547 90.2719
-0.0645697 90.1106 -91.2799 173.545 90.271
-0.0696827 90.1062 -91.2756 173.552 90.2764
-0.0666472 90.1104 -91.2763 173.549 90.2765
-0.0649633 90.1059 -91.2738 173.556 90.2732
-0.061311 90.105 -91.2742 173.561 90.2686
-0.0609636 90.1013 -91.2741 173.566 90.2746
-0.0547375 90.104 -91.2789 173.569 90.2748
-0.0519481 90.1048 -91.2839 173.576 90.2683
-0.0568686 90.1076 -91.2831 173.577 90.2694
-0.0592348 90.1087 -91.2877 173.583 90.2712
-0.0625549 90.1075 -91.2852 173.584 90.2722
-0.0615236 90.1043 -91.2771 173.58 90.2719
-0.0631296 90.1044 -91.275 173.583 90.2755
-0.0609938 90.1044 -91.2701 173.583 90.2695
-0.0666484 90.1051 -91.2728 173.585 90.2709
-0.063959 90.1061 -91.2683 173.587 90.2693
-0.0675599 90.106 -91.2682 173.588 90.2695
-0.0679813 90.1065 -91.2652 173.594 90.2669
-0.0681068 90.1087 -91.2674 173.592 90.2653
-0.0676261 90.1094 -91.268 173.597 90.2676
-0.0679776 90.1094 -91.2708 173.597 90.2667
-0.0652172 90.1123 -91.2724 173.596 90.2635
-0.0681765 90.1065 -91.2658 173.601 90.2671
-0.0663623 90.1068 -91.2704 173.606 90.2646
-0.0674166 90.1034 -91.2628 173.608 90.2638
-0.0648069 90.1067 -91.2618 173.604 90.2665
-0.0685258 90.1038 -91.266 173.611 90.2666
-0.069138 90.1068 -91.269 173.615 90.2711
-0.0639986 90.1068 -91.2689 173.618 90.2625
-0.062372 90.105 -91.2636 173.622 90.2605
-0.0610068 90.1071 -91.2657 173.622 90.2626
-0.0649274 90.1103 -91.2689 173.625 90.2697
-0.0616229 90.114 -91.2676 173.627 90.2705
-0.0616179 90.1095 -91.2645 173.63 90.2686
-0.0659462 90.1112 -91.2649 173.632 90.2713
-0.0666452 90.1112 -91.2627 173.636 90.2718
-0.0666023 90.1136 -91.2616 173.639 90.2726
-0.0679748 90.1111 -91.2626 173.643 90.2697
-0.0643584 90.114 -91.269 173.65 90.2719
-0.068346 90.1158 -91.2708 173.653 90.2729
-0.0699136 90.1224 -91.2809 173.66 90.2712
-0.0683107 90.126 -91.288 173.664 90.2698
-0.0677714 90.1268 -91.2923 173.671 90.2694
-0.0659874 90.1265 -91.2969 173.678 90.27
-0.0673053 90.1306 -91.3074 173.686 90.265
-0.0675547 90.1249 -91.3059 173.692 90.2617
-0.0639354 90.1266 -91.3132 173.697 90.2595
-0.0684204 90.1238 -91.3139 173.702 90.2604
-0.067025 90.1262 -91.317 173.709 90.2622
-0.0638765 90.1274 -91.321 173.709 90.2626
-0.0624749 90.1289 -91.3189 173.708 90.2623
-0.0637678 90.1327 -91.3192 173.709 90.2639
-0.0638071 90.1347 -91.3212 173.709 90.2642
-0.0612767 90.1353 -91.3288 173.717 90.2659
-0.0595031 90.139 -91.3318 173.723 90.2655
-0.0583778 90.1431 -91.3309 173.725 90.2661
-0.0578824 90.1395 -91.3238 173.73 90.2657
-0.0571023 90.14 -91.3264 173.737 90.2656
-0.0473733 90.1478 -91.332 173.737 90.2608
-0.0442157 90.1476 -91.3269 173.734 90.2559
-0.0447332 90.1508 -91.328 173.736 90.2549
-0.0405812 90.1596 -91.3354 173.73 90.2564
-0.0394925 90.1633 -91.3405 173.732 90.2584
-0.0364828 90.1621 -91.3448 173.741 90.2532
-0.0411718 90.1615 -91.3429 173.744 90.2594
-0.0370387 90.1621 -91.3449 173.748 90.2595
-0.0358408 90.1604 -91.3467 173.753 90.2551
-0.035425 90.1641 -91.3434 173.751 90.2618
-0.0390262 90.1581 -91.3374 173.751 90.2611
-0.0394691 90.1597 -91.3424 173.755 90.2619
-0.0370733 90.1658 -91.3486 173.758 90.2633
-0.037299 90.1663 -91.3512 173.764 90.2632
-0.037232 90.1629 -91.3456 173.769 90.2631
-0.0394624 90.1602 -91.3415 173.77 90.2643
-0.0403997 90.1598 -91.3411 173.767 90.2631
-0.0437176 90.1559 -91.3352 173.769 90.2636
-0.0409473 90.1564 -91.3392 173.772 90.2566
-0.0409221 90.1563 -91.3412 173.779 90.2636
-0.0372986 90.1604 -91.3466 173.786 90.2597
-0.036939 90.1581 -91.3408 173.788 90.2603
-0.0367721 90.1602 -91.3486 173.792 90.2562
-0.0337984 90.1608 -91.3435 173.793 90.2571
-0.0367283 90.1608 -91.347 173.797 90.2565
-0.0327176 90.1588 -91.3534 173.805 90.2525
-0.0327057 90.1565 -91.3505 173.811 90.2588
-0.0320893 90.1525 -91.3471 173.815 90.2581
-0.0320468 90.1523 -91.3505 173.817 90.2596
-0.0305914 90.1488 -91.3477 173.816 90.2589
-0.0281786 90.1516 -91.3483 173.825 90.2579
-0.027675 90.1521 -91.3488 173.828 90.2609
-0.0206663 90.1545 -91.3484 173.829 90.2587
-0.0205656 90.1518 -91.3449 173.827 90.2625
-0.0209215 90.152 -91.3416 173.823 90.2621
-0.0200451 90.1497 -91.3428 173.828 90.2647
-0.0193595 90.1482 -91.3413 173.831 90.264
-0.022346 90.146 -91.3426 173.838 90.2624
-0.0218666 90.1481 -91.3405 173.839 90.2626
-0.0228973 90.1461 -91.3392 173.842 90.2622
-0.0233155 90.1493 -91.3494 173.843 90.2641
-0.0297617 90.1408 -91.3416 173.847 90.2635
-0.0306514 90.1413 -91.3414 173.846 90.264
-0.0337709 90.1433 -91.3477 173.849 90.2671
-0.0351039 90.1406 -91.345 173.85 90.2649
-0.0402189 90.1383 -91.3476 173.856 90.2697
-0.0455972 90.1309 -91.336 173.856 90.2716
-0.0491694 90.1279 -91.3351 173.864 90.2759
-0.0463862 90.1279 -91.3351 173.869 90.276
-0.049116 90.1199 -91.32 173.867 90.2715
-0.0486465 90.1185 -91.3117 173.86 90.2723
-0.0513998 90.1162 -91.3107 173.863 90.2705
-0.0526048 90.1162 -91.3129 173.866 90.2706
-0.0545883 90.1166 -91.3104 173.869 90.2736
-0.0549764 90.1175 -91.3142 173.876 90.2721
-0.0556101 90.1157 -91.3082 173.877 90.2718
-0.053261 90.1117 -91.3098 173.88 90.273
-0.0517154 90.1132 -91.3133 173.888 90.2742
-0.0546097 90.1098 -91.3134 173.888 90.2786
-0.0565887 90.1103 -91.3161 173.887 90.2851
-0.0570458 90.1152 -91.3224 173.885 90.2835
-0.0556037 90.1137 -91.3194 173.888 90.2821
-0.0548734 90.1136 -91.3208 173.892 90.2837
-0.0523157 90.1159 -91.3266 173.895 90.2812
-0.0586827 90.1137 -91.3223 173.899 90.2816
-0.0593216 90.1135 -91.3235 173.901 90.2822
-0.0633013 90.11 -91.3172 173.899 90.2858
-0.0620513 90.1148 -91.3185 173.899 90.2866
-0.0599022 90.12 -91.3237 173.902 90.2894
-0.0572172 90.1209 -91.3246 173.902 90.2883
-0.057077 90.1208 -91.3273 173.902 90.2856
-0.06051 90.1217 -91.3246 173.901 90.2862
-0.0618612 90.1195 -91.3267 173.902 90.2901
-0.061671 90.1155 -91.3214 173.902 90.285
-0.062396 90.1145 -91.3196 173.901 90.2856
-0.0581904 90.1109 -91.3132 173.902 90.2776
-0.0554093 90.1138 -91.321 173.909 90.2776
-0.0567991 90.1181 -91.3288 173.913 90.2777
-0.0566609 90.121 -91.3352 173.909 90.2727
-0.0562542 90.1205 -91.3347 173.909 90.2722
-0.0586529 90.1242 -91.3419 173.916 90.2703
-0.0628981 90.1192 -91.3334 173.916 90.2735
-0.0637146 90.1183 -91.336 173.916 90.2731
-0.0667442 90.1216 -91.3393 173.919 90.2725
-0.0649698 90.1203 -91.3381 173.919 90.2668
-0.0633672 90.1283 -91.339 173.916 90.2694
-0.0704977 90.1242 -91.3349 173.916 90.2744
-0.0688059 90.1268 -91.3319 173.913 90.2757
-0.0719329 90.1281 -91.3304 173.911 90.2825
-0.0766859 90.125 -91.3252 173.909 90.2861
-0.0725788 90.1285 -91.3287 173.913 90.2824
-0.074266 90.1315 -91.3373 173.917 90.2839
-0.0736719 90.1319 -91.3356 173.916 90.2831
-0.0729709 90.1341 -91.335 173.922 90.2824
-0.0750437 90.134 -91.3314 173.923 90.2858
-0.0734784 90.1344 -91.3346 173.925 90.2884
-0.0664273 90.1367 -91.3334 173.923 90.2863
-0.0626788 90.1348 -91.3342 173.926 90.2862
-0.0615118 90.1308 -91.3329 173.927 90.2825
-0.0651032 90.1274 -91.331 173.933 90.2857
-0.0655504 90.1232 -91.3247 173.935 90.2858
-0.0622082 90.1218 -91.3233 173.934 90.2828
-0.0623746 90.1224 -91.3225 173.934 90.2865
-0.0581875 90.1296 -91.3296 173.934 90.2891
-0.0544747 90.1288 -91.3253 173.934 90.2877
-0.0593082 90.1257 -91.3292 173.934 90.2919
-0.0613084 90.125 -91.3286 173.934 90.2932
-0.0619249 90.1207 -91.3243 173.935 90.2962
-0.0673769 90.1155 -91.3177 173.934 90.3005
-0.0689274 90.1158 -91.3088 173.933 90.3029
-0.073175 90.1092 -91.3051 173.937 90.3043
-0.0735542 90.1034 -91.3006 173.941 90.2974
-0.0735481 90.1024 -91.3017 173.948 90.2951
-0.0651699 90.103 -91.3023 173.948 90.2892
-0.0645799 90.108 -91.3114 173.954 90.286
-0.0632655 90.1144 -91.32 173.958 90.2855
-0.0620586 90.1125 -91.3166 173.958 90.285
-0.0553581 90.1161 -91.3231 173.958 90.279
-0.0581608 90.117 -91.3183 173.956 90.2799
-0.0566985 90.1196 -91.321 173.958 90.2775
-0.0584949 90.1117 -91.3082 173.955 90.2752
-0.0585063 90.112 -91.3049 173.951 90.2759
-0.0580858 90.1141 -91.307 173.955 90.2749
-0.0573604 90.1108 -91.3002 173.955 90.267
-0.054249 90.117 -91.3035 173.954 90.266
-0.0550788 90.1171 -91.3079 173.955 90.2628
-0.0545593 90.1148 -91.3041 173.954 90.2609
-0.0505059 90.1116 -91.3008 173.954 90.2567
-0.0504312 90.1116 -91.3009 173.958 90.2535
-0.0535284 90.1154 -91.3011 173.958 90.2565
-0.0561307 90.1119 -91.2983 173.958 90.2554
-0.0522862 90.1113 -91.2971 173.961 90.2488
-0.0485479 90.1151 -91.3008 173.965 90.2516
-0.0440858 90.112 -91.3011 173.972 90.2472
-0.044422 90.1124 -91.3043 173.978 90.2436
-0.0471321 90.1116 -91.3078 173.982 90.2467
-0.0469805 90.1105 -91.3067 173.985 90.2461
-0.0441742 90.1116 -91.3043 173.986 90.2441
-0.0478753 90.1042 -91.2969 173.99 90.2464
-0.049118 90.1079 -91.3006 173.989 90.245
-0.0522224 90.1007 -91.2927 173.989 90.2447
-0.0561931 90.1021 -91.2913 173.986 90.2486
-0.0596303 90.1044 -91.2936 173.986 90.2556
-0.056377 90.1079 -91.2935 173.982 90.2555
-0.0507039 90.1102 -91.2923 173.982 90.2515
-0.0490882 90.1087 -91.2915 173.989 90.2488
-0.0510245 90.1072 -91.2893 173.989 90.2479
-0.0485533 90.1123 -91.2979 173.994 90.2476
-0.0489102 90.1107 -91.2963 173.996 90.2476
-0.0520129 90.1163 -91.2948 173.996 90.2479
-0.0501487 90.1179 -91.2943 173.998 90.2443
-0.0517868 90.1189 -91.3003 173.999 90.2533
-0.0527548 90.1181 -91.2966 174 90.2532
-0.0485214 90.1192 -91.3082 174.009 90.2499
-0.0520542 90.1132 -91.2987 174.011 90.2536
-0.057059 90.1157 -91.3048 174.011 90.2587
-0.0538419 90.1237 -91.3135 174.018 90.2558
-0.0523283 90.1245 -91.322 174.026 90.2544
-0.0497397 90.1238 -91.3227 174.032 90.2513
-0.0487588 90.1281 -91.3276 174.039 90.2473
-0.0451549 90.1276 -91.3271 174.039 90.2402
-0.0440018 90.1321 -91.3281 174.042 90.2405
-0.0447347 90.1318 -91.3243 174.038 90.2377
-0.0429691 90.1345 -91.327 174.042 90.2384
-0.0452847 90.1336 -91.3289 174.042 90.2443
-0.0454399 90.1314 -91.3288 174.041 90.2472
-0.0447508 90.1321 -91.3323 174.046 90.2461
-0.0437133 90.1288 -91.3284 174.042 90.2433
-0.039517 90.131 -91.3298 174.038 90.243
-0.0378438 90.1343 -91.3374 174.038 90.2393
-0.0358549 90.1366 -91.3368 174.036 90.2351
-0.0327653 90.1346 -91.3327 174.034 90.2384
-0.0355584 90.135 -91.3344 174.032 90.2436
-0.0327554 90.133 -91.3374 174.033 90.2482
-0.0357586 90.1277 -91.3244 174.029 90.25
-0.0357581 90.1277 -91.3307 174.032 90.2535
-0.0279509 90.131 -91.3305 174.032 90.2527
-0.0271841 90.1338 -91.3297 174.028 90.2555
-0.027032 90.1353 -91.3312 174.028 90.2543
-0.027727 90.138 -91.3318 174.028 90.2557
-0.0279379 90.1372 -91.3289 174.027 90.2559
-0.0251506 90.1401 -91.3282 174.025 90.263
-0.0250938 90.1439 -91.3307 174.02 90.2671
-0.0250817 90.1421 -91.3282 174.021 90.2635
-0.0237275 90.1369 -91.3258 174.018 90.2626
-0.0253158 90.1365 -91.3254 174.018 90.259
-0.0315277 90.1359 -91.3298 174.022 90.2596
-0.0322405 90.1352 -91.327 174.018 90.2596
-0.0326855 90.1361 -91.3265 174.011 90.2643
-0.0358621 90.1332 -91.3193 174.004 90.2675
-0.0362133 90.137 -91.3281 174.009 90.2685
-0.0346109 90.1399 -91.3268 174.008 90.2728
-0.0381194 90.1432 -91.3259 174.002 90.2797
-0.0415983 90.1427 -91.3233 173.993 90.2866
-0.0408876 90.145 -91.3278 173.991 90.2863
-0.0411927 90.1487 -91.3301 173.993 90.2878
-0.0426423 90.15 -91.3321 173.993 90.2897
-0.0432337 90.1466 -91.3251 173.986 90.291
-0.0512134 90.1445 -91.3182 173.983 90.2995
-0.0512701 90.1362 -91.3042 173.977 90.2957
-0.0543146 90.1321 -91.2952 173.971 90.2988
-0.053587 90.1289 -91.29 173.965 90.2984
-0.0505737 90.1295 -91.2884 173.963 90.2972
-0.0516221 90.1309 -91.2884 173.959 90.3003
-0.0486915 90.134 -91.2915 173.958 90.3023
-0.0480225 90.1332 -91.2935 173.958 90.3005
-0.0464857 90.1298 -91.2887 173.962 90.2995
-0.0457569 90.1305 -91.2908 173.962 90.2977
-0.0466895 90.1326 -91.2901 173.962 90.2986
-0.0423445 90.1366 -91.287 173.962 90.2925
-0.0420634 90.1404 -91.2971 173.966 90.2909
-0.03689 90.1417 -91.2957 173.965 90.2836
-0.0337869 90.1434 -91.2959 173.967 90.283
-0.0337794 90.1438 -91.2942 173.965 90.2795
-0.0372884 90.1445 -91.2913 173.959 90.2783
-0.0413805 90.1437 -91.2871 173.955 90.2803
-0.0383795 90.1443 -91.2828 173.95 90.2767
-0.0409895 90.1387 -91.2744 173.946 90.278
-0.0463498 90.1373 -91.2702 173.944 90.2828
-0.0502749 90.138 -91.2745 173.944 90.2897
-0.0470611 90.1422 -91.2738 173.948 90.2825
-0.0508786 90.1376 -91.267 173.948 90.2797
-0.0482624 90.1383 -91.267 173.944 90.278
-0.0507698 90.1381 -91.2626 173.943 90.2746
-0.047906 90.1375 -91.2599 173.94 90.2685
-0.0538578 90.1322 -91.2609 173.945 90.2724
-0.0534462 90.131 -91.2591 173.943 90.272
-0.0527898 90.1244 -91.2511 173.94 90.2644
-0.0543572 90.1204 -91.2463 173.937 90.2627
-0.0572746 90.1171 -91.2431 173.94 90.2667
-0.0595505 90.1193 -91.2489 173.94 90.2684
-0.0593941 90.1177 -91.2437 173.938 90.2717
-0.0556474 90.1153 -91.2406 173.935 90.2669
-0.0518085 90.12 -91.2495 173.937 90.2632
-0.0527631 90.1164 -91.2481 173.937 90.2609
-0.051953 90.1207 -91.2516 173.938 90.257
-0.0511457 90.1234 -91.2543 173.938 90.2596
-0.0513378 90.1229 -91.2461 173.933 90.2588
-0.0576205 90.1167 -91.2435 173.934 90.263
-0.0548596 90.1208 -91.2503 173.935 90.2645
-0.058631 90.1168 -91.2464 173.935 90.2662
-0.0602334 90.1162 -91.2458 173.937 90.2695
-0.0648488 90.1115 -91.2446 173.94 90.2713
-0.0630734 90.1148 -91.2444 173.933 90.2671
-0.0676418 90.109 -91.2422 173.933 90.2689
-0.0643749 90.1136 -91.2467 173.93 90.2651
-0.0616752 90.1156 -91.248 173.929 90.2669
-0.0569164 90.1157 -91.2481 173.933 90.2669
-0.0552451 90.1151 -91.2405 173.929 90.2669
-0.0524933 90.119 -91.2416 173.926 90.2729
-0.0563966 90.1224 -91.2414 173.926 90.274
-0.0562571 90.1219 -91.2395 173.919 90.2712
-0.0519171 90.1233 -91.2388 173.922 90.2702
-0.0540438 90.1248 -91.2418 173.92 90.2744
-0.0559575 90.1197 -91.2387 173.919 90.2789
-0.0591143 90.1196 -91.2421 173.919 90.282
-0.0594724 90.1177 -91.2424 173.919 90.2817
-0.05683 90.1184 -91.2473 173.922 90.2794
-0.0626979 90.1086 -91.2382 173.923 90.2845
-0.062704 90.1107 -91.2403 173.92 90.2844
-0.0653968 90.1133 -91.2429 173.922 90.2825
-0.0658624 90.1087 -91.2418 173.923 90.2841
-0.0664888 90.1083 -91.2414 173.917 90.2901
-0.0692352 90.1081 -91.2377 173.916 90.2906
-0.0696585 90.1075 -91.2378 173.917 90.2945
-0.0650604 90.111 -91.2434 173.919 90.2929
-0.0660136 90.1105 -91.2401 173.914 90.2933
-0.0632478 90.1114 -91.2388 173.909 90.2891
-0.06454 90.1104 -91.2399 173.913 90.2908
-0.0636525 90.111 -91.2405 173.912 90.2917
-0.0659013 90.1147 -91.2477 173.916 90.2942
-0.0676562 90.1115 -91.2431 173.911 90.2953
-0.0703033 90.1071 -91.2416 173.915 90.2941
-0.0677025 90.1106 -91.2436 173.916 90.2917
-0.0640429 90.1071 -91.2436 173.923 90.286
-0.0650373 90.1111 -91.2525 173.925 90.2849
-0.0675479 90.1104 -91.2503 173.927 90.2811
-0.0721131 90.1079 -91.2514 173.931 90.2855
-0.0699644 90.1069 -91.2539 173.933 90.2868
-0.0718609 90.1009 -91.2493 173.937 90.2825
-0.071419 90.0967 -91.2437 173.941 90.2817
-0.064109 90.0946 -91.245 173.946 90.2759
-0.0630391 90.1004 -91.2529 173.955 90.2803
-0.0574055 90.1035 -91.2609 173.961 90.2749
-0.0581141 90.1001 -91.2596 173.964 90.2758
-0.0608425 90.0964 -91.2573 173.969 90.2768
-0.0649834 90.0934 -91.2529 173.97 90.2775
-0.0641569 90.0945 -91.2484 173.969 90.2807
-0.0633371 90.0918 -91.2491 173.976 90.2784
-0.0684146 90.0918 -91.2561 173.983 90.28
-0.0617943 90.0959 -91.2566 173.987 90.2799
-0.0619293 90.0997 -91.264 173.99 90.2797
-0.0651943 90.0997 -91.264 173.995 90.2794
-0.0646114 90.0994 -91.2629 174.002 90.2827
-0.0671523 90.1034 -91.2704 174 90.2888
-0.0692577 90.1033 -91.2781 174.004 90.2902
-0.0665583 90.1012 -91.2788 174.005 90.288
-0.063708 90.1054 -91.2837 174.007 90.2889
-0.0632494 90.1076 -91.2865 174.012 90.2919
-0.0693866 90.1036 -91.2868 174.014 90.2948
-0.0680824 90.1043 -91.2881 174.017 90.2929
-0.0714077 90.1044 -91.2861 174.018 90.2934
-0.0641944 90.108 -91.2897 174.025 90.2889
-0.0601563 90.1112 -91.2978 174.03 90.2852
-0.0604883 90.1075 -91.2926 174.035 90.2841
-0.0676019 90.1044 -91.2966 174.041 90.282
-0.0604885 90.1079 -91.3056 174.046 90.2823
-0.0641531 90.107 -91.3006 174.046 90.2862
-0.0593457 90.1118 -91.3074 174.05 90.2865
-0.0538106 90.119 -91.3188 174.054 90.282
-0.0569197 90.1215 -91.3207 174.053 90.2895
-0.060264 90.1217 -91.3229 174.057 90.2931
-0.057728 90.1253 -91.3244 174.057 90.2944
-0.0574064 90.1258 -91.3284 174.06 90.2944
-0.0560791 90.1284 -91.3337 174.061 90.2971
-0.0551815 90.1283 -91.335 174.066 90.2961
-0.0531095 90.1352 -91.3447 174.07 90.2997
-0.0529064 90.1308 -91.3411 174.071 90.2961
-0.0549796 90.1321 -91.3452 174.072 90.2898
-0.0515329 90.133 -91.346 174.074 90.2855
-0.0509878 90.1299 -91.3464 174.077 90.282
-0.0520241 90.1281 -91.3467 174.082 90.285
-0.0521039 90.1273 -91.3473 174.084 90.283
-0.0501328 90.1313 -91.3548 174.091 90.2845
-0.0513782 90.1315 -91.355 174.091 90.2858
-0.0508182 90.1284 -91.3554 174.092 90.2867
-0.0485181 90.1255 -91.3561 174.095 90.2841
-0.0485249 90.1275 -91.3509 174.095 90.2806
-0.0506252 90.1198 -91.3433 174.098 90.2792
-0.0499971 90.116 -91.3416 174.102 90.2761
-0.0518864 90.1143 -91.3384 174.104 90.2808
-0.0525418 90.113 -91.3386 174.105 90.2814
-0.0553862 90.1118 -91.3353 174.105 90.286
-0.0557359 90.1143 -91.3378 174.102 90.2878
-0.0533136 90.1111 -91.3345 174.098 90.2897
-0.0570836 90.1086 -91.3314 174.098 90.2935
-0.0586022 90.1068 -91.3268 174.098 90.2914
-0.0610351 90.1047 -91.3246 174.102 90.291
-0.0582444 90.1135 -91.3341 174.099 90.2946
-0.0588126 90.1167 -91.3367 174.102 90.2955
-0.0595329 90.1148 -91.3319 174.102 90.2963
-0.0559457 90.1212 -91.3447 174.106 90.2929
-0.0553303 90.1176 -91.3438 174.109 90.2958
-0.0482794 90.1246 -91.3515 174.109 90.2913
-0.0523972 90.1213 -91.3518 174.113 90.2891
-0.0511142 90.118 -91.347 174.11 90.286
-0.0530662 90.1189 -91.3451 174.107 90.2868
-0.0509828 90.1238 -91.3507 174.107 90.286
-0.0509927 90.1237 -91.3492 174.106 90.2888
-0.0503721 90.1206 -91.3496 174.109 90.2896
-0.0499313 90.1163 -91.3516 174.113 90.2853
-0.0499149 90.1162 -91.3536 174.113 90.2814
-0.0539544 90.1111 -91.3499 174.114 90.289
-0.0546601 90.1092 -91.3466 174.113 90.2901
-0.0531548 90.1124 -91.3519 174.113 90.2921
