4
2.94399 92.8072 -94.4954 179.472 91.6152
3.0307 92.882 -94.7272 179.454 91.6911
3.02713 92.7442 -94.7982 179.384 91.6686
-3.75149 88.7039 -88.9517 173.88 90.2698
-6.15955 88.1288 -92.8077 166.939 96.0714
-24.7946 77.9223 -50.3017 174.26 77.2136
-20.9742 74.0738 -31.0689 176.796 74.6671
-20.814 74.5748 -38.54 176.196 77.6566
-21.893 77.2488 -64.0073 174.491 84.9052
-25.1625 78.0242 -85.8307 173.841 88.1488
-16.7475 82.1186 -99.5118 170.791 91.7257
-3.5111 88.5971 -114.051 168.737 103.22
-0.568209 91.5635 -119.304 168.886 104.45
3.49128 93.541 -121.761 169.947 103.186
2.2187 93.8764 -122.287 169.133 106.417
4.869 94.72 -124.381 169.344 105.951
5.10991 95.0388 -125.248 168.157 106.486
3.30159 94.9003 -125.2 162.379 104.079
0.169548 95.0912 -122.691 135.698 83.7817
-0.131085 95.0999 -122.807 135.29 87.5681
1.29524 94.7474 -124.201 167.816 107.905
2.19526 94.6835 -124.374 180.286 107.259
2.20246 94.6512 -124.033 172.239 109.592
0.384929 94.6952 -122.42 134.763 93.4847
0.161093 94.6316 -122.42 135.05 96.0565
0.852534 94.1456 -123.668 167.27 110.104
0.846067 94.0106 -123.522 169.601 110.335
0.528103 94.0812 -122.685 150.598 115.163
-0.281276 94.0785 -123.27 147.758 111.104
0.732238 94.1984 -122.848 150.179 115.556
1.41697 94.2541 -122.73 150.807 115.016
1.48307 94.3087 -122.763 150.785 114.42
1.4443 94.3972 -122.577 150.696 114.045
1.69932 94.3541 -122.727 150.79 114.136
1.82472 94.3968 -122.989 150.887 114.486
1.90413 94.4968 -123.141 150.894 114.523
1.88904 94.5977 -123.357 150.885 114.601
1.87175 94.6275 -123.306 150.857 114.486
1.6595 94.6001 -123.148 150.756 114.413
1.62588 94.5744 -123.097 150.721 114.038
1.59397 94.5089 -123.107 150.756 114.047
1.69121 94.4664 -123.103 150.808 114.348
1.80737 94.4347 -123.108 150.86 114.407
1.85932 94.478 -123.016 150.841 114.287
1.92543 94.5382 -122.985 150.819 114.112
2.02337 94.5912 -123.112 150.868 113.979
2.9366 94.906 -123.898 151.062 112.376
3.29961 95.0103 -125.718 152.044 112.19
3.64236 95.244 -125.942 159.056 110.228
4.03089 95.7432 -126.744 180.09 109.774
4.07807 95.7206 -126.008 180.632 109.331
4.24586 95.7854 -125.909 180.587 109.571
4.34066 95.761 -125.62 180.435 109.458
3.72258 95.4984 -124.301 163.987 103.635
3.45529 95.6119 -123.883 142.663 96.387
2.60562 95.6138 -124.025 142.949 98.949
3.27859 95.4213 -125.615 163.049 107.827
3.91652 95.3248 -125.618 170.356 95.3689
5.86035 95.6064 -126.409 185.089 71.1842
6.87304 95.9062 -126.847 198.316 67.5361
7.29629 95.9621 -126.973 196.705 67.338
7.5032 96.0458 -127.013 195.251 67.3486
7.40192 95.9971 -126.875 186.835 70.1695
4.91675 95.7504 -125.22 164.415 114.896
4.67143 95.8014 -124.9 164.185 118.835
4.83469 95.786 -124.986 164.321 118.218
4.8963 95.7771 -125.014 164.404 117.737
6.38005 96.0635 -125.855 172.591 78.8668
5.48185 96.4716 -125.173 193.94 63.2382
5.16823 96.4323 -124.931 194.286 62.4973
5.21442 96.4094 -124.937 193.706 62.6868
5.21644 96.4416 -124.946 193.426 63.0441
5.64066 96.4918 -125.426 186.692 65.9774
6.64575 96.8871 -125.755 166.548 89.965
5.12108 97.2137 -125.084 162.199 111.49
3.28074 96.9766 -123.824 160.874 117.586
2.37575 96.5734 -121.864 159.908 105.545
-1.61353 93.8331 -120.795 160.085 102.884
-3.93609 91.6085 -123.302 165.44 100.463
-2.04225 94.9107 -132.505 168.963 102.329
-8.88187 93.2489 -130.771 166.034 104.697
-4.27601 95.3501 -126.495 169.029 99.308
5.90361 93.2838 -107.353 168.922 98.0272
10.6827 93.5731 -86.5138 169.544 99.3321
12.5653 93.9399 -81.6335 171.302 100.324
12.3487 94.0484 -82.9112 171.828 100.224
12.4546 94.2142 -83.3126 171.962 100.359
11.1221 94.4902 -90.7068 171.776 100.014
5.86269 94.061 -110.246 170.576 100.377
-3.01511 93.1361 -126.111 167.791 103.505
-11.8797 92.2982 -133.601 166.822 105.879
-13.9618 91.905 -135.53 166.205 107.745
-14.4507 91.7952 -135.602 166.17 107.987
-14.4376 91.7748 -135.298 166.154 107.634
-10.4126 91.951 -132.656 167.283 106.077
-0.0343504 92.1628 -122.529 169.682 103.361
6.99694 92.1192 -110.391 171.103 101.95
9.53345 91.5395 -98.1572 172.109 101.224
11.1447 91.8747 -91.5771 173.161 101.263
12.1515 92.1995 -88.67 173.557 101.644
12.6353 92.5609 -88.7802 173.777 101.753
12.1824 92.9258 -92.6923 173.781 101.351
10.7043 93.0659 -105.683 173.524 101.645
5.48973 92.3938 -119.531 172.491 102.814
-1.99037 91.9361 -130.252 171.444 105.276
-8.73677 91.6239 -135.843 170.196 107.57
-11.0011 90.8198 -135.66 169.553 108.058
-12.4657 89.9129 -133.444 169.141 107.284
-10.8008 90.3731 -132.563 169.468 106.256
-3.64806 91.0749 -125.881 170.267 103.652
3.9429 91.3596 -113.939 170.877 101.658
8.27603 91.5588 -105.743 171.712 101.712
10.0169 91.6114 -99.5822 171.818 101.634
10.0376 91.5896 -98.5517 171.779 101.74
8.10864 92.0004 -103.228 171.118 101.527
2.38348 92.0872 -115.362 168.93 102.731
-5.47018 91.7229 -127.73 167.265 105.35
-13.3142 90.6652 -133.09 164.424 105.259
-16.4175 90.1459 -134.56 163.457 105.825
-13.3782 90.3171 -131.979 164.052 104.68
-4.09943 91.1965 -124.749 166.468 102.391
3.15126 92.0318 -116.844 169.604 101.542
8.43083 92.5041 -108.945 170.597 101.731
10.9178 93.2843 -105.465 170.592 102.225
3.25505 93.7476 -107.2 168.705 95.0265
-3.79359 92.3865 -99.8154 167.515 90.7281
-4.84833 91.5574 -98.3899 169.095 88.584
-1.7053 92.3322 -108.312 167.15 96.0565
2.06048 92.7993 -115.717 167.336 102.774
3.40644 92.8407 -118.066 168.151 105.219
-0.835272 92.2636 -114.196 166.732 101.443
-5.56352 91.48 -105.86 164.564 95.72
-8.08783 90.3211 -100.923 164.88 92.3766
-6.63073 90.8083 -105.394 165.105 94.8178
-3.77283 91.4623 -111.161 164.858 99.671
-1.22817 91.8605 -115.634 165.612 103.857
0.153547 92.0085 -117.71 165.957 107.45
-0.674837 91.8319 -116.403 165.411 105.971
-3.99931 91.1946 -110.606 163.585 99.9854
-6.53774 90.0607 -103.651 163.232 95.2847
-7.05426 90.1871 -103.932 165.098 92.8948
-5.21421 90.2421 -108.103 164.165 98.1615
-1.84324 91.0081 -114.809 165.107 104.33
-0.303884 91.375 -116.583 165.691 106.673
-5.00065 90.1797 -110.675 164.2 100.665
-9.92923 88.419 -100.077 164.716 92.4417
-13.1761 83.7963 -97.7422 161.385 100.257
-3.65667 85.9461 -112.655 163.535 120.613
-6.85214 84.8818 -110.366 161.439 119.265
-7.38891 84.4987 -110.981 161.996 120.679
-7.27491 84.6198 -111.187 162.262 120.887
-7.06672 84.6642 -110.924 162.205 121.404
-6.7659 84.8347 -110.65 162.3 121.552
-6.72156 84.8163 -110.418 162.356 121.929
-6.64193 84.8517 -110.443 162.357 122.21
-6.64867 84.9866 -110.64 162.237 122.273
-6.73625 85.1163 -110.833 162.139 122.227
-6.64786 85.1489 -111.047 162.173 122.388
-6.60084 85.1253 -111.105 162.201 122.493
-6.60995 85.1335 -111.04 162.142 122.409
-6.62415 85.1703 -111.127 162.071 122.392
-6.56519 85.3496 -111.246 162.03 122.351
-6.18198 86.1994 -111.501 161.643 121.947
-6.03807 86.0282 -112.074 162.075 122.713
-4.97207 86.5393 -114.17 162.756 122.488
-4.21067 88.7375 -117.239 162.514 121.374
-3.30784 89.0258 -117.947 163.05 121.901
-3.53466 88.9558 -117.83 162.784 121.502
-3.29021 89.0167 -117.596 162.837 121.386
-3.22065 89.1348 -117.576 162.825 121.343
-3.04543 89.1752 -117.668 162.92 121.423
-2.8453 89.2623 -117.86 163.086 121.542
-2.88564 89.2693 -117.753 162.977 121.544
-2.80267 89.3141 -118 163.033 121.607
-2.70027 89.4752 -118.255 163 121.356
-2.59869 89.5377 -118.38 162.848 120.72
-2.27639 89.697 -118.667 162.873 120.538
-2.06274 89.8097 -119.058 162.902 120.792
-1.87614 90.0441 -119.292 162.789 120.504
-1.8613 90.1299 -119.387 162.64 120.461
-1.66672 90.6057 -119.654 162.438 120.347
-0.176793 91.1872 -119.121 162.719 119.247
-1.32549 90.5742 -118.34 162.008 117.761
-3.60264 90.0008 -113.562 159.627 113.333
-6.76828 87.4923 -105.066 156.546 105.113
-8.00049 86.3242 -101.268 156.291 102.468
-7.85383 86.4251 -101.673 156.466 102.689
-7.34751 86.8124 -103.31 156.797 103.832
-6.59824 87.2345 -106.184 157.406 105.967
-4.72086 87.9043 -111.682 158.833 111.284
-2.62351 88.8084 -116.016 160.488 115.065
-0.925368 89.2568 -118.645 161.723 118.052
0.163339 89.557 -120.123 162.536 119.607
0.355093 89.6378 -120.416 162.791 120.099
-0.0355685 89.7131 -120.173 162.51 119.843
-2.12852 89.4583 -117.341 160.798 116.527
-5.45643 88.075 -110.254 157.416 111.509
-7.80413 86.4177 -101.522 155.259 105.441
-8.99652 85.2528 -97.9948 154.665 103.077
-9.79723 84.4312 -95.2695 153.936 101.781
-10.4242 84.0659 -93.9149 153.581 101.798
-10.2324 84.2455 -94.1987 153.631 102.052
-10.0788 84.3888 -94.4833 153.725 102.164
-9.42744 85.0912 -96.548 154.25 103.113
-8.06105 85.9645 -101.336 155.383 106.123
-6.46046 86.0463 -106.068 157.031 111.182
-4.65562 86.3248 -110.263 158.758 115.951
-2.09988 87.2759 -114.172 160.716 119.696
-0.189723 87.7591 -115.764 161.981 121.075
0.357199 87.6957 -115.857 162.303 121.105
0.49596 87.9255 -115.921 162.328 120.942
0.15646 87.9348 -115.912 162.187 121.183
-2.13102 87.8877 -114.312 160.694 118.732
-5.75214 86.9642 -109.364 157.975 114.034
-8.66274 85.4589 -101.682 155.21 107.503
-11.0582 82.3282 -90.8155 152.661 100.248
-10.6156 80.8152 -84.6744 153.192 95.4958
-9.34111 79.8929 -78.866 155.329 91.7554
-6.8005 77.8398 -70.3206 156.467 88.3058
-4.84293 75.6913 -62.7008 158.193 85.5211
-2.37993 72.923 -54.875 161.168 82.2971
-0.930254 71.3136 -49.9893 162.807 80.8072
1.73804 69.5148 -44.3921 163.053 79.4436
5.0134 67.653 -39.3121 164.577 77.7786
7.56038 65.8348 -34.9847 167.163 76.3189
8.25233 65.5253 -34.3654 168.362 76.2351
8.11022 65.4682 -34.3813 168.48 76.1982
7.7836 65.4962 -34.5002 168.795 76.2615
7.30197 65.7506 -35.2476 169.649 76.507
3.80699 69.1425 -45.4089 167.867 79.0243
1.06371 71.9759 -55.102 166.093 81.552
-0.22131 74.7181 -63.3611 164.737 83.8477
-1.67579 76.2155 -71.7272 164.223 86.0521
-1.90726 77.6044 -79.378 163.581 87.9546
-0.613741 78.7662 -88.3864 163.778 90.614
2.59717 80.6864 -97.8739 163.488 96.134
4.71028 81.4168 -102.794 164.031 98.6963
1.13988 81.7348 -102.089 163.87 97.8106
2.74265 81.3775 -102.868 164.943 97.8776
-3.35542 52.8249 -79.1308 163.484 107.477
-0.236141 34.0721 -55.4399 162.894 109.677
-1.75314 26.5617 -47.1525 163.529 112.234
0.178833 50.26 -73.6805 163.562 106.623
0.768147 51.4875 -75.4969 163.712 107.464
2.62848 52.4922 -76.811 163.93 105.207
-1.1244 56.0649 -73.1476 161.35 95.3098
-4.73445 55.1231 -60.8512 160.059 89.5647
-5.40249 51.6703 -60.4889 159.286 95.1649
-1.82736 49.696 -67.2112 160.49 103.638
1.20189 49.6285 -70.2239 161.529 106.215
-4.10108 52.4265 -64.523 159.433 95.2608
-8.12946 51.5503 -52.2889 160.549 87.2788
-6.31178 50.5221 -60.0874 160.312 92.5758
0.401468 48.8331 -68.4391 161.496 102.436
-3.1322 49.8068 -65.8145 160.463 97.6516
-7.47304 49.7041 -54.5668 159.907 91.0479
-5.87163 49.1276 -57.3239 160.139 93.047
-2.55426 48.117 -63.455 160.776 97.9827
-1.8586 44.6345 -58.6055 161.169 101.929
0.657701 38.8393 -44.6799 163.749 101.77
3.59833 42.4561 -37.6217 166.04 105.267
3.63159 27.8147 -20.9036 167.55 109.218
7.83373 31.5758 -23.4856 168.387 107.11
9.0455 39.6755 -33.2468 168.263 102.287
6.86877 40.0481 -51.9099 170.479 100.539
3.68027 41.8428 -86.0938 171.196 102.733
5.51116 43.3507 -86.556 171.62 101.015
-0.456629 51.659 -84.6849 170.567 91.5317
-10.1861 54.2011 -54.1162 169.718 82.5497
-10.9838 55.6736 -36.5068 159.763 90.7692
-8.37518 61.4446 -28.531 160.656 99.3487
0.438252 63.111 -29.9492 164.287 99.5217
-32.943 55.9603 -10.2628 160.704 95.8145
-20.877 54.1758 -41.3678 176.524 79.5116
4.7009 57.4555 -75.571 171.033 101.261
7.12236 59.4987 -82.4846 170.739 100.313
12.4735 47.5279 -74.6677 170.46 95.2656
2.11153 33.8145 -59.7994 168.359 92.4401
9.8982 34.5171 -65.9298 170.96 96.6299
3.16978 35.3819 -73.3805 170.931 93.4917
4.04173 35.8945 -73.2139 170.896 92.6581
4.40663 36.4116 -73.8165 170.153 92.2137
4.19011 36.5459 -74.6719 170.197 96.6186
3.73653 36.9413 -74.5827 168.929 102.172
4.72727 36.736 -74.8585 169.184 108.782
6.06131 36.5392 -75.5375 171.458 105.847
6.27872 37.253 -76.1825 172.047 104.877
5.11012 37.7877 -76.8265 173.074 106.1
-0.373069 38.9566 -77.0605 172.87 110.053
-0.630753 40.0486 -78.0203 173.399 109.966
-2.6804 40.275 -77.7019 173.408 111.384
-2.97223 40.5195 -77.8825 173.721 111.581
-3.21526 40.4691 -77.9562 174.317 111.726
-14.5016 41.8061 -53.6776 184.356 84.5179
4.08796 48.89 -8.67757 180.486 84.3849
2.46652 47.5646 -2.07663 180.568 87.2311
-4.18746 45.8355 -31.3784 179.359 88.203
-6.1013 45.4433 -34.8409 178.643 87.9462
1.57372 64.5209 -30.3027 182.924 76.8855
22.8179 106.976 -63.1699 194.836 75.2284
-2.79339 61.9761 -19.1503 183.036 68.8379
-21.5252 44.0149 -9.37683 178.233 75.009
6.03022 71.3688 -21.6148 187.674 63.1152
2.61062 61.8433 -10.9421 186.061 62.981
-24.576 44.2144 -12.8662 178.011 77.2999
-24.7348 43.877 -13.1703 178.128 76.9617
-24.5225 43.9492 -12.9094 178.19 76.8732
-23.917 44.5691 -13.8269 178.208 77.0557
-23.7919 44.4922 -13.4842 178.269 77.0612
-21.5063 45.7506 -12.3247 178.501 75.9532
-14.9434 48.3911 -6.35492 181.008 72.2701
-3.46348 55.1348 -7.46892 184.347 68.7029
6.48317 60.6021 -9.523 187.225 66.8591
15.2096 65.4925 -12.8175 189.73 66.8066
17.2752 66.7914 -14.4147 190.274 67.4066
20.3003 68.6108 -16.1316 191.335 68.3935
24.432 72.0496 -19.4228 192.715 69.8442
31.5912 78.1686 -25.9534 194.943 74.1523
35.1172 80.2067 -27.9841 195.686 76.6408
32.9728 78.6514 -26.1055 195.381 75.1605
33.6849 79.3032 -26.8146 195.59 75.7802
37.0094 81.5379 -29.0982 196.183 78.834
29.2111 75.594 -22.8119 194.951 73.2357
3.69529 57.1231 -6.41277 188.258 65.5366
-9.0009 49.1851 -2.00589 185.225 67.2196
-14.4203 46.3276 -1.52496 183.867 68.2601
-17.2247 44.4259 -0.943519 183.077 69.0702
-19.9043 42.7292 -0.165727 182.205 69.5619
-21.7821 41.1919 1.10888 181.567 69.7644
-21.999 40.4571 2.21381 181.259 69.9863
-19.6515 40.9133 -0.0346687 181.541 70.0948
-13.0553 45.8641 -26.4216 184.465 70.3959
7.10538 48.0013 -63.6387 171.766 92.8385
9.66583 45.987 -69.9769 168.895 99.78
10.5118 45.9038 -70.5033 166.4 94.991
9.04658 44.0355 -72.5992 165.137 92.8804
6.64843 42.9446 -69.5016 164.856 89.4553
4.27637 43.2859 -67.6168 163.689 83.7858
0.988427 45.5016 -69.2447 167.526 76.7803
-1.852 51.8934 -78.4523 185.087 67.8049
-1.47403 55.7491 -80.9159 184.011 67.8515
-12.3058 52.4177 -73.1839 182.387 68.6566
-20.1086 42.9446 -48.6696 165.314 90.891
-18.9079 34.026 -26.825 162.753 104.516
-22.1895 33.0054 -9.90941 155.805 107.594
-25.3597 27.5483 0.727707 150.516 107.039
-23.6257 23.1582 5.58043 148.846 102.257
-24.2717 22.7481 5.58469 149.414 102.497
-24.2054 22.7952 5.29761 149.861 102.623
-24.9403 23.3161 3.30851 150.218 103.042
-29.2761 23.0879 -0.235998 152.342 103.269
-22.4721 32.28 -23.9657 158.265 97.6532
-15.9139 43.5427 -52.9599 165.962 92.7259
-17.3994 49.694 -69.0001 169.053 91.5899
-18.457 49.7877 -67.8774 168.387 90.888
-17.86 41.6851 -36.6996 152.581 96.6874
-30.2275 22.5283 0.599434 150.47 98.6006
-33.8641 11.9809 8.52237 151.995 98.7468
-35.6088 6.25437 7.46131 156.028 96.9887
-35.7757 4.93188 7.87923 155.819 96.6575
-36.2288 5.24523 6.81966 157.224 97.5545
-34.2508 7.74464 6.84471 158.006 96.7712
-35.0868 8.8375 5.0799 157.942 97.1171
-34.4666 10.178 2.75812 155.496 98.3711
-41.5641 6.74365 8.02135 155.911 93.9767
-30.7512 22.9987 -12.1091 159.123 87.7184
-22.7151 38.5452 -36.0402 158.646 86.6829
-15.8777 50.5138 -56.7198 164.123 82.9073
-10.6596 62.0912 -82.7197 171.498 78.5397
-11.9011 64.7201 -93.877 174.312 77.3124
-13.4108 66.0384 -91.468 173.66 76.2548
-14.6449 70.4796 -83.0379 175.14 77.2787
-12.6608 69.4244 -52.3847 179.482 73.728
-7.83641 67.9582 -41.5693 182.992 71.529
-8.26687 68.1011 -42.5087 183.061 71.7236
-7.92881 68.8195 -43.8749 183.369 72.0536
-6.75115 70.0158 -45.4719 183.801 72.605
-5.53107 71.3142 -45.686 186.307 73.3435
-4.95865 70.9185 -44.4074 187.515 73.1563
-9.76436 64.6148 -70.986 176.254 79.6608
1.35473 66.9138 -87.4621 171.503 82.5016
5.66318 66.2763 -91.5229 173.21 82.9968
2.44884 66.2391 -91.1555 171.577 88.5651
1.03074 65.9119 -90.946 172.25 88.7881
6.68265 72.3344 -98.5037 171.595 88.6854
5.86461 77.0178 -104.724 172.769 90.6423
13.5468 80.6845 -110.177 172.507 93.9421
14.9584 79.4225 -109.776 173.268 94.7747
16.4853 79.4997 -111.026 173.441 94.4682
15.9623 79.2652 -110.287 173.364 94.6082
15.2702 78.7805 -110.278 173.358 94.6895
14.3929 78.3975 -109.196 173.434 94.5445
13.6898 78.0843 -108.332 173.358 94.2143
14.2492 77.6403 -106.994 173.267 93.5777
14.9616 78.1998 -107.883 173.187 93.5778
15.2975 78.5429 -108.57 173.235 93.5469
15.3154 78.8272 -109.234 173.254 93.6998
15.2564 78.958 -109.527 173.27 93.7316
15.2389 79.1908 -110.03 173.272 93.784
15.2642 79.3537 -110.409 173.29 93.8378
15.4322 79.5522 -110.946 173.112 94.0741
16.0268 79.7053 -111.155 171.739 98.896
16.4525 79.8838 -111.436 170.682 114.008
15.542 79.6719 -111.251 173.809 126.489
15.2912 79.7604 -111.663 173.71 126.303
15.0298 79.6222 -111.983 172.611 123.143
13.7629 78.9158 -111.597 167.559 109.385
14.8561 78.8202 -112.833 169.667 85.9343
13.7975 78.3724 -113.318 178.04 72.7088
13.8909 78.2775 -113.713 178.818 71.1451
13.9978 78.311 -113.921 178.75 71.4137
13.7918 78.0836 -113.346 176.825 75.9581
15.0363 78.242 -112.923 170.261 105.496
14.4738 78.1511 -112.479 171.048 120.893
14.3525 78.3762 -113.102 171.329 124.034
14.4908 78.3392 -113.39 171.699 125.985
14.3099 78.1733 -113.645 171.624 125.755
14.112 77.8213 -113.8 168.519 113.165
12.9307 77.1547 -113.68 173.504 73.2773
11.8636 77.0302 -113.898 182.765 62.5352
11.6284 77.0152 -113.957 180.506 64.9599
11.5322 76.9973 -114.118 178.666 69.3438
11.6593 77.1166 -114.272 177.62 72.1533
13.2765 77.639 -114.519 169.911 93.8077
14.1782 77.7514 -114.77 169.678 116.07
14.0304 77.5973 -114.887 170.806 120.994
11.8352 76.7048 -114.934 173.922 103.522
16.0429 76.8001 -115.481 182.65 92.975
18.5622 77.5978 -114.918 188.024 91.6767
18.6287 77.804 -112.801 165.555 95.2601
17.0118 77.2782 -110.147 127.913 50.2601
15.9228 77.1769 -111.199 129.841 39.4126
15.014 76.9174 -111.644 145.233 84.4126
17.6493 77.2122 -114.106 179.857 91.2593
18.276 77.2137 -113.836 183.417 93.9357
18.4052 77.2372 -113.768 181.568 94.5884
17.9951 77.2941 -113.313 169.744 98.6096
16.0513 76.7781 -112.035 141.243 105.339
14.9153 76.6345 -112.236 128.526 106.677
14.4458 76.5448 -112.698 127.973 61.6771
14.1488 76.5159 -112.777 129.597 106.677
13.69 76.4107 -112.707 141.714 111.201
14.7072 76.6134 -113.682 172.259 97.1203
16.0441 76.693 -113.646 180.731 96.4023
15.6887 76.6946 -113.819 181.739 97.818
14.4014 76.5521 -112.255 160.853 100.872
12.9897 76.269 -111.617 128.154 68.2512
12.0763 76.2027 -111.95 126.717 49.4578
12.0822 76.2274 -112.197 127.633 81.807
12.8021 76.5483 -113.296 150.833 99.9649
16.0944 77.9206 -113.32 169.175 96.1981
8.52178 77.4096 -111.001 169.783 94.503
0.578999 72.715 -105.495 170.361 95.2797
-11.1872 54.1181 -71.624 175.019 79.9483
-12.7751 50.114 -63.7629 179.785 79.6449
-12.416 49.7248 -63.3709 180.299 79.6212
-10.023 53.2789 -71.2871 175.364 78.8689
-7.15864 57.2306 -81.2825 170.29 81.2093
-4.0272 60.6022 -89.8574 168.136 84.7653
0.877888 64.6171 -98.2447 167.954 88.7011
-3.35767 61.982 -93.4543 168.792 87.7383
-12.6871 51.7514 -68.2557 174.438 81.031
-14.2242 49.7806 -60.3439 177.526 81.3572
-4.26072 58.0341 -84.3005 167.131 84.5579
-3.26613 58.4284 -86.5903 164.252 93.4455
-0.939772 55.5396 -86.2933 166.603 88.8773
1.08158 57.8933 -101.712 165.822 90.9267
-1.3789 51.004 -84.2337 170.053 88.6258
14.865 53.2725 -56.5382 171.492 89.9107
21.9281 55.8764 -43.278 171.91 92.625
14.2542 53.2661 -32.0014 171.395 92.3767
1.67524 51.4611 -20.9653 168.663 90.4699
-6.61645 49.4711 -11.1558 171.381 84.537
-5.62027 50.0982 -12.6117 169.987 87.7351
-5.57286 50.6095 -17.1489 168.737 94.3413
0.794589 51.2749 -24.3057 169.207 99.6935
2.95776 51.1931 -27.376 169.418 101.05
-2.71794 50.2732 -19.7154 166.943 97.4899
-11.6338 48.0335 -4.98267 167.862 89.1325
-13.9474 47.0674 -1.5453 168.539 86.2301
-12.5498 47.7775 -5.29434 168.516 87.1409
-9.89766 48.8864 -32.978 168.693 91.0887
-7.56427 48.9428 -60.8159 163.015 103.941
-8.79857 49.003 -66.2516 163.051 106.098
-17.371 49.4406 -77.389 156.445 100.407
-34.5483 49.3327 -87.264 155.281 102.66
-28.6809 48.6343 -77.3231 154.702 95.5557
-22.7928 31.343 -63.1503 154.527 108.665
-21.3333 23.657 -54.633 156.202 108.065
-19.712 25.9543 -53.3347 156.065 106.224
-18.7727 26.5499 -55.0367 158.508 107.618
-18.9197 27.1624 -55.3906 158.571 107.896
-19.1329 27.0959 -56.209 157.924 111.444
-19.3409 26.4132 -55.7224 158.131 111.932
-19.9405 25.371 -54.6536 158.761 112.856
-16.6321 25.8378 -60.3629 161.727 119.122
-20.5847 24.5227 -59.0779 164.606 110.494
-18.2336 34.2397 -68.9558 170.135 112.149
-20.1815 34.4964 -69.9782 174.381 118.724
-17.3652 38.0055 -74.3436 177.225 118.924
-11.6003 41.8698 -79.9458 178.625 120.478
-14.4789 41.1223 -75.5175 176.271 119.939
-9.70365 46.2026 -78.3636 174.58 113.339
3.99781 65.6799 -93.9353 178.785 96.6279
9.56708 70.1074 -91.0918 177.36 92.5546
10.9537 72.5009 -93.0653 176.59 92.4427
11.7196 72.1976 -91.2734 176.246 92.4252
14.3139 71.7865 -91.0882 176.748 89.9353
14.1825 71.407 -90.5825 176.44 89.7332
11.7964 57.8591 -65.6529 174.67 91.9456
11.2914 47.5727 -49.5041 173.793 92.8744
11.4516 47.9966 -51.2144 173.759 92.8474
14.1773 56.4189 -65.7927 175.031 90.2901
15.3277 70.2494 -92.7591 175.971 85.8499
16.9644 69.7757 -93.5705 175.342 84.4375
19.0158 69.3839 -92.2479 175.007 84.5658
20.5377 69.7137 -92.6855 174.945 84.2062
19.9433 69.1199 -91.6055 175.134 83.5932
17.9392 74.0647 -101.62 175.887 82.8202
14.9375 78.6504 -110.328 178.618 81.0388
14.0851 78.5825 -106.103 180.256 80.5835
12.0282 77.7113 -106.115 181.289 79.367
11.7976 77.6356 -110.599 186.106 75.2877
11.1275 79.0075 -111.221 188.419 70.2141
11.5869 84.7605 -115.037 188.03 67.1836
10.5103 85.5603 -114.072 187.08 67.8279
10.1629 85.396 -113.671 186.924 68.1424
10.0924 85.1901 -113.438 186.811 68.2884
9.95613 85.0812 -113.091 186.778 68.4604
9.74858 84.9611 -113 186.825 68.486
9.73821 84.8889 -112.941 186.867 68.4402
9.71505 84.8713 -112.907 186.885 68.4754
9.82411 84.906 -112.958 186.946 68.4022
9.7022 84.8464 -112.862 186.926 68.5458
9.38235 84.6909 -112.554 186.858 68.8186
9.35017 84.6608 -112.518 186.844 68.8638
9.57638 84.7831 -112.665 186.932 68.7253
9.60304 84.8052 -112.641 186.959 68.7618
9.58027 84.8071 -112.585 186.962 68.8258
9.59753 84.799 -112.566 186.976 68.8361
9.56674 84.6479 -112.436 186.967 68.8079
9.55208 84.5387 -112.4 186.953 68.7864
9.53264 84.4767 -112.335 186.97 68.7504
9.50968 84.424 -112.272 186.941 68.7515
10.035 82.7816 -111.832 186.636 68.0562
9.83583 82.4782 -112.624 186.905 67.496
9.19629 82.2759 -112.683 186.887 67.6232
8.57293 82.3339 -112.4 186.858 67.878
8.29991 82.3392 -112.03 186.782 68.0623
7.4891 82.1335 -111.729 186.718 68.6752
7.59312 81.8572 -112.08 186.738 68.4068
7.81945 81.4696 -111.923 186.473 68.4238
8.09721 80.8458 -111.73 186.195 68.3069
8.10047 80.4923 -111.757 186.25 68.2092
8.16171 80.7492 -111.938 186.385 68.1238
8.18933 81.0193 -112.108 186.517 68.0974
8.28596 81.2174 -112.214 186.603 67.9954
8.30532 81.3243 -112.257 186.652 67.9738
8.25647 81.5171 -112.307 186.689 67.9995
8.05563 81.6221 -112.182 186.8 68.0436
7.82902 81.7025 -112.115 187.187 67.9834
8.69646 81.4383 -111.865 186.756 68.1723
10.4931 79.2266 -110.065 185.166 68.1318
18.0442 79.5529 -107.329 186.026 63.8803
25.6785 77.9277 -92.1029 172.812 56.2117
25.0422 78.4218 -99.7834 179.159 57.8068
13.0521 78.7745 -104.445 180.936 69.2595
13.7395 78.7186 -105.563 182.057 68.8014
12.0907 77.1026 -106.496 183.259 69.3559
34.5889 75.8731 -110.099 188.612 48.0369
54.7694 77.7602 -115.637 193.029 27.2793
52.6573 79.9229 -119.901 196.459 30.6759
65.8743 79.0764 -124.322 203.216 17.6466
81.1074 79.2 -126.756 205.079 2.37886
36.1074 80.1676 -126.765 204.21 47.1305
52.068 80.5729 -120.486 197.126 31.0979
77.5972 81.3143 -132.036 207.797 6.56392
86.0971 81.6365 -134.311 209.366 -1.94768
41.0971 80.8882 -130.868 206.55 42.7753
-3.90286 81.4372 -118.778 194.186 87.5608
-48.9029 81.5412 -103.034 178.594 132.404
-93.9029 80.9702 -92.0618 168.506 177.404
-48.9029 80.4095 -117.184 194.47 132.654
-93.9029 80.0911 -125.065 202.575 177.654
-138.903 80.3053 -106.127 183.252 222.654
-183.903 78.1793 -123.054 203.622 267.654
-228.903 79.6278 -127.572 205.732 312.654
-233.057 78.8966 -117.636 197.267 317.187
-210.453 77.4849 -92.2541 174.775 293.611
-199.707 77.1603 -77.1198 162.795 284.131
-227.12 77.0838 -122.12 207.586 311.352
-220.904 78.5011 -115.657 199.178 304.452
-216.486 81.9066 -111.722 190.202 298.347
-222.484 82.8257 -112.514 189.336 303.68
-234.93 81.7933 -113.346 190.522 314.862
-237.07 81.4741 -116.868 194.081 316.819
-244.533 80.6025 -110.947 188.712 323.107
-260.988 78.5371 -129.539 211.022 339.613
-215.988 80.1883 -118.797 198.908 296.472
-204.41 79.0147 -95.0217 176.262 284.625
-207.388 76.1462 -83.1914 168.894 286.828
-214.425 74.0013 -68.2361 156.711 292.716
-239.994 72.3875 -56.9406 147.294 317.777
-194.994 73.8853 -61.0227 151.21 272.777
-149.994 76.1718 -85.3693 171.255 228.852
-104.994 79.2077 -74.1176 154.761 185.14
-59.994 80.971 -42.5573 121.359 142.249
-14.994 82.2458 -51.0567 128.698 98.8185
30.006 81.7495 -43.5178 121.029 54.7759
65.7351 81.1543 -29.7191 107.479 19.1115
68.7247 83.0008 -33.9077 113.205 17.7801
62.0889 83.2531 -36.7599 115.65 24.9809
51.1203 83.5306 -40.0609 118.269 35.9525
58.3267 82.4371 -33.2986 113.156 28.3828
62.6252 82.1106 -31.5898 111.648 23.8214
62.2283 82.3548 -30.1083 110.025 24.1984
54.4221 82.7797 -39.5249 118.798 31.6227
53.5536 83.3139 -37.2167 116.468 32.5426
35.0213 83.6968 -69.4646 149.183 50.7127
-2.55503 87.5777 -99.6741 182.148 90.5842
-30.4847 83.7453 -74.3021 164.292 119.992
-43.2964 81.4497 -70.214 163.419 133.499
-20.5648 81.6602 -53.6609 147.505 111.333
-11.4876 81.3429 -35.3934 128.313 102.008
4.92787 80.2854 -36.4214 128.538 85.5237
11.7279 83.985 -53.3559 139.802 78.4886
19.0741 85.4147 -47.0194 131.623 71.1966
11.1354 85.8553 -47.9323 131.576 79.1953
12.4157 86.4699 -51.299 134.39 77.6517
12.1079 86.8735 -48.7257 131.532 77.9502
56.5884 86.7296 -33.3415 115.884 33.2691
77.8695 86.7903 -58.4782 141.674 12.0378
32.8695 87.4235 -103.478 186.674 57.0378
-12.1305 88.1506 -99.6415 183.782 102.038
-57.1305 87.7858 -97.8513 182.453 147.038
-102.13 87.7595 -96.4009 181.328 192.038
-147.13 91.0637 -90.7248 172.599 237.038
-172.861 88.9545 -77.0906 160.008 263.889
-169.817 89.2868 -77.241 158.99 260.014
-134.687 88.648 -110.851 192.988 224.82
-116.675 87.74 -119.89 201.255 206.056
-112.951 86.8703 -123.112 205.299 202.311
-103.648 87.3187 -131.075 214.242 193.353
-105.147 87.265 -131.317 214.221 194.938
-94.0663 88.3985 -125.703 207.875 184.282
-87.0973 89.2756 -123.01 204.392 177.348
-85.4263 89.4844 -123.345 204.53 175.814
-82.4803 88.481 -120.407 202.545 172.745
-84.5665 89.5493 -122.753 203.334 174.696
-86.4268 88.9159 -120.332 201.317 176.505
-86.404 89.032 -121.79 201.411 177.06
-88.2308 84.3671 -116.198 196.177 179.8
-94.3702 82.6192 -118.236 193.689 186.557
-95.1086 83.0143 -118.205 192.26 187.636
-92.8522 84.144 -118.048 194.288 184.553
-91.1452 84.6764 -117.752 196.59 182.363
-88.4673 86.1945 -118.783 198.706 180.625
-86.1827 87.2192 -119.777 200.38 179.513
-85.584 87.6173 -120.321 200.987 179.323
-85.594 87.3366 -120.447 201.651 179.466
-85.4112 87.5848 -120.751 201.914 179.459
-85.251 88.3567 -121.357 202.031 179.274
-84.7875 89.3629 -122.03 202.412 178.896
-84.7803 88.1009 -121.527 202.655 179.32
-84.5279 88.2272 -121.799 202.837 179.34
-84.4212 88.8551 -122.204 202.409 179.365
-83.7124 90.1018 -122.631 202.324 178.588
-83.8099 90.8944 -123.095 202.031 178.526
-83.8316 90.7147 -123.124 202.15 178.705
-82.7152 90.5382 -123.274 202.493 178.47
-82.5803 90.5445 -123.29 202.726 178.392
-83.6775 90.4053 -123.119 201.713 178.923
-83.3284 91.412 -123.622 201.748 178.449
-82.9348 91.9909 -123.816 201.78 177.954
-82.1742 92.1266 -123.567 200.546 177.82
-81.2109 92.1445 -123.247 201.22 177.774
-80.8441 91.5702 -122.939 201.164 178.088
-80.9377 89.2491 -121.299 201.314 178.349
-79.9943 89.4078 -121.365 201.992 177.645
-79.4756 90.4249 -122.004 201.856 177.471
-78.3551 91.5617 -122.521 202.444 176.641
-78.2717 92.0415 -122.689 202.453 176.427
-77.9065 92.4328 -122.905 202.413 176.455
-74.8712 90.9838 -121.194 202.93 174.455
-69.3114 80.8164 -109.749 206.08 169.417
-67.19 81.4333 -109.283 203.934 173.446
-66.1794 82.661 -109.85 205.246 171.562
-64.4325 83.0697 -109.161 206.008 168.949
-64.205 83.7102 -109.707 205.817 168.777
-65.8264 83.3908 -110.55 205.41 170.083
-67.0687 80.8952 -110.708 206.138 171.266
-73.3044 79.5382 -114.142 203.18 176.721
-78.8688 79.4262 -116.272 200.982 180.429
-78.8612 82.5854 -116.674 200.019 178.835
-79.0568 81.1203 -115.243 202.076 177.914
-77.4812 81.4343 -115.153 202.681 177.139
-78.6607 82.2641 -115.697 201.665 178.211
-79.0937 82.31 -115.739 199.171 178.412
-79.9456 81.1732 -115.407 196.612 178.183
-80.78 80.5983 -115.168 197.205 180.403
-82.0175 79.7184 -116.103 192.43 183.378
-83.69 79.3806 -116.904 195.27 190.51
-83.178 79.5207 -116.563 194.934 193.26
-84.1747 79.4639 -117.432 239.934 148.26
-83.4372 78.5091 -118.348 265 103.26
-82.1739 78.4679 -115.298 254.336 58.2605
-84.9485 78.2667 -117.291 265 13.2605
-96.7687 78.681 -118.551 265 -25.3655
-97.0472 75.5459 -117.45 265 4.56681
-94.4412 72.5429 -115.084 260.145 -2.97338
-94.4253 69.4889 -111.842 233.838 3.40955
-91.8426 70.6402 -111.927 238.548 3.65822
-90.2358 71.502 -111.527 236.849 -0.722161
-90.045 71.7829 -111.465 233.752 -6.09854
-88.6476 72.4268 -110.941 235.333 -0.987808
-83.8157 74.588 -111.651 231.206 -3.71388
-82.3158 75.0498 -111.434 229.427 -4.75705
-83.0225 74.3021 -111.324 230.673 -4.32003
-89.4282 72.9267 -111.936 237.407 0.170459
-101.245 73.8989 -112.671 243.539 6.08777
