4
-0.184048 90.1642 -90.1381 179.976 90.0534
0.00489574 90.0014 90.0096 0.0121929 -90.2266
-0.294429 90.2768 -90.1622 179.886 90.0689
0.0136562 90.0129 90.0032 0.00566205 -90.3917
-0.428175 90.3472 -90.1555 179.815 90.0688
0.0333333 90.0194 89.9975 0.00805146 -90.561
-0.596154 90.3945 -90.1601 179.764 90.0717
0.0376294 90.0261 89.999 0.00918067 -90.7203
-0.736018 90.4674 -90.1971 179.74 90.0604
0.0265604 90.0254 89.9976 0.00821732 -90.8753
-0.891566 90.5044 -90.2205 179.743 90.0395
0.0174745 90.0214 89.9978 0.011039 -91.0248
-1.01829 90.5572 -90.255 179.739 90.0225
0.0108626 90.0243 89.9881 0.0191978 -91.1656
-1.13858 90.6093 -90.3148 179.754 90.0091
-0.00370135 90.007 89.9904 0.0180491 -91.3069
-1.25773 90.6253 -90.3265 179.753 89.9753
-0.0216294 89.9985 89.9916 0.0343487 -91.4314
-1.3524 90.6608 -90.356 179.748 89.9278
-0.0430583 89.9877 90.0136 0.0356157 -91.5504
-1.42209 90.7031 -90.4177 179.758 89.8637
-0.0732231 89.9693 90.0242 0.0386208 -91.67
-1.49287 90.7206 -90.4443 179.773 89.7945
-0.0805233 89.9583 90.0319 0.0414937 -91.7827
-1.55842 90.749 -90.499 179.789 89.7192
-0.0968176 89.94 90.0446 0.0365985 -91.8859
-1.64131 90.7682 -90.5438 179.796 89.6701
-0.110365 89.9266 90.0493 0.0327751 -92.004
-1.67767 90.7738 -90.5787 179.805 89.5955
-0.130351 89.9069 90.0688 0.0388826 -92.1146
-1.8569 90.7576 -90.5623 179.794 89.6011
-0.092766 89.9252 90.048 0.0446662 -92.2998
-2.03281 90.7547 -90.5602 179.792 89.6256
0.013599 89.9615 90.0068 0.0581719 -92.5613
-2.21294 90.7508 -90.5738 179.801 89.6426
0.14863 89.9888 89.9824 0.0600457 -92.8743
-2.43079 90.7119 -90.6177 179.87 89.6951
0.268925 90.0399 89.943 0.0665684 -93.1573
-2.61628 90.7055 -90.672 179.932 89.7448
0.374866 90.0564 89.9274 0.0774755 -93.4352
-2.80597 90.6661 -90.6901 179.974 89.7912
0.492622 90.0884 89.9072 0.0779298 -93.7064
-2.9908 90.656 -90.7126 180.02 89.8346
0.609712 90.1093 89.8826 0.0691761 -93.9605
-3.17028 90.6412 -90.7102 180.04 89.8742
0.70293 90.1293 89.8498 0.074492 -94.186
-3.30486 90.6484 -90.7165 180.049 89.8872
0.802479 90.1652 89.8017 0.08151 -94.3923
-3.4313 90.6708 -90.7274 180.053 89.902
0.899223 90.1996 89.768 0.0801299 -94.5924
-3.57002 90.7034 -90.7542 180.052 89.9134
0.978871 90.2097 89.7655 0.0878201 -94.8069
-3.69691 90.7325 -90.7817 180.057 89.9334
1.05213 90.2067 89.774 0.0886348 -95.0126
-3.81291 90.7372 -90.7886 180.076 89.9321
1.12731 90.2208 89.7681 0.0946892 -95.1781
-3.72631 90.699 -90.7361 180.05 89.9528
1.1173 90.2161 89.7625 0.095253 -95.0565
-3.65915 90.7097 -90.721 180.033 89.8535
1.13526 90.2098 89.7643 0.0915022 -94.9129
-3.61042 90.7277 -90.7275 180.03 89.7447
1.14653 90.1837 89.7983 0.0873939 -94.6535
-3.58823 90.7143 -90.692 180.026 89.6522
1.13088 90.1583 89.8233 0.0838198 -94.4984
-3.54907 90.7589 -90.7272 180.025 89.5639
1.10856 90.1402 89.8497 0.0812015 -94.3883
-3.52843 90.7519 -90.6971 180.032 89.4745
1.11539 90.1334 89.8632 0.0704552 -94.3058
-3.54375 90.7023 -90.6415 180.027 89.4039
1.10697 90.1167 89.8645 0.0723466 -94.2133
-3.49581 90.6897 -90.5543 179.937 89.2859
1.10251 90.0965 89.886 0.0717622 -94.1141
-3.42894 90.7211 -90.5029 179.871 89.1525
1.06913 90.0581 89.9152 0.0744887 -93.988
-3.37055 90.7072 -90.4336 179.832 89.0229
1.07125 90.0458 89.9296 0.071595 -93.8796
-3.32967 90.7095 -90.4945 179.885 88.923
1.05281 90.0276 89.9426 0.0688107 -93.7721
-3.29512 90.7169 -90.5137 179.864 88.8145
1.04978 90.0222 89.9503 0.0812499 -93.6411
-3.24241 90.707 -90.4242 179.763 88.6801
1.02555 90.0044 89.9607 0.0946192 -93.5179
-3.20356 90.6446 -90.3084 179.71 88.5539
1.00757 89.9856 89.9703 0.0926509 -93.3956
-3.13736 90.6323 -90.2558 179.657 88.42
0.989271 89.9762 89.9827 0.0876724 -93.285
-3.07036 90.6283 -90.2191 179.628 88.2986
0.967519 89.9533 90.0105 0.0932928 -93.1742
-3.03236 90.6294 -90.194 179.612 88.1885
0.950172 89.9506 90.0074 0.0942929 -93.0657
-2.97137 90.6189 -90.1901 179.62 88.1003
0.93821 89.9425 90.0186 0.0975127 -92.9456
-2.89405 90.6094 -90.1867 179.622 87.9686
0.938568 89.9508 90.0039 0.0933556 -92.8359
-2.81594 90.5987 -90.1696 179.63 87.8496
0.94173 89.9526 89.9987 0.090589 -92.7134
-2.72654 90.5812 -90.1448 179.637 87.7148
0.923435 89.943 90.0205 0.0832996 -92.5631
-2.64952 90.5471 -90.1005 179.629 87.5824
0.913108 89.9556 89.9975 0.0814546 -92.4169
-2.56009 90.5301 -90.0763 179.626 87.4581
0.908013 89.9532 89.9964 0.0793907 -92.2991
-2.47309 90.4763 -90.038 179.634 87.3254
0.900185 89.9487 90.015 0.075697 -92.1809
-2.39893 90.45 -90.0098 179.634 87.2003
0.851617 89.9253 90.0517 0.0633684 -92.0335
-2.31054 90.4592 -90.0264 179.657 87.0628
0.83585 89.9107 90.0577 0.0717038 -91.9019
-2.27842 90.4426 -90.1048 179.729 86.9797
0.830302 89.9082 90.0585 0.0763608 -91.7995
-2.22584 90.4632 -90.2005 179.798 86.8992
0.829217 89.8945 90.0815 0.0615368 -91.7073
-2.17369 90.4737 -90.2554 179.836 86.8016
0.851056 89.9044 90.0754 0.0516855 -91.6327
-1.98472 90.39 -90.1974 179.874 88.7114
0.850194 89.9111 90.0833 0.0399732 -91.4857
-1.6178 90.2406 -90.0811 179.889 89.2353
0.852071 89.9253 90.0709 0.0572513 -91.3622
-1.56633 90.1535 -89.9212 179.804 89.2578
0.841349 89.9082 90.0736 0.0730664 -91.3111
-1.54871 90.0868 -89.8174 179.743 89.3432
0.826573 89.9181 90.0634 0.0812165 -91.2526
-1.53401 89.9828 -89.6689 179.698 89.3808
0.822613 89.8998 90.0693 0.0878067 -91.2067
-1.48847 89.9538 -89.6054 179.669 89.3904
0.787885 89.8779 90.0941 0.0897287 -91.1171
-1.4596 89.8879 -89.5003 179.657 89.421
0.766517 89.8625 90.1197 0.0885175 -91.0613
-1.4343 89.8108 -89.4128 179.632 89.4977
0.751211 89.8593 90.1264 0.0833422 -91.0203
-1.41011 89.715 -89.3296 179.604 89.5177
0.725718 89.8368 90.1405 0.0853141 -90.9729
-1.3909 89.6062 -89.209 179.582 89.6124
0.70764 89.8301 90.1511 0.0904462 -90.9274
-1.35263 89.5317 -89.1437 179.576 89.6425
0.680069 89.8166 90.1544 0.0906061 -90.8782
-1.3414 89.4554 -89.0637 179.572 89.6764
0.661416 89.8087 90.1598 0.0973517 -90.8423
-1.33026 89.4435 -89.0293 179.568 89.6868
0.628616 89.7951 90.1637 0.0944509 -90.8277
-1.28095 89.409 -88.9675 179.559 89.6928
0.601927 89.7747 90.1904 0.0947892 -90.8059
