4
-73.2618 113.656 -141.454 242.091 67.496
-98.2507 112.643 -140.881 241.323 42.298
-94.7113 112.315 -140.241 244.486 52.318
-99.6788 108.129 -128.003 224.254 51.46
-82.6643 112.827 -150.46 265 35.7514
-69.1817 108.073 -149.616 265 24.3377
-36.8485 108.939 -137.656 265 49.3281
-13.4409 119.174 -138.48 246.012 94.3281
-16.5812 119.618 -134.844 238.773 98.2515
-33.4785 120.411 -141.082 262.169 78.9346
-46.4245 106.259 -124.025 238.43 74.7742
-43.6444 113.614 -136.436 227.733 77.4983
-32.2329 113.957 -156.131 265 62.2541
-22.6017 118.367 -156.97 265 60.2158
-22.7288 120.17 -156.562 265 59.32
-28.0502 116.666 -151.645 265 66.483
-27.3308 114.637 -150.231 265 81.6885
-28.4683 113.689 -150.838 263.929 85.3518
-28.7282 113.141 -150.902 263.805 86.3134
-28.6728 113.17 -150.866 263.979 86.4667
-28.621 113.146 -150.739 264.005 86.6425
-28.6569 113.027 -150.546 264.136 86.7756
-28.6607 112.996 -150.444 264.232 87.217
-28.6694 112.965 -150.4 264.238 87.4712
-28.6386 112.984 -150.401 264.337 87.6454
-28.6082 112.959 -150.33 264.376 87.721
-28.6015 112.891 -150.254 264.426 87.852
-28.5646 112.92 -150.262 264.541 88.0178
-28.5328 112.951 -150.266 264.565 88.2108
-28.503 112.954 -150.247 264.637 88.3942
-28.4659 112.98 -150.23 264.672 88.5776
-28.4555 112.981 -150.229 264.742 88.7898
-28.4229 112.984 -150.217 264.772 88.9348
-28.3976 113.006 -150.213 264.822 89.0921
-28.3785 113.002 -150.189 264.84 89.1919
-28.3659 113.019 -150.189 264.868 89.3457
-28.3433 112.996 -150.15 264.886 89.3974
-28.3461 112.994 -150.111 264.953 89.4867
-28.3351 113.048 -150.049 265 89.4532
-28.3321 113.036 -150.047 265 89.5588
-28.2967 113.083 -150.138 265 89.6545
-28.3 113.125 -150.118 265 89.7147
-28.2968 113.127 -150.061 265 89.8259
-28.2764 113.137 -150.095 265 89.8488
-28.2692 113.132 -150.066 265 89.9403
-28.2259 113.156 -150.098 265 89.9955
-28.3825 112.876 -149.62 265 90.2688
-28.2529 112.998 -149.578 265 89.9564
-28.0678 113.313 -149.981 265 89.7638
-28.0578 113.319 -149.837 265 89.7348
-28.2817 112.996 -149.243 265 89.6987
-27.7337 113.282 -149.528 265 89.4815
-27.7605 113.14 -149.419 265 89.4968
-27.567 113.307 -149.615 265 89.4254
-27.3722 113.555 -149.969 265 89.229
-27.3192 113.583 -149.924 265 89.1409
-27.0156 113.317 -147.825 265 87.4571
-26.6766 112.271 -144.107 264.941 80.7854
-26.5453 112.652 -144.745 265 80.5975
-26.5419 112.582 -144.917 265 81.0635
-26.5041 112.545 -144.947 265 81.0603
-26.4866 112.526 -144.949 265 81.1217
-26.4837 112.533 -144.992 265 81.2654
-26.4684 112.546 -145.336 265 81.6155
-26.3813 112.461 -145.863 265 82.3362
-26.384 112.252 -145.9 264.801 83.2862
-26.5783 111.672 -145.841 264.248 84.6453
-26.6969 111.132 -145.804 263.671 85.4061
-26.7959 110.936 -145.836 263.611 85.6459
-26.7854 110.994 -146.02 263.674 85.7169
-26.6614 111.154 -146.219 263.709 85.7487
-26.6368 111.159 -146.184 263.703 85.7003
-26.636 111.129 -146.047 263.729 85.6342
-26.7851 110.876 -145.28 263.643 85.423
-27.1697 110.446 -143.604 263.944 83.9345
-27.3244 110.438 -142.777 264.303 82.5089
-27.3208 110.095 -142.542 264.015 81.9973
-27.0449 110.417 -143.328 263.97 82.3684
-27.127 110.297 -143.051 263.871 82.5083
-27.0335 110.342 -143.158 263.864 82.4406
-27.0013 110.333 -143.193 263.847 82.4429
-27.0105 110.309 -143.156 263.885 82.4821
-27.008 110.281 -143.168 263.862 82.4772
-26.9996 110.279 -143.16 263.847 82.4811
-26.9801 110.271 -143.127 263.857 82.4687
-26.9661 110.264 -143.093 263.831 82.4623
-26.9642 110.264 -143.111 263.795 82.5281
-26.9344 110.3 -143.221 263.83 82.6524
-26.902 110.322 -143.255 263.829 82.7078
-26.9926 110.202 -142.97 263.846 82.8268
-27.0143 110.191 -143.039 263.827 83.2435
-27.1697 110.112 -143.535 263.837 84.5147
-27.0511 110.293 -144.158 263.981 84.9533
-26.815 110.539 -144.409 263.991 84.8468
-26.7595 110.682 -144.332 264.075 85.0452
-26.8224 110.632 -144.235 264.107 85.2462
-26.9054 110.479 -143.974 263.999 85.3155
-26.8709 110.444 -143.934 263.884 85.3782
-26.561 110.614 -144.373 263.796 85.0293
-26.4523 110.71 -144.664 263.68 85.4587
-26.5038 110.666 -144.719 263.676 85.6556
-26.3268 110.946 -144.926 263.874 85.5927
-26.3624 110.909 -144.94 263.782 85.8992
-26.3815 110.896 -144.93 263.76 86.0729
-26.3945 110.861 -144.938 263.721 86.1535
-26.3899 110.857 -144.888 263.751 86.1317
-26.4111 110.819 -144.879 263.881 86.0878
-26.255 111.027 -145.103 263.663 86.3689
-26.1302 111.168 -145.402 263.771 86.4567
-26.11 111.172 -145.444 263.559 86.5969
-26.1757 111.065 -145.149 263.612 86.4447
-26.2034 111.089 -145.26 263.507 86.7677
-26.1411 111.215 -145.436 263.488 87.0509
-26.0971 111.24 -145.453 263.459 87.0882
-26.0772 111.265 -145.355 263.449 87.2288
-26.0029 111.361 -145.543 263.436 87.2566
-25.8626 111.498 -145.865 263.491 87.2476
-25.8165 111.544 -146.022 263.408 87.3714
-25.7963 111.537 -145.963 263.406 87.3802
-25.191 111.87 -146.602 263.272 86.5235
-25.1867 111.805 -146.213 263.124 86.53
-25.2746 111.753 -145.883 263.309 86.6788
-25.3779 111.73 -145.841 263.244 87.1353
-25.2934 111.82 -145.842 263.552 87.0122
-25.5488 111.62 -145.657 263.406 87.6107
-25.5281 111.714 -145.911 263.697 88.0901
-25.6652 111.411 -145.475 263.475 88.1857
-25.6476 111.447 -145.471 263.645 88.3971
-25.56 111.547 -145.803 263.689 88.9283
-25.4979 111.629 -146.238 263.532 89.4108
-25.5293 111.621 -145.9 263.609 89.1994
-25.4495 111.531 -145.918 263.657 88.7873
-25.2034 111.741 -146.157 263.711 88.5164
-25.0607 111.789 -146.344 263.624 88.351
-24.8987 111.891 -146.432 263.648 88.1076
-24.898 111.848 -146.328 263.497 88.2024
-24.9224 111.779 -145.989 263.566 88.0234
-25.01 111.654 -145.667 263.483 88.156
-25.1065 111.523 -145.378 263.327 88.3151
-25.1604 111.416 -144.932 263.482 88.0785
-25.1807 111.5 -144.498 264.055 87.4766
-25.0821 111.728 -144.109 264.577 86.7837
-25.1512 111.63 -143.878 264.45 86.8008
-25.1084 111.6 -144.005 264.325 86.8827
-25.1154 111.522 -144.019 264.204 86.9395
-25.064 111.581 -144.103 264.187 87.1092
-25.061 111.562 -144.146 264.103 87.2283
-24.9473 111.68 -144.433 264.145 87.201
-24.9281 111.694 -144.392 264.147 87.216
-24.9568 111.641 -144.325 264.076 87.3477
-24.9527 111.644 -144.251 264.088 87.4063
-24.8907 111.662 -144.386 264.099 87.3883
-24.8864 111.698 -144.431 264.138 87.4801
-24.8596 111.711 -144.419 264.141 87.516
-24.8041 111.756 -144.565 264.127 87.5976
-24.9312 111.543 -144.194 264.064 87.8305
-24.9884 111.537 -144.097 264.051 87.9781
-24.906 111.612 -144.283 264.066 88.0394
-24.8872 111.636 -144.345 264.137 88.0601
-25.0316 111.574 -144.547 264.161 88.238
-25.4904 111.145 -144.842 264.234 88.4517
-25.4096 111.241 -145.311 264.234 88.5618
-25.0455 111.656 -145.213 264.242 88.6399
-24.9645 111.808 -145.231 264.326 88.8371
-24.806 111.869 -145.257 264.378 88.574
-24.5882 111.995 -145.414 264.322 88.3155
-24.5425 112.077 -145.4 264.365 88.3995
-24.5696 112.016 -145.186 264.262 88.4395
-24.4719 112.107 -145.364 264.229 88.4831
-24.4558 112.106 -145.346 264.179 88.5168
-24.4276 112.129 -145.334 264.221 88.506
-24.3695 112.181 -145.503 264.292 88.4643
-24.2186 112.295 -145.737 264.345 88.3684
-24.1478 112.354 -145.768 264.384 88.3469
-23.8683 112.62 -146.535 264.565 88.2887
-23.8648 112.606 -146.339 264.501 88.6082
-24.0481 112.31 -145.659 264.552 88.5197
-24.1007 112.266 -145.416 264.565 88.6117
-24.181 112.208 -145.244 264.505 88.8099
-24.6675 111.744 -144.367 264.695 89.0965
-24.8581 111.641 -144.096 264.747 89.2908
-24.4954 111.928 -144.815 264.58 89.1785
-24.1766 112.398 -145.509 264.916 89.3649
-24.084 112.516 -145.596 264.961 89.3215
-24.2554 112.102 -143.557 265 90.1148
-33.7021 111.166 -107.582 220 95.5451
10.8141 116.065 -110.876 206.931 96.9184
8.68279 115.407 -108.268 204.526 95.8108
9.44883 115.589 -107.133 201.81 95.1894
8.97029 115.328 -107.431 202.935 95.1337
8.62951 115.161 -107.83 204.487 95.0938
8.60705 115.068 -108.088 205.482 95.0631
-8.76787 114.598 -107.025 205.782 93.7816
-4.15453 112.86 -112.62 224.286 91.7255
-23.0536 112.149 -116.831 230.726 85.4916
-31.6294 108.419 -120.055 240.804 82.4975
-30.8295 109.174 -120.54 240.867 82.9519
-29.9569 109.889 -121.453 241.482 82.9874
-29.7895 110.158 -122.205 242.435 82.7989
-29.7434 110.219 -122.492 242.783 82.5595
-29.6984 110.713 -125.362 243.2 78.4527
-29.356 111.631 -129.089 246.548 74.817
-28.9242 111.987 -129.34 246.765 74.7674
-2.98097 118.469 -134.558 256.158 84.036
3.88338 122.568 -140.668 262.255 82.9474
-1.61857 119.868 -138.32 262.157 80.0534
-16.4106 108.98 -130.085 262.234 72.3269
-9.24461 116.283 -135.069 261.691 76.4452
-1.03712 123.419 -141.909 262.183 80.4803
-12.1702 111.031 -133.302 265 71.4644
-8.90224 114.573 -134.759 264.313 75.7873
-4.97395 118.743 -139.187 265 79.8994
-13.0242 110.285 -134.239 265 71.4467
-9.64601 114.94 -138.392 265 74.7328
-10.742 114.417 -138.175 265 74.9306
-13.088 113.944 -137.882 265 74.4474
-14.0974 113.222 -137.437 265 74.3687
-14.8051 112.677 -135.539 265 74.457
-14.5616 112.928 -132.935 265 73.6384
-14.8316 112.929 -132.905 265 73.1102
-17.7492 113.511 -128.664 259.609 79.1695
-6.35725 126.013 -137.854 242.475 111.765
-44.4738 115.104 -175 265 66.7646
-13.9123 132.897 -148.23 248.144 111.765
-20.2293 110.908 -175 265 66.7646
-18.362 131.49 -138.954 240.318 107.865
-40.676 117.721 -175 265 62.8653
-34.4054 124.931 -148.705 265 107.865
-29.3756 128.844 -148.204 260.793 117.587
-22.9364 127.495 -175 265 72.5872
-24.2468 125.152 -168.064 265 27.5872
-20.9166 125.946 -167.437 265 -17.4128
-19.2984 126.767 -169.328 265 -52.407
-18.5027 127.618 -169.719 265 -53.9092
-18.7214 127.918 -168.253 265 -55.4865
-17.7643 128.33 -169.538 265 -57.9484
-17.8097 128.389 -169.604 265 -56.2711
-17.6726 128.53 -169.65 265 -55.7159
-17.4737 128.677 -169.736 265 -55.7017
-17.4259 128.754 -169.748 265 -54.9003
-17.4169 128.792 -169.732 265 -54.1209
-17.4071 128.819 -169.706 265 -53.5551
-17.3643 128.853 -169.737 265 -53.0077
-17.425 128.815 -169.71 265 -52.1932
-17.4757 128.813 -169.667 265 -51.1608
-17.5248 128.822 -169.659 265 -50.3616
-17.4747 128.861 -169.639 265 -50.0969
-17.4973 128.922 -169.728 265 -49.4765
-17.4815 128.954 -169.759 265 -49.2999
-17.3396 129.027 -169.777 265 -49.5144
-17.3015 129.063 -169.752 265 -49.8445
-17.3337 129.073 -169.705 265 -49.2418
-17.2901 129.219 -169.971 265 -49.0667
-17.185 129.355 -170.209 265 -48.8321
-17.0288 129.427 -170.186 265 -49.2208
-17.0476 129.416 -170.154 265 -48.7677
-17.0866 129.377 -170.099 265 -48.1643
-17.0773 129.391 -170.081 265 -47.9509
-17.0204 129.441 -170.077 265 -47.8751
-17.1077 129.368 -169.707 265 -47.6666
-16.8195 129.503 -169.557 265 -48.5318
-16.8462 129.571 -169.777 265 -47.7765
-16.7817 129.699 -170.131 265 -47.5993
-16.6633 129.765 -170.03 265 -48.0962
-16.7148 129.668 -169.85 265 -47.3812
-16.735 129.626 -169.674 265 -47.208
-16.6352 129.703 -169.692 265 -47.5072
-16.7081 129.624 -169.454 265 -47.7835
-16.6918 129.726 -169.909 265 -46.2974
-16.6813 129.742 -169.92 265 -46.2624
-16.6001 129.759 -169.789 265 -46.0586
-16.5467 129.767 -169.728 265 -45.9026
-16.5108 129.793 -169.716 265 -45.7209
-16.4461 129.801 -169.685 265 -45.7953
-16.1939 129.774 -169.425 265 -46.3197
-16.1695 129.663 -169.123 265 -46.6581
-15.7307 129.334 -167.932 265 -48.3782
-15.3355 129.133 -167.307 265 -48.1426
-15.0111 129.254 -167.519 265 -48.9766
-14.9546 129.288 -168.018 265 -48.0337
-15.0034 128.902 -167.544 265 -44.2599
-14.8764 128.674 -166.633 265 -43.9899
-13.7488 127.575 -163.576 265 -43.5914
-13.5492 127.238 -163.17 265 -41.7894
-13.0106 126.779 -161.87 265 -19.6035
-12.7901 125.654 -162.006 265 25.3965
-14.0594 125.505 -164.754 265 27.7356
-12.3025 125.107 -162.152 265 47.3299
-12.222 124.085 -158.661 265 61.6489
-11.9384 124.508 -158.905 265 64.7103
-9.84496 126.995 -168.222 265 79.1254
-10.1695 126.467 -167.294 265 75.8535
-12.3926 124.544 -167.872 265 75.4203
-29.7972 109.605 -126.676 254.042 78.0134
-23.6793 117.863 -98.4116 209.042 73.2919
-15.9478 132.023 -92.1669 164.042 65.3158
-14.4935 135.372 -93.3523 152.473 63.1547
-14.3336 135.774 -93.318 150.494 62.7887
-13.8759 136.38 -93.141 148.598 62.0523
-13.7711 136.615 -92.8766 147.311 61.6865
-14.0006 136.528 -92.8497 147.349 61.8552
-14.0623 136.582 -92.5906 146.681 61.8345
-14.388 136.421 -92.5493 146.798 62.1245
-14.6958 136.249 -92.3577 146.809 62.2709
-15.1299 135.949 -92.1588 147.08 62.7036
-15.3473 135.778 -92.2142 147.374 63.0244
-14.7773 136.029 -92.4943 147.096 62.6972
-14.739 135.883 -92.3935 146.698 62.903
-14.7112 135.894 -92.4946 146.839 63.0295
-15.2203 135.491 -92.4641 147.091 63.7684
-15.052 135.403 -92.3514 147.853 64.0651
-13.7417 134.605 -92.0654 143.897 71.7518
-14.1205 134.598 -91.8199 143.776 71.198
-13.9829 134.665 -92.5089 144.809 71.6476
-13.7159 134.63 -92.9168 145.366 71.7143
-14.3207 134.378 -92.7901 144.263 73.2519
-14.1364 134.562 -92.7303 143.85 72.7366
-14.2605 134.704 -93.3743 144.344 73.8525
-14.4435 134.473 -93.2823 144.995 73.9632
-14.0052 134.828 -93.5084 144.881 73.6065
-14.154 134.725 -94.0605 145.365 74.461
-13.9546 134.981 -93.8284 144.834 74.0434
-13.6999 135.31 -93.698 144.158 73.6465
-13.9072 134.939 -93.7695 144.636 74.5274
-12.9483 135.344 -94.3871 144.549 74.6091
-12.6588 135.592 -94.4723 144.286 74.174
-12.5327 135.74 -94.4464 144.048 74.0264
-17.3695 127.98 -95.0473 162.697 75.7723
-26.6954 115.682 -120.351 207.697 76.2686
-25.7038 117.986 -148.165 252.697 65.9565
-19.3379 119.77 -161.084 265 57.977
-17.4432 118.857 -160.36 265 58.1179
-15.7951 118.641 -159.108 265 58.6948
-14.6813 118.734 -158.232 265 61.5665
-14.2748 118.657 -158.324 265 62.4197
-14.0685 118.605 -158.343 265 62.7751
-13.8753 118.706 -158.639 265 62.4987
-17.1284 117.483 -158.483 265 58.7353
-17.8348 116.329 -158.6 265 56.7302
-22.2463 117.665 -169.05 265 42.0381
-20.4713 120.566 -175 265 33.6341
-19.6234 120.365 -173.675 265 32.5685
-13.8834 118.492 -161.52 265 65.2269
-16.4526 114.155 -145.5 265 82.6163
-17.5429 113.403 -144.063 265 80.7805
-17.6642 114.804 -144.046 265 82.8785
-17.5968 114.987 -144.908 265 82.7547
-18.2735 113.719 -142.963 265 82.8599
-18.283 113.452 -142.825 265 80.4683
-25.183 102.048 -130.1 265 74.9138
-24.7977 102.819 -132.021 265 75.6143
-23.5005 104.852 -133.883 265 78.2261
-23.504 104.739 -133.816 265 78.151
-23.3988 104.953 -134.003 265 78.6277
-23.2169 105.143 -134.402 265 78.8679
-21.8923 106.842 -137.161 265 80.7871
-21.1918 107.892 -138.897 265 82.6068
-21.3325 108.059 -138.603 265 83.1813
-21.6726 107.794 -137.71 265 83.527
-21.4767 108.162 -137.954 265 83.4544
-21.642 107.955 -137.545 265 83.6557
-21.9055 107.582 -137.067 265 83.78
-22.0171 107.387 -136.737 265 83.8233
-22.1272 107.178 -136.595 265 84.0687
-21.9912 107.232 -136.733 265 84.1391
-21.5381 107.91 -137.654 265 85.0386
-21.3614 108.082 -137.995 265 85.1792
-21.0748 108.496 -138.561 265 85.2566
-20.9863 108.577 -138.645 265 85.4104
-21.0072 108.513 -138.547 265 85.5291
-21.0126 108.485 -138.49 265 85.6442
-20.998 108.49 -138.466 265 85.7796
-20.9624 108.507 -138.452 265 85.8844
-20.9614 108.49 -138.442 265 85.9976
-20.9594 108.472 -138.374 265 86.1019
-20.918 108.496 -138.421 265 86.2132
-20.9051 108.494 -138.407 265 86.4013
-20.8913 108.506 -138.395 265 86.5414
-20.8668 108.51 -138.414 265 86.7076
-20.9589 108.421 -138.272 265 87.186
-20.9762 108.387 -138.118 265 87.4436
-21.0019 108.287 -137.947 265 87.6083
-21.0961 108.16 -137.775 265 88.0463
-21.0769 108.128 -137.676 265 88.084
-20.9039 108.352 -137.985 265 88.2092
-20.7691 108.491 -138.256 265 88.2727
-20.709 108.553 -138.341 265 88.425
-20.7131 108.512 -138.218 265 88.5992
-20.7035 108.513 -138.153 265 88.7703
-20.6953 108.478 -138.106 265 88.8891
-20.6858 108.459 -138.062 265 89.0333
-20.6519 108.468 -138.069 265 89.1825
-20.7599 108.279 -138.057 265 89.5402
-20.5728 108.633 -138.484 265 89.7838
-20.5285 108.65 -138.625 265 89.7332
-20.486 108.677 -138.559 265 89.8832
-20.4732 108.667 -138.522 265 89.9757
-20.4399 108.681 -138.484 265 90.1119
-20.4388 108.667 -138.463 265 90.2012
-20.3389 108.787 -138.732 265 90.2869
-20.4094 108.689 -138.613 265 90.8492
-20.4156 108.711 -138.537 265 91.2672
-20.4091 108.69 -138.533 265 91.3966
-20.2468 108.871 -138.723 265 91.2076
-20.1991 109.018 -138.99 265 91.4383
-20.1436 109.011 -138.907 265 91.4163
-20.1363 109.004 -138.82 265 91.516
-20.1417 108.968 -138.73 265 91.6814
-20.1299 108.967 -138.657 265 91.819
-20.1203 108.946 -138.599 265 91.9096
-20.1061 108.946 -138.556 265 92.0285
-20.1096 108.925 -138.486 265 92.1746
-20.0499 108.978 -138.74 265 92.1492
-19.892 109.182 -139.167 265 92.2513
-19.8407 109.255 -139.19 265 92.41
-19.8357 109.253 -139.174 265 92.574
-19.8147 109.265 -139.181 265 92.6523
-19.8001 109.247 -139.161 265 92.7283
-19.7665 109.285 -139.227 265 92.9289
-19.7742 109.224 -139.141 265 92.9312
-19.756 109.252 -139.127 265 93.0727
-19.7389 109.235 -139.119 265 93.1529
-19.7211 109.26 -139.146 265 93.2831
-19.6823 109.276 -139.164 265 93.397
-19.6934 109.252 -139.127 265 93.4837
-19.7312 109.188 -139.065 265 93.6067
-19.6754 109.252 -139.171 265 93.763
-19.7009 109.22 -139.125 265 93.9379
-19.8205 109.031 -138.808 265 94.2176
-19.7908 109.069 -138.876 265 94.4333
-19.7558 109.09 -138.94 265 94.4836
-19.6163 109.27 -139.198 265 94.4324
-19.5202 109.376 -139.393 265 94.441
-19.5345 109.361 -139.239 265 94.7605
-19.6343 109.207 -139.021 265 95.03
-19.6479 109.163 -139.052 265 95.2861
-19.6369 109.169 -139.066 265 95.4378
-19.597 109.188 -139.083 265 95.3051
-19.5481 109.24 -139.2 265 95.4494
-19.5712 109.153 -138.996 265 95.5304
-19.5419 109.207 -139.074 265 95.8759
-19.5201 109.215 -139.181 265 95.8601
-19.3343 109.471 -139.616 265 95.8055
-19.2888 109.51 -139.611 265 95.8676
-19.2805 109.542 -139.587 265 96.1324
-19.3067 109.496 -139.434 265 96.3597
-19.3265 109.49 -139.276 265 96.7782
-19.3874 109.348 -139.156 265 96.8506
-19.4282 109.305 -139.024 265 97.1611
-19.2918 109.396 -139.372 265 96.9563
-19.2385 109.35 -139.685 265 97.053
-19.1822 109.392 -139.643 265 97.5246
-19.1276 109.435 -139.577 265 97.5627
-19.2143 109.283 -139.329 265 97.8048
-19.1317 109.379 -139.34 265 97.9721
-18.9904 109.501 -139.544 265 97.7393
-18.9903 109.48 -139.372 265 97.7477
-18.1935 110.576 -140.78 265 98.3873
-15.5476 113.547 -143.449 265 99.7447
-12.7329 117.508 -147.945 265 100.169
-12.6912 117.807 -147.641 265 100.081
-13.0025 117.367 -146.833 265 99.8601
-13.042 117.305 -146.646 265 99.9728
-13.1091 117.162 -146.175 265 100.237
-13.3841 116.769 -145.406 265 100.995
-14.0057 115.787 -143.918 265 100.888
-15.2638 114.62 -141.663 265 101.319
-15.4532 114.4 -141.217 265 101.574
-15.3766 114.54 -141.092 265 101.648
-15.3473 114.57 -140.883 265 101.704
-15.3052 114.613 -140.897 265 101.831
-15.2338 114.672 -140.859 265 101.945
-15.1999 114.681 -140.806 265 102.01
-15.1684 114.704 -141.013 265 101.946
-15.022 114.87 -141.272 265 101.877
-14.9313 114.947 -141.288 265 101.966
-14.9772 114.855 -141.012 265 102.041
-15.0028 114.78 -140.84 265 102.139
-14.9814 114.783 -140.82 265 102.219
-14.9868 114.792 -140.756 265 102.446
-15.0454 114.67 -140.619 265 102.526
-14.9758 114.722 -140.682 265 102.513
-14.9928 114.659 -140.632 265 102.482
-14.764 114.971 -141.395 265 102.294
-15.01 114.584 -141.42 265 102.021
-15.0036 114.577 -141.62 265 102.015
-15.0533 114.545 -141.668 265 102.162
-15.1746 114.445 -141.512 265 102.424
-15.0972 114.537 -141.643 265 102.416
-14.9912 114.689 -141.906 265 102.552
-14.946 114.699 -141.827 265 102.591
-14.9588 114.634 -141.534 265 102.846
-15.0121 114.513 -141.466 265 102.825
-14.951 114.59 -141.653 265 102.806
-14.9003 114.65 -141.846 265 102.703
-14.7007 114.957 -142.909 265 102.057
-14.8041 114.53 -143.213 265 101.577
-14.9015 114.369 -142.987 265 101.761
-14.9905 114.235 -142.569 265 102.128
-15.1509 114.042 -142.362 265 102.332
-15.2984 113.846 -142.212 265 102.32
-15.4462 113.595 -142.068 265 102.058
-15.3937 113.642 -141.993 265 102.272
-15.4238 113.71 -142.008 265 103.212
-13.9802 117.967 -159.643 265 121.49
-16.9037 117.333 -160.462 265 121.658
-12.7356 121.264 -151.05 265 114.582
-12.8966 119.926 -148.364 265 111.195
-15.0283 117.693 -145.685 265 112.324
-14.9829 117.428 -144.366 265 111.878
-14.1926 117.277 -145.065 265 109.632
-13.9555 116.633 -144.536 265 107.801
-13.9273 116.533 -144.217 265 107.796
-13.928 116.436 -143.9 264.964 107.902
-13.8935 116.431 -143.852 264.964 108.006
-13.9085 116.374 -143.765 264.925 108.073
-13.9258 116.323 -143.702 264.903 108.142
-13.8988 116.33 -143.716 264.92 108.274
-13.8873 116.32 -143.702 264.917 108.349
-13.8758 116.312 -143.632 264.932 108.44
-13.8703 116.276 -143.588 264.914 108.492
-13.8644 116.265 -143.546 264.906 108.597
-13.847 116.257 -143.555 264.909 108.662
-13.8492 116.27 -143.601 264.901 108.919
-12.9404 117.767 -151.084 265 105.261
-13.3344 117.356 -143.315 264.075 110.535
-13.222 117.52 -143.682 264.595 110.131
-13.165 117.49 -143.813 264.575 109.839
-13.1329 117.505 -143.589 264.484 109.947
-13.1964 117.378 -143.318 264.324 109.952
-13.2964 117.198 -142.982 264.304 110.366
-13.2837 117.084 -142.935 264.334 110.168
-13.3764 116.843 -142.857 264.502 110.049
-13.1664 117.127 -143.596 264.64 109.697
-13.0841 117.238 -143.741 264.65 109.665
-13.0145 117.29 -143.769 264.623 109.687
-13.0052 117.271 -143.737 264.624 109.715
-12.9769 117.301 -143.754 264.588 109.822
-12.9826 117.278 -143.731 264.589 109.881
-12.9755 117.271 -143.702 264.605 109.944
-12.9545 117.276 -143.714 264.595 110.012
-12.9339 117.261 -143.714 264.608 110.041
-12.8684 117.27 -144.454 264.843 109.406
-13.1339 116.512 -145.781 264.968 107.52
-13.3836 116.115 -146.197 265 106.107
-13.8701 115.507 -145.56 265 106.441
-14.688 114.16 -143.268 265 107.617
-15.6786 110.581 -140.284 263.903 106.129
-16.0305 108.184 -138.629 262.088 104.935
-16.04 108.388 -138.264 262.232 104.858
-15.8568 108.983 -138.872 262.071 104.324
-11.8925 114.958 -145.437 263.429 104.8
-11.5344 118.75 -151.406 265 103.247
-12.5544 115.893 -145.898 264.138 105.249
-14.0639 111.461 -135.903 261.408 106.429
-13.7153 111.735 -136.414 261.382 106.545
-12.2921 114.559 -146.062 260.311 103.795
-12.6927 114.395 -146.494 261.388 102.189
-10.8024 118.582 -157.352 262 98.7414
-11.0291 117.864 -155.045 262.317 98.6966
-13.6317 112.507 -140.635 259.554 102.448
-14.3205 111.075 -135.768 259.621 104.122
-12.6406 114.625 -142.547 263.638 104.237
-10.9443 118.636 -147.497 265 104.542
-11.3071 118.23 -147.197 265 104.749
-11.2804 118.184 -147.359 265 104.838
-11.4966 117.75 -146.956 264.933 104.875
-11.6181 117.176 -146.52 264.454 104.84
-11.5818 116.965 -146.033 264.491 104.725
-11.994 115.408 -139.181 261.173 105.79
-12.5501 113.957 -137.775 259.876 104.995
-13.7282 112.296 -135.68 261.721 104.87
-13.9224 111.91 -134.984 261.238 104.418
-15.6412 110.422 -135.577 262.072 106.772
-16.0464 108.732 -134.257 261.992 105.12
-14.8378 109.414 -133.982 260.87 103.863
-15.5961 109.298 -134.618 261.161 104.983
-15.1988 109.792 -134.784 261.068 105.039
-15.2469 109.558 -134.719 261.843 105.036
-14.5966 109.783 -133.99 260.55 104.988
-15.2453 108.471 -132.137 261.797 103.618
-14.7329 109.652 -132.352 260.863 104.428
-15.0963 108.821 -131.32 259.831 104.725
-14.8795 108.931 -130.915 259.02 104.617
-14.6938 109.22 -131.391 259.368 104.412
-14.5447 109.391 -131.863 259.434 104.29
-14.4412 109.476 -132.407 259.641 104.015
-14.3741 109.562 -132.357 259.648 104.238
-14.4193 109.369 -131.757 259.49 104.24
-14.4002 109.282 -131.489 259.416 104.12
-14.5653 109.04 -130.999 259.368 104.395
-14.6901 108.824 -130.64 259.344 104.171
-15.0794 108.612 -130.642 258.59 104.679
-15.2839 108.134 -129.807 258.49 104.61
-14.7727 108.593 -130.056 258.018 104.299
-14.76 108.641 -130.475 258.153 104.25
-14.551 108.918 -131.091 258.207 104.146
-14.4485 109.071 -131.652 258.39 104.107
-14.3426 109.139 -131.589 258.371 104.073
-14.3231 109.132 -131.499 258.261 104.11
-14.3019 109.137 -131.487 258.27 104.182
-14.2596 109.165 -131.51 258.289 104.294
-14.2226 109.182 -131.501 258.255 104.363
-14.1981 109.192 -131.517 258.285 104.408
-14.1839 109.18 -131.499 258.262 104.46
-14.1341 109.24 -131.463 258.181 104.611
-14.0284 109.321 -131.526 258.105 104.673
-14.0625 109.253 -131.428 258.247 104.644
-14.0883 109.2 -131.396 258.267 104.723
-14.045 109.246 -131.408 258.222 104.833
-14.0521 109.241 -131.401 258.172 104.945
-14.0308 109.236 -131.392 258.21 104.957
-13.9985 109.253 -131.383 258.17 105.07
-13.9815 109.256 -131.392 258.199 105.131
-13.958 109.269 -131.384 258.175 105.213
-13.9152 109.303 -131.423 258.185 105.273
-13.9017 109.288 -131.408 258.167 105.346
-13.8852 109.29 -131.405 258.192 105.424
-13.9443 109.254 -131.595 258.336 105.631
-13.8806 109.269 -131.376 258.216 105.76
-13.9276 109.19 -131.169 258.111 105.864
-13.884 109.188 -131.078 258.057 105.914
-13.8644 109.192 -131.08 258.076 105.968
-13.8325 109.205 -131.121 258.11 106.012
-13.7456 109.36 -131.737 258.32 105.938
-13.6406 109.426 -131.586 258.201 106.045
-13.6571 109.4 -131.544 258.159 106.252
-13.7328 109.268 -131.128 258.068 106.428
-13.7408 109.248 -130.93 257.895 106.624
-13.8431 109.117 -130.56 257.766 106.878
-13.8517 109.05 -130.36 257.848 106.902
-13.9711 108.925 -130.161 257.888 107.184
-13.9084 108.979 -130.158 257.734 107.47
-13.8535 109.006 -130.154 257.662 107.4
-13.7032 109.199 -130.484 257.79 107.244
-13.7876 109.074 -130.342 257.719 107.394
-13.7963 109.102 -130.235 257.672 107.657
-13.8623 109.054 -129.961 257.481 107.868
-13.8558 109.088 -129.845 257.375 108.172
-13.7962 109.118 -129.829 257.398 108.14
-13.7315 109.194 -129.945 257.387 108.098
-13.625 109.28 -130.147 257.406 107.989
-13.6101 109.274 -130.078 257.415 108.033
-13.5877 109.283 -130.066 257.367 108.089
-13.5914 109.261 -130.04 257.393 108.115
-13.5558 109.288 -130.038 257.362 108.141
-13.5636 109.265 -130.022 257.363 108.163
-13.5612 109.265 -129.983 257.297 108.401
-13.521 109.291 -129.938 257.239 108.425
-13.4455 109.39 -130.112 257.249 108.39
-13.3655 109.45 -130.358 257.369 108.234
-13.3477 109.465 -130.321 257.327 108.304
-13.2553 109.566 -130.535 257.314 108.219
-13.2523 109.531 -130.523 257.353 108.205
-13.2646 109.492 -130.414 257.317 108.306
-13.3605 109.405 -130.145 257.278 108.675
-13.4878 109.222 -129.753 257.182 108.997
-13.5204 109.126 -129.644 257.181 109.019
-13.491 109.125 -129.523 257.166 109.012
-13.3509 109.298 -129.837 257.136 108.899
-13.1604 109.528 -130.355 257.14 108.8
-13.0298 109.653 -131.209 257.475 108.277
-13.039 109.661 -132.035 257.891 107.946
-12.9845 109.741 -132.336 257.924 108.152
-12.949 109.763 -132.315 257.974 108.215
-12.9344 109.759 -132.306 258.013 108.244
-12.9093 109.765 -132.29 257.979 108.32
-12.8981 109.767 -132.235 257.854 108.381
-12.8676 109.787 -132.276 257.946 108.454
-12.8464 109.777 -132.217 257.92 108.49
-12.8112 109.813 -132.27 257.992 108.592
-12.8191 109.776 -132.25 258.031 108.649
-12.7853 109.78 -132.258 258.044 108.676
-12.7464 109.786 -132.293 258.07 108.691
-12.6873 109.828 -132.323 257.999 108.746
-12.8169 109.609 -131.768 257.881 109.34
-12.8035 109.612 -131.419 256.861 110.075
-12.9209 109.55 -131.151 256.837 110.311
-12.985 109.388 -130.787 256.889 110.284
-13.0771 109.219 -130.255 256.685 110.359
-13.0745 109.146 -130.031 256.511 110.429
-13.4014 108.759 -129.398 256.538 110.675
-13.5949 108.542 -129.108 256.72 110.868
-13.5032 108.67 -129.179 256.452 111.093
-13.0757 109.21 -130.094 256.314 110.919
-12.8931 109.441 -131.147 256.704 110.548
-12.7156 109.575 -131.269 256.787 110.4
-12.7267 109.429 -131.186 256.618 110.165
-12.6019 109.4 -131.481 257.031 109.537
-11.3838 109.359 -133.073 257.08 107.207
-9.93449 110.979 -134.531 257.185 106.358
-10.5434 113.585 -134.502 255.551 110.475
-11.2759 113.823 -135.136 259.001 111.065
-11.1827 113.039 -134.486 258.249 109.622
-11.3221 112.734 -133.8 258.305 109.047
-11.4234 112.338 -132.924 257.249 109.728
-11.41 112.309 -132.526 256.995 109.949
-11.4533 112.219 -132.441 256.986 110.015
-11.3403 112.377 -132.896 257.126 110.078
-11.2713 112.511 -133.18 257.27 110.246
-11.245 112.475 -133.03 257.275 110.251
-11.3328 112.289 -132.55 257.227 110.424
-11.4904 112.048 -131.747 256.982 110.964
-11.7165 111.777 -130.936 256.971 111.579
-11.6791 111.767 -130.686 256.851 111.55
-11.7877 111.7 -130.456 256.959 112.145
-11.8509 111.67 -130.324 256.851 112.512
-11.6963 111.821 -130.975 257.028 111.826
-11.5147 112.058 -131.776 257.249 111.6
-11.4443 112.126 -131.811 257.288 111.602
-11.4146 112.119 -131.768 257.312 111.622
-11.4076 112.113 -131.735 257.318 111.679
-11.3771 112.102 -131.723 257.317 111.676
-11.3641 112.077 -131.716 257.306 111.728
-11.4046 112.027 -131.476 257.296 112.016
-11.4074 111.961 -131.318 257.222 112.071
-11.3504 112.02 -131.485 257.306 112.099
-11.1376 112.316 -132.3 257.657 111.938
-10.9746 112.564 -132.884 258.038 111.932
-10.7196 112.623 -133.265 258.414 111.516
