4
-0.417676 89.5914 -90.0054 180.299 89.8201
-0.460063 89.5471 -89.9917 180.307 89.7938
-0.510311 89.4994 -89.9768 180.325 89.7729
-0.761966 89.1374 -90.0102 180.519 89.971
-6.3038 89.3132 -56.7565 147.295 95.4203
-19.0007 89.2514 -77.4522 167.965 108.053
-14.0736 89.2042 -52.3739 142.915 103.057
-14.0134 89.1579 -65.6913 156.266 102.926
-16.9758 89.1143 -59.9957 150.6 105.82
-14.0036 89.0679 -68.3896 159.025 102.775
-20.7421 89.0233 -51.1408 141.808 109.442
-1.59677 88.9736 -72.1467 162.854 90.2246
-18.7818 88.9254 -57.8216 148.57 107.337
-1.18503 88.8795 -64.3835 155.169 89.6668
-6.17792 88.8306 -72.3271 163.153 94.5894
-16.7089 88.7864 -74.4815 165.345 105.05
-17.8791 88.7504 -79.1342 170.026 106.149
0.972242 88.7003 -68.6015 159.538 87.2194
-17.0861 88.6504 -75.5848 166.561 105.205
27.9139 88.6034 -46.6259 137.642 60.2046
-11.6184 88.5535 -91.6259 182.642 99.5898
28.9255 88.5083 -46.6259 137.642 58.9726
-2.12503 88.4634 -79.365 170.504 89.9508
-2.04228 88.4214 -84.6789 175.851 89.7952
-2.68878 88.3893 -104.611 195.802 90.3664
2.51374 88.3491 -108.591 199.81 85.0875
6.65574 88.3065 -76.1785 167.442 80.8758
-22.8405 88.2687 -74.0346 165.332 110.298
-22.4367 88.2252 -119.035 210.332 109.815
-22.5754 88.1814 -128.299 219.671 109.885
-22.6319 88.1338 -128.266 219.68 109.872
-22.6813 88.085 -128.227 219.678 109.85
-22.7259 88.0422 -128.196 219.684 109.822
-22.7684 87.991 -128.165 219.702 109.787
-22.819 77.0408 -117.227 219.702 109.767
-22.8608 91.5812 -131.784 219.712 109.737
-22.9046 67.7534 -107.97 219.719 109.709
-22.9464 46.4448 -86.6775 219.723 109.674
-22.9825 45.3338 -85.5745 219.725 109.639
-23.0259 37.929 -78.1827 219.73 109.61
-23.0684 -3.27846 -36.988 219.737 109.581
-23.1161 41.7215 -81.988 219.747 109.551
-23.157 38.1628 -78.4603 219.756 109.52
-23.2006 40.8234 -81.127 219.756 109.487
-23.2365 24.5206 -64.8398 219.761 109.454
-23.2755 27.8398 -68.171 219.769 109.423
-23.3196 -17.1602 -23.171 219.775 109.393
-23.3581 -22.9051 -17.4517 219.777 109.361
-23.3947 -67.9051 27.5483 219.787 109.326
-23.4363 -85 72.5483 219.781 109.297
-23.4799 -85 95.8457 219.784 109.265
-23.527 -85 80.6668 219.791 109.236
-23.567 -85 81.6593 219.795 109.21
-23.6731 -85 55.0166 219.792 109.248
-23.9236 -85 79.3961 219.77 109.425
-23.9723 -85 86.711 219.775 109.397
-24.0216 -85 88.5041 219.776 109.37
-24.0646 -85 116.564 219.78 109.344
-24.1058 -40 71.5643 219.774 109.318
-24.1498 5 26.5643 219.771 109.286
-24.1912 -40 71.5643 219.779 109.255
-24.233 -85 46.8626 219.78 109.228
-24.2741 -78.9922 38.4637 219.777 109.2
-24.3135 -77.3577 36.8222 219.774 109.167
-24.3512 -73.5611 33.0179 219.776 109.14
-24.394 -77.5871 37.0375 219.774 109.114
-24.4325 -77.2157 36.6572 219.781 109.081
-24.4634 -69.7305 29.1633 219.784 109.04
-24.4948 -60.0102 19.4401 219.781 108.998
-24.5266 -55.8349 15.2595 219.779 108.959
-24.6213 -43.6942 3.10716 219.79 108.985
-24.6648 -49.1924 8.58775 219.795 108.953
-24.6979 -51.8106 11.198 219.795 108.919
-24.7413 -51.901 11.2801 219.799 108.898
-24.7855 -52.8686 12.2323 219.805 108.865
-24.8808 -54.6523 13.9896 219.821 108.884
-24.9339 -51.9954 11.3269 219.821 108.862
-24.9708 -59.1047 18.4313 219.825 108.827
-25.0131 -45.5742 4.90058 219.817 108.802
-25.064 -25.2774 -15.4134 219.829 108.778
-25.1036 -25.0938 -15.5957 219.819 108.745
-25.1422 -25.1035 -15.5999 219.825 108.718
-25.1836 -25.1175 -15.589 219.823 108.69
-25.237 -25.1305 -15.5927 219.831 108.673
-25.5244 -25.2786 -15.4366 219.789 108.893
-25.6467 -25.3232 -15.3508 219.741 108.942
-26.273 -25.9119 -14.8391 219.838 109.501
-26.3164 -25.9586 -14.7983 219.848 109.459
-26.362 -25.9732 -14.778 219.832 109.433
-26.4085 -25.9881 -14.7609 219.822 109.404
-26.4507 -25.9992 -14.745 219.809 109.374
-26.5003 -26.0095 -14.7293 219.791 109.351
-26.5479 -26.0216 -14.7177 219.781 109.326
-26.5934 -26.0322 -14.7059 219.772 109.305
-26.6359 -26.0471 -14.693 219.768 109.272
-26.686 -26.0621 -14.6763 219.757 109.242
-26.6933 -26.0741 -14.6796 219.784 109.169
-26.8104 -26.1431 -14.6209 219.788 109.216
-26.8517 -26.1608 -14.6105 219.783 109.182
-26.8935 -26.1732 -14.592 219.769 109.15
-26.9324 -26.1807 -14.5898 219.766 109.119
-26.9796 -26.1977 -14.5774 219.76 109.094
-27.0253 -26.2088 -14.5702 219.755 109.069
-27.0686 -26.2237 -14.5525 219.743 109.04
-27.1164 -26.238 -14.5379 219.731 109.013
-27.1581 -26.25 -14.5299 219.732 108.985
-27.2075 -26.2636 -14.5376 219.745 108.962
-27.2558 -26.279 -14.5337 219.745 108.935
-27.3066 -26.2963 -14.5225 219.75 108.912
-27.3539 -26.3072 -14.5192 219.742 108.887
-27.4032 -26.3199 -14.513 219.741 108.862
-27.4505 -26.3363 -14.505 219.74 108.837
-27.4934 -26.3532 -14.4909 219.732 108.81
-27.5413 -26.3643 -14.4726 219.716 108.786
-27.5823 -26.3781 -14.4579 219.709 108.76
-27.6304 -26.3955 -14.4387 219.702 108.739
-27.6709 -26.41 -14.4281 219.696 108.707
-27.7178 -26.4209 -14.4158 219.686 108.685
-27.756 -26.4353 -14.4021 219.675 108.655
-27.8012 -26.4479 -14.3887 219.664 108.63
-27.8398 -26.45 -14.3857 219.651 108.599
-30.1742 -26.2966 -10.9931 215.165 110.903
-30.33 -26.318 -10.7115 214.849 110.98
-28.1737 -26.6968 -14.2139 219.774 108.702
-28.2505 -26.7294 -14.1878 219.776 108.704
-28.303 -26.7399 -14.1834 219.755 108.681
-28.3557 -26.7553 -14.1664 219.736 108.659
-28.4042 -26.7677 -14.1526 219.719 108.638
-28.4629 -26.7828 -14.1428 219.705 108.623
-28.5138 -26.7945 -14.1281 219.691 108.6
-28.5604 -26.809 -14.1144 219.678 108.577
-28.6125 -26.8255 -14.0954 219.662 108.557
-28.6583 -26.8366 -14.0919 219.653 108.533
-28.7058 -26.8477 -14.0761 219.643 108.511
-28.7448 -26.8538 -14.0727 219.636 108.483
-28.792 -26.8653 -14.0721 219.634 108.462
-28.8326 -26.8775 -14.0701 219.635 108.43
-28.8762 -26.889 -14.0559 219.627 108.4
-28.9224 -26.9025 -14.054 219.627 108.376
-28.9644 -26.916 -14.0495 219.624 108.345
-29.0073 -26.9325 -14.0277 219.609 108.317
-29.0564 -26.9459 -14.0128 219.601 108.296
-29.1021 -26.9535 -14.0047 219.593 108.268
-29.146 -26.9673 -14.001 219.598 108.239
-29.1864 -26.9797 -13.9905 219.594 108.207
-29.2239 -26.9896 -13.9788 219.588 108.176
-29.2691 -27.0033 -13.9573 219.575 108.148
-29.3111 -27.0092 -13.9433 219.565 108.124
-29.3525 -27.0152 -13.9412 219.563 108.101
-29.3983 -27.0229 -13.9333 219.559 108.075
-29.4425 -27.0309 -13.9283 219.554 108.054
-29.481 -27.0363 -13.9259 219.555 108.022
-29.5277 -27.0486 -13.9115 219.551 107.997
-29.5784 -27.0595 -13.9026 219.549 107.976
-29.6245 -27.0709 -13.8968 219.544 107.952
-29.671 -27.0836 -13.8867 219.539 107.927
-29.7153 -27.0874 -13.8785 219.53 107.909
-29.7654 -27.0957 -13.8709 219.521 107.888
-29.8102 -27.1041 -13.8592 219.509 107.862
-29.8536 -27.1125 -13.8533 219.502 107.829
-29.9006 -27.1225 -13.8513 219.503 107.807
-29.9431 -27.13 -13.8431 219.496 107.782
-29.9868 -27.1422 -13.8346 219.497 107.753
-30.0379 -27.1505 -13.8272 219.493 107.735
-30.0803 -27.1617 -13.8172 219.489 107.705
-30.1234 -27.1691 -13.8088 219.48 107.683
-30.1691 -27.1753 -13.8 219.472 107.66
-30.2124 -27.1831 -13.7978 219.468 107.631
-30.2557 -27.1953 -13.7866 219.462 107.602
-30.3057 -27.2076 -13.7804 219.465 107.576
-30.3494 -27.2191 -13.7696 219.464 107.545
-30.3982 -27.2276 -13.7735 219.474 107.52
-30.4381 -27.2298 -13.7794 219.476 107.496
-30.4847 -27.2409 -13.7715 219.47 107.466
-30.5302 -27.25 -13.7614 219.466 107.44
-30.5764 -27.2622 -13.7495 219.463 107.417
-30.6317 -27.276 -13.7336 219.456 107.396
-30.6801 -27.2857 -13.7273 219.455 107.373
-30.725 -27.2937 -13.7195 219.448 107.346
-30.7707 -27.2982 -13.7153 219.439 107.316
-30.8184 -27.3064 -13.7114 219.437 107.292
-30.8665 -27.3185 -13.7145 219.442 107.268
-30.9111 -27.3288 -13.714 219.441 107.242
-30.9041 -27.3105 -13.7262 219.433 107.158
-31.022 -27.3701 -13.6735 219.434 107.202
-29.1808 -26.4851 -14.6026 219.69 105.271
-24.0256 -25.872 -17.0241 222.467 99.8873
-17.5959 -28.1549 -18.1199 227.294 92.9325
-18.1494 -27.6841 -18.2301 226.773 93.4707
-20.8666 -27.4287 -17.6181 225.452 96.2769
-21.5416 -27.4396 -17.4046 225.147 96.9204
-17.457 -28.2082 -18.1617 227.392 92.4945
-15.9633 -28.4938 -18.3374 228.085 90.8268
-16.7841 -28.4917 -18.1832 227.803 91.6311
-16.0235 -28.7324 -18.2195 228.194 90.7483
-16.4581 -28.8328 -18.0993 228.114 91.1396
-20.0396 -28.3924 -17.4884 226.509 94.8799
-20.5316 -28.4911 -17.3213 226.373 95.3265
-25.9343 -27.9956 -15.6091 223.258 100.941
-29.3301 -28.4306 -13.8471 221.4 104.38
-31.8761 -29.0182 -12.3119 220.018 106.917
-32.054 -29.0724 -12.2189 219.933 107.032
-32.1789 -29.117 -12.1581 219.881 107.091
-32.2596 -29.1452 -12.1288 219.848 107.104
-32.3133 -29.1606 -12.1165 219.826 107.087
-32.3669 -29.1753 -12.1029 219.809 107.065
-32.4239 -29.1874 -12.0921 219.79 107.054
-32.4791 -29.2018 -12.0806 219.772 107.041
-32.5296 -29.2165 -12.0702 219.76 107.016
-34.265 -29.2647 -11.7333 219.229 108.711
-34.8204 -29.3485 -11.5452 219.033 109.204
-34.7188 -28.4974 -11.9662 218.151 109.086
-34.9343 -27.8321 -11.3563 217.205 109.119
-32.3027 -27.9245 -13.2226 218.559 106.469
-35.1273 -28.6163 -11.7793 220.429 109.437
-37.3664 -30.5144 -9.49354 236.818 119.317
-37.424 -30.5458 -9.61996 236.382 91.2262
-37.4812 -30.5578 -9.60066 234.701 69.0717
-35.3083 -28.5367 -11.6903 252.703 114.072
-35.3971 -28.5474 -11.674 253.31 148.99
-35.4542 -28.5591 -11.6746 235.106 117.892
-35.5095 -28.5736 -11.6583 234.776 116.293
-35.5595 -28.5874 -11.6405 265 98.9309
-35.6133 -28.5986 -11.6272 265 68.9447
-35.6699 -28.608 -11.6265 223.644 23.9447
-35.7198 -28.6229 -11.6093 225.975 29.6451
-35.7745 -28.642 -11.5801 234.089 -15.3549
-35.8229 -28.6508 -11.5737 241.921 26.2265
-35.8746 -28.6636 -11.5594 221.794 -15.995
-35.9209 -28.6686 -11.5626 226.944 -7.58163
-35.9627 -28.6751 -11.5496 224.888 -7.14296
-36.0122 -28.6873 -11.5349 179.888 -51.2995
-36.062 -28.7043 -11.5146 141.468 -96.2995
-36.0552 -28.7181 -11.526 186.468 -123.837
-36.102 -28.727 -11.5039 198.515 -123.818
-36.1512 -28.7419 -11.4802 198.474 -123.809
-36.1947 -28.7536 -11.4627 198.455 -123.8
-36.2373 -28.762 -11.4488 198.427 -123.79
-36.2887 -28.7786 -11.4336 198.401 -123.776
-36.3367 -28.7867 -11.4246 198.374 -123.762
-36.3837 -28.8002 -11.4195 198.349 -123.757
-36.4302 -28.8117 -11.4046 198.318 -123.745
-36.4754 -28.8276 -11.3883 198.302 -123.731
-36.5205 -28.8424 -11.3694 198.281 -123.724
-36.5611 -28.852 -11.3607 198.261 -123.715
-36.6164 -28.8679 -11.3397 198.229 -123.693
-36.689 -28.8887 -11.323 198.208 -123.658
-36.7348 -28.9026 -11.3067 198.188 -123.647
-36.7799 -28.9164 -11.2932 198.17 -123.636
-36.8241 -28.9299 -11.2811 198.152 -123.623
-36.869 -28.9441 -11.2638 198.131 -123.614
-36.915 -28.9587 -11.2459 198.109 -123.604
-36.9605 -28.9708 -11.2313 198.083 -123.594
-37.0118 -28.988 -11.2113 198.054 -123.583
-37.0505 -29.0109 -11.2019 198.068 -123.595
-37.2279 -29.1825 -11.0579 198.104 -123.613
-37.262 -29.1875 -11.0556 198.092 -123.611
-37.3143 -29.2044 -11.0344 198.071 -123.598
-37.3475 -29.2071 -11.0255 198.047 -123.593
-37.3875 -29.2134 -11.0161 198.027 -123.586
-37.421 -29.2233 -11.0118 198.025 -123.588
-37.4627 -29.2347 -10.9972 198.007 -123.579
-37.4962 -29.2399 -10.9926 198 -123.57
-37.5446 -29.2459 -10.9833 197.983 -123.555
-37.5862 -29.2586 -10.9705 197.974 -123.545
-37.6313 -29.2718 -10.956 197.962 -123.536
-37.68 -29.2852 -10.943 197.953 -123.528
-37.7306 -29.2939 -10.9355 197.95 -123.509
-37.7655 -29.3027 -10.925 197.937 -123.5
-37.8036 -29.3023 -10.928 197.929 -123.482
-37.8405 -29.3081 -10.9264 197.928 -123.47
-37.874 -29.3108 -10.9184 197.914 -123.461
-37.921 -29.3281 -10.9066 197.914 -123.45
-37.9684 -29.3449 -10.8929 197.91 -123.44
-38.0171 -29.3576 -10.8797 197.908 -123.425
-38.0673 -29.3739 -10.861 197.901 -123.412
-38.1133 -29.3872 -10.8407 197.888 -123.401
-38.1603 -29.404 -10.8281 197.893 -123.388
-38.2087 -29.4205 -10.813 197.884 -123.378
-38.2562 -29.4326 -10.8049 197.892 -123.363
-59.7584 -29.4463 34.1951 152.892 -101.894
-79.6571 -29.461 74.6248 112.487 -82.0308
-65.3464 -29.4737 29.6248 157.487 -96.3767
-69.4588 -29.4885 11.6115 175.527 -92.2969
-46.6145 -29.4997 -10.9749 198.111 -115.179
-46.3381 -29.5144 -10.8261 197.971 -115.493
-46.3226 -29.5309 -10.7469 197.909 -115.546
-46.3602 -29.5456 -10.7265 197.879 -115.545
-46.4029 -29.5609 -10.7025 197.873 -115.531
-46.4566 -29.5675 -10.6867 197.843 -115.497
-46.4969 -29.5777 -10.6779 197.842 -115.485
-46.5296 -29.5936 -10.7453 197.943 -110.798
-46.8126 -29.6061 -10.7585 220.54 -84.1415
-46.8597 -29.6201 -10.7509 265 -39.1415
-46.9056 -29.6364 -10.7432 259.506 5.8585
-46.9509 -29.6513 -10.7225 257.316 50.8585
-46.9885 -29.665 -10.7122 257.96 95.8585
-47.0302 -29.677 -10.7 256.653 140.858
-47.0794 -29.6938 -10.6911 256.494 170.313
-47.1222 -29.7118 -10.6748 256.516 172.035
-47.1696 -29.7258 -10.6633 212.037 127.035
-47.2163 -29.7409 -10.6519 227.215 82.0353
-47.2606 -29.7559 -10.6406 224.029 37.0353
-47.3014 -29.7726 -10.631 200.176 -7.96473
-47.3478 -29.7922 -10.6188 198.645 -52.9647
-47.3905 -29.8079 -10.6092 198.744 -97.9647
-47.4344 -29.8239 -10.6003 198.747 -106.613
-47.4779 -29.8386 -10.5973 198.753 -106.605
-47.5265 -29.8519 -10.5879 198.739 -106.592
-47.5704 -29.8681 -10.5798 198.728 -106.58
-47.6189 -29.8855 -10.5682 198.711 -106.571
-47.6723 -29.903 -10.5533 198.694 -106.555
-47.7089 -29.9158 -10.5458 198.677 -106.552
-47.76 -29.9331 -10.5365 198.664 -106.538
-47.8072 -29.9507 -10.523 198.645 -106.523
-47.8468 -29.966 -10.5113 198.633 -106.513
-47.889 -29.9794 -10.5056 198.618 -106.506
-47.9363 -29.9971 -10.494 198.607 -106.501
-47.9832 -30.0121 -10.4844 198.594 -106.492
-48.0224 -30.0249 -10.4737 198.575 -106.489
-48.0646 -30.0397 -10.4696 198.657 -110.065
-48.0871 -30.0602 -10.579 186.077 -95.3803
-48.089 -30.0722 -10.4416 150.73 -51.2206
-48.1346 -30.0863 -10.4277 161.016 -6.22056
-48.1788 -30.1046 -10.416 174.711 -51.2206
-48.222 -30.1209 -10.3974 205.547 -96.2206
-48.2665 -30.1333 -10.382 177.847 -107.703
-48.3104 -30.1532 -10.3592 150.717 -62.7033
-48.3536 -30.1645 -10.3456 151.605 -17.7033
-48.3945 -30.1813 -10.3285 169.484 -62.7033
-48.441 -30.1968 -10.3144 154.175 -17.7033
-48.4808 -30.2087 -10.297 161.19 -62.7033
-48.5246 -30.2222 -10.2866 190.726 -99.2189
-48.5623 -30.2335 -10.2751 193.403 -105.412
-48.6058 -30.2505 -10.2555 203.519 -110.255
-48.6459 -30.2628 -10.2409 201.543 -101.08
-48.6908 -30.2777 -10.2228 213.358 -85.5567
-48.7336 -30.2927 -10.2083 213.972 -82.3949
-48.7791 -30.3086 -10.1917 214.099 -83.9056
-48.8163 -30.3237 -10.1787 214.578 -84.4153
-48.8618 -30.3408 -10.1663 213.347 -85.0062
-48.9075 -30.3516 -10.156 213.246 -85.1395
-48.9491 -30.3679 -10.1428 210.468 -88.7028
-48.9955 -30.3855 -10.1258 228.621 -87.8387
-49.0444 -30.3991 -10.1166 244.641 -111.581
-49.0865 -30.415 -10.1077 247.52 -66.5814
-49.1367 -30.4275 -10.1003 248.191 -21.5814
-49.1856 -30.4425 -10.0849 248.324 23.4186
-49.2284 -30.4527 -10.0757 248.392 68.4186
-49.2743 -30.4659 -10.0596 248.439 113.419
-49.3279 -30.4822 -10.0463 248.478 158.419
-49.3775 -30.5007 -10.0312 248.511 203.419
-49.4252 -30.5129 -10.0242 248.544 224.882
-49.4781 -30.5323 -10.008 248.574 224.909
-49.5203 -30.5447 -9.99237 248.592 224.937
-49.5632 -30.5563 -9.98611 248.614 224.962
-49.6084 -30.5719 -9.96947 248.629 224.987
-49.6819 -30.6243 -9.94004 248.693 225.001
-49.751 -30.668 -9.90105 248.721 225.026
-50.2138 -31.0892 -9.49121 248.755 225.057
-50.2531 -31.099 -9.48014 248.776 225.083
-50.2983 -31.1126 -9.47042 248.8 225.111
-50.3372 -31.1206 -9.46242 248.823 225.141
-50.3795 -31.1356 -9.44735 248.839 225.168
-50.4225 -31.153 -9.43209 248.856 225.195
-50.4635 -31.1665 -9.41958 248.872 225.218
-50.503 -31.1746 -9.41414 248.891 225.242
-50.5134 -31.1609 -9.42661 248.907 225.268
-50.5631 -31.1792 -9.40335 248.914 225.297
-50.6137 -31.1985 -9.37929 248.925 225.33
-50.6567 -31.2137 -9.36591 248.94 225.348
-50.699 -31.2302 -9.35118 248.951 225.374
-50.7422 -31.2484 -9.33364 248.963 225.395
-50.789 -31.2623 -9.31835 248.971 225.423
-50.8349 -31.2758 -9.30356 248.98 225.449
-50.8845 -31.2948 -9.28498 248.987 225.483
-50.9308 -31.3129 -9.27444 249.004 225.51
-50.9727 -31.3285 -9.25693 249.011 225.535
-51.0213 -31.3453 -9.23741 249.015 225.562
-51.0621 -31.3582 -9.22399 249.022 225.588
-51.1104 -31.3731 -9.21103 249.029 225.614
-51.1502 -31.3829 -9.19853 249.03 225.64
-51.2012 -31.3992 -9.17484 249.023 225.671
-51.2483 -31.4184 -9.15285 249.029 225.694
-51.2926 -31.4361 -9.13884 249.041 225.717
-51.3306 -31.4524 -9.12617 249.058 225.735
-51.3783 -31.4685 -9.10922 249.062 225.768
-51.4245 -31.4881 -9.08626 249.063 225.796
-51.4662 -31.5027 -9.07399 249.073 225.82
-51.5121 -31.5196 -9.05962 249.08 225.841
-51.5608 -31.5321 -9.04471 249.077 225.869
-51.6036 -31.5452 -9.02926 249.077 225.889
-51.654 -31.56 -9.01564 249.083 225.92
-51.6995 -31.5713 -9.00373 249.089 225.946
-51.7469 -31.5821 -8.99301 249.092 225.975
-51.7928 -31.5945 -8.97693 249.087 226.004
-51.8375 -31.6069 -8.96493 249.096 226.033
-51.879 -31.6213 -8.94719 249.099 226.058
-51.9237 -31.6322 -8.93739 249.108 226.089
-51.9658 -31.6429 -8.92945 249.111 226.112
-52.0146 -31.6574 -8.91226 249.106 226.142
-52.0606 -31.6758 -8.89005 249.103 226.167
-52.1069 -31.6923 -8.87445 249.11 226.196
-52.1478 -31.7042 -8.85437 249.102 226.219
-52.1907 -31.7134 -8.84487 249.103 226.246
-52.2255 -31.7263 -8.82777 249.105 226.262
-52.2741 -31.7414 -8.81467 249.105 226.29
-52.3152 -31.7578 -8.79764 249.11 226.313
-52.3579 -31.7708 -8.7849 249.109 226.337
-52.403 -31.7845 -8.76877 249.103 226.366
-52.4433 -31.7958 -8.758 249.107 226.392
-52.4847 -31.812 -8.76716 249.135 226.416
-52.5463 -31.8172 -8.7299 248.996 228.248
-52.2334 -29.1636 -12.526 250.136 227.917
-60.9611 -7.75307 -29.2118 245.413 236.632
-61.4621 37.2469 -74.2118 248.666 237.117
-61.4683 18.3367 -58.3147 248.415 237.108
-61.511 63.3367 -103.315 248.358 237.129
-61.5663 108.337 -148.315 248.346 237.165
-61.609 108.417 -148.331 248.347 237.19
-61.6573 104.635 -144.55 248.347 237.219
-61.6989 103.153 -143.065 248.343 237.247
-61.7458 102.266 -142.185 248.35 237.273
-61.7787 102.651 -142.584 248.371 237.289
-61.8299 95.7217 -135.661 248.379 237.325
-61.8867 50.7217 -90.6611 248.401 237.361
-61.9292 5.72168 -45.6611 248.425 237.389
-61.5887 -24.4491 -16.2268 249.127 237.03
-61.6296 -20.4276 -20.2576 249.143 237.056
-61.6744 -15.9294 -24.7621 249.15 237.084
-61.7144 -13.6995 -26.9965 249.158 237.106
-61.7552 -12.3039 -28.3988 249.171 237.134
-61.7954 -11.2341 -29.4747 249.182 237.152
-61.8314 -10.714 -30.0243 249.227 237.171
-61.8672 -10.2177 -30.5248 249.228 237.193
-61.9129 -9.86672 -30.8758 249.231 237.215
-61.9546 -9.54734 -31.2003 249.237 237.241
-62.0024 -9.34209 -31.4093 249.24 237.269
-62.0503 -9.11617 -31.6367 249.244 237.296
-62.0939 -8.94387 -31.8093 249.25 237.325
-62.1377 -8.82735 -31.9297 249.256 237.35
-62.1774 -8.70717 -32.0535 249.265 237.374
-62.2265 -8.56784 -32.1959 249.271 237.4
-62.2741 -8.4678 -32.2941 249.268 237.429
-62.3238 -8.37587 -32.3877 249.27 237.459
-62.3663 -8.30628 -32.4602 249.283 237.487
-62.4079 -8.23325 -32.5366 249.285 237.513
-62.4525 -8.17003 -32.601 249.285 237.541
-62.4985 -8.10362 -32.6674 249.287 237.569
-62.5374 -8.04833 -32.7203 249.285 237.592
-62.5854 -8.01027 -32.7639 249.29 237.627
-62.6331 -7.97589 -32.7967 249.284 237.658
-62.68 -7.93706 -32.8439 249.291 237.688
-62.7258 -7.89584 -32.8855 249.292 237.721
-62.7673 -7.88466 -32.8995 249.295 237.741
-62.8138 -7.85744 -32.9316 249.297 237.77
-62.858 -7.83173 -32.9542 249.287 237.795
-62.8995 -7.81574 -32.9713 249.288 237.819
-62.9486 -7.78741 -33.0006 249.29 237.853
-62.993 -7.77358 -33.0089 249.282 237.878
-63.0379 -7.75922 -33.0234 249.289 237.902
-63.0817 -7.75207 -33.03 249.289 237.93
-63.1241 -7.74003 -33.0427 249.289 237.956
-63.1643 -7.72964 -33.0541 249.291 237.985
-63.2144 -7.72293 -33.0602 249.286 238.018
-63.2486 -7.71308 -33.0678 249.285 238.04
-63.2894 -7.71263 -33.0747 249.294 238.064
-63.3339 -7.70735 -33.0821 249.297 238.09
-63.3719 -7.70119 -33.0882 249.297 238.112
-63.4126 -7.70047 -33.0883 249.295 238.134
-63.4577 -7.69787 -33.0959 249.302 238.163
-63.4988 -7.70575 -33.0911 249.309 238.188
-63.546 -7.71433 -33.08 249.3 238.213
-63.5895 -7.71017 -33.0823 249.295 238.245
-63.6315 -7.71267 -33.0818 249.297 238.274
-63.6746 -7.71749 -33.0807 249.301 238.298
-63.7106 -7.72406 -33.0743 249.296 238.321
-63.7549 -7.7352 -33.0617 249.291 238.341
-63.8059 -7.74842 -33.0513 249.292 238.37
-63.8422 -7.75153 -33.0488 249.29 238.387
-63.8897 -7.76302 -33.0431 249.295 238.415
-63.9352 -7.77525 -33.0312 249.291 238.444
-63.9698 -7.78412 -33.02 249.287 238.466
-64.0081 -7.79261 -33.0189 249.31 238.49
-64.0527 -7.79811 -33.0095 249.304 238.521
-64.0983 -7.80799 -32.9963 249.295 238.551
-64.1394 -7.82199 -32.9765 249.284 238.581
-64.1842 -7.83605 -32.9617 249.281 238.605
-64.2227 -7.84504 -32.9488 249.278 238.629
-64.2651 -7.85433 -32.9383 249.27 238.655
-64.3098 -7.86308 -32.9258 249.261 238.684
-64.3464 -7.8695 -32.9196 249.264 238.706
-64.3936 -7.88054 -32.909 249.261 238.74
-64.4319 -7.894 -32.895 249.263 238.767
-64.4728 -7.90391 -32.8836 249.257 238.79
-64.5118 -7.92003 -32.8685 249.259 238.816
-64.5533 -7.93439 -32.8554 249.271 238.842
-64.5908 -7.95042 -32.8406 249.268 238.864
-64.6333 -7.96733 -32.819 249.253 238.896
-64.6745 -7.98495 -32.8069 249.257 238.92
-64.7167 -7.99793 -32.7901 249.248 238.944
-64.7543 -8.01656 -32.7679 249.239 238.969
-64.7923 -8.03426 -32.7491 249.235 238.989
-64.8364 -8.05424 -32.7341 249.238 239.016
-64.8812 -8.06766 -32.7264 249.241 239.048
-64.9306 -8.08777 -32.7047 249.239 239.075
-64.969 -8.10796 -32.6809 249.235 239.097
-65.0114 -8.12668 -32.6581 249.227 239.127
-65.0482 -8.1376 -32.6508 249.231 239.152
-65.0841 -8.15386 -32.6307 249.224 239.173
-65.133 -8.17348 -32.6146 249.227 239.201
-65.1713 -8.18193 -32.6027 249.218 239.229
-65.2091 -8.19336 -32.59 249.216 239.254
-65.253 -8.21428 -32.5702 249.219 239.28
-65.2953 -8.22568 -32.5526 249.206 239.307
-65.3304 -8.23977 -32.5339 249.194 239.329
-65.3721 -8.25632 -32.5171 249.199 239.355
-65.4106 -8.27657 -32.4971 249.199 239.377
-65.4579 -8.29422 -32.4797 249.196 239.408
-65.4898 -8.31005 -32.4555 249.183 239.429
-65.5322 -8.32758 -32.4386 249.18 239.455
-65.5684 -8.35066 -32.4177 249.183 239.477
-65.6065 -8.36869 -32.4043 249.193 239.5
-65.6471 -8.39174 -32.3777 249.184 239.525
-65.6843 -8.40897 -32.3586 249.185 239.55
-65.725 -8.4286 -32.3401 249.185 239.578
-65.7677 -8.44476 -32.3359 249.205 239.602
-65.8067 -8.46448 -32.3167 249.205 239.625
-65.852 -8.48403 -32.2962 249.199 239.653
-65.8935 -8.49876 -32.2816 249.19 239.676
-65.9277 -8.51646 -32.2609 249.183 239.698
-65.9686 -8.53383 -32.2467 249.184 239.721
-66.008 -8.55123 -32.2281 249.181 239.744
-66.0511 -8.57099 -32.2035 249.167 239.767
-66.0881 -8.59179 -32.1785 249.163 239.786
-66.1337 -8.60771 -32.1569 249.147 239.815
-66.1734 -8.62473 -32.1394 249.143 239.841
-66.2198 -8.64545 -32.1176 249.138 239.865
-66.2664 -8.66506 -32.0942 249.129 239.893
-66.3092 -8.68435 -32.0758 249.129 239.915
-66.3557 -8.69942 -32.0528 249.116 239.941
-66.3992 -8.72156 -32.0332 249.126 239.969
-66.4408 -8.73669 -32.0216 249.125 239.997
-66.4824 -8.76082 -31.9956 249.119 240.021
-66.5251 -8.77749 -31.9749 249.112 240.051
-66.5686 -8.79505 -31.9529 249.105 240.079
-66.6082 -8.81498 -31.9336 249.103 240.097
-66.6448 -8.83294 -31.9206 249.111 240.113
-66.6898 -8.84896 -31.9099 249.114 240.137
-66.7301 -8.86527 -31.8928 249.111 240.164
-66.7759 -8.89137 -31.8682 249.109 240.187
-66.8127 -8.91484 -31.8419 249.101 240.213
-66.8567 -8.93383 -31.819 249.096 240.24
-66.8987 -8.95509 -31.8042 249.107 240.266
-66.9338 -8.97277 -31.7877 249.101 240.289
-66.9752 -8.99237 -31.767 249.094 240.314
-67.0235 -9.01981 -31.7361 249.09 240.345
-67.0635 -9.04653 -31.709 249.086 240.366
-67.1014 -9.06722 -31.688 249.087 240.388
-67.1419 -9.09228 -31.6676 249.096 240.411
-67.1875 -9.11311 -31.6452 249.092 240.434
-67.228 -9.13328 -31.6265 249.091 240.456
-67.2721 -9.15752 -31.6018 249.088 240.479
-67.3157 -9.17702 -31.5769 249.08 240.503
-67.3591 -9.19765 -31.5543 249.07 240.524
-67.4019 -9.22122 -31.5284 249.062 240.547
-67.443 -9.24416 -31.5087 249.068 240.569
-67.4897 -9.26813 -31.4839 249.07 240.593
-67.5305 -9.28621 -31.4676 249.071 240.615
-67.5774 -9.30798 -31.4448 249.067 240.648
-67.6134 -9.33355 -31.4182 249.064 240.671
-67.6583 -9.35535 -31.3938 249.058 240.701
-67.7014 -9.37513 -31.375 249.055 240.725
-67.7369 -9.40065 -31.3462 249.053 240.748
-67.7849 -9.42404 -31.3226 249.05 240.779
-67.8262 -9.45074 -31.2996 249.058 240.805
-67.8651 -9.47579 -31.2724 249.057 240.831
-67.9091 -9.50059 -31.2482 249.055 240.855
-67.9549 -9.52295 -31.2285 249.059 240.88
-67.9977 -9.5497 -31.2027 249.061 240.909
-68.0321 -9.5713 -31.1837 249.064 240.925
-68.0676 -9.59528 -31.1525 249.049 240.942
-68.0988 -9.61906 -31.1318 249.055 240.961
-68.1402 -9.6401 -31.1113 249.06 240.988
-68.1845 -9.66357 -31.0821 249.045 241.014
-68.2237 -9.68969 -31.0514 249.038 241.041
-68.2647 -9.71766 -31.0207 249.03 241.061
-68.309 -9.73373 -31.0049 249.025 241.088
-68.3466 -9.75183 -30.9879 249.026 241.107
-68.3824 -9.77363 -30.9613 249.019 241.125
-68.4254 -9.80031 -30.935 249.02 241.147
-68.4665 -9.82344 -30.9171 249.033 241.172
-68.5073 -9.84245 -30.8963 249.03 241.193
-68.5549 -9.86654 -30.8702 249.023 241.217
-68.5949 -9.89009 -30.8461 249.018 241.241
-68.6318 -9.9176 -30.8204 249.018 241.26
-68.6716 -9.94012 -30.8004 249.019 241.282
-68.7106 -9.96465 -30.7694 249.004 241.306
-68.7447 -9.9951 -30.7407 249.008 241.326
-68.7854 -10.022 -30.7166 249.01 241.349
-68.8243 -10.0408 -30.6965 249.003 241.372
-68.8623 -10.0622 -30.6709 248.995 241.395
-68.9053 -10.0835 -30.6476 248.99 241.422
-68.9481 -10.1056 -30.624 248.987 241.449
-68.9857 -10.1328 -30.594 248.982 241.468
-69.0252 -10.1566 -30.5688 248.974 241.494
-69.0631 -10.182 -30.5404 248.966 241.516
-69.1021 -10.2065 -30.5153 248.962 241.535
-69.1442 -10.2331 -30.4862 248.956 241.561
-69.1901 -10.2553 -30.462 248.949 241.584
-69.2311 -10.2791 -30.4388 248.948 241.607
-69.2691 -10.3068 -30.4082 248.941 241.627
-69.3135 -10.3361 -30.3757 248.937 241.651
-69.3517 -10.3586 -30.3515 248.938 241.666
-69.3965 -10.3854 -30.3273 248.941 241.689
-69.4352 -10.4137 -30.3065 248.948 241.706
-69.4746 -10.4359 -30.2888 248.954 241.73
-69.5163 -10.4551 -30.2634 248.947 241.756
-69.5554 -10.4815 -30.2397 248.95 241.776
-69.5983 -10.5082 -30.2123 248.951 241.802
-69.6402 -10.5299 -30.1917 248.952 241.82
-69.677 -10.5557 -30.1714 248.959 241.837
-69.7247 -10.5809 -30.1483 248.963 241.863
-69.7626 -10.6078 -30.1221 248.959 241.882
-69.8084 -10.6325 -30.0973 248.954 241.911
-69.8481 -10.6586 -30.0702 248.953 241.933
-69.8911 -10.6817 -30.0476 248.956 241.959
-69.9295 -10.7053 -30.023 248.957 241.979
-69.9718 -10.7324 -29.996 248.954 241.999
-70.0152 -10.762 -29.9619 248.946 242.027
-70.053 -10.7854 -29.9398 248.952 242.047
-70.1 -10.8168 -29.9076 248.95 242.072
-70.144 -10.8455 -29.8726 248.94 242.094
-70.181 -10.8682 -29.8495 248.941 242.115
-70.225 -10.8871 -29.8276 248.934 242.141
-70.2637 -10.9096 -29.8031 248.931 242.162
-70.2994 -10.9336 -29.7779 248.93 242.182
-70.3401 -10.9603 -29.7479 248.924 242.205
-70.3826 -10.9842 -29.7219 248.923 242.231
-70.4178 -11.0092 -29.6959 248.922 242.247
-70.4555 -11.0337 -29.6709 248.921 242.268
-70.4887 -11.0544 -29.6465 248.916 242.291
-70.5234 -11.0807 -29.6197 248.915 242.304
-70.5606 -11.1032 -29.5975 248.914 242.321
-70.6002 -11.1302 -29.5643 248.903 242.344
-70.6346 -11.1516 -29.5404 248.895 242.365
-70.6766 -11.1745 -29.5161 248.892 242.384
-70.7161 -11.1984 -29.4917 248.892 242.406
-70.7578 -11.2243 -29.463 248.886 242.431
-70.7972 -11.2526 -29.4242 248.867 242.454
-70.8418 -11.2671 -29.4064 248.859 242.481
-70.8771 -11.2866 -29.3853 248.856 242.498
-70.9119 -11.3056 -29.3669 248.855 242.516
-70.9489 -11.3281 -29.3484 248.85 242.537
-70.9817 -11.3488 -29.3224 248.84 242.555
-71.0202 -11.3734 -29.3021 248.84 242.578
-71.0541 -11.3956 -29.282 248.845 242.593
-71.0885 -11.4181 -29.2586 248.843 242.611
-71.1238 -11.4433 -29.2344 248.842 242.632
-71.1639 -11.4741 -29.2009 248.837 242.655
-71.1962 -11.5017 -29.1753 248.837 242.671
-71.2359 -11.5282 -29.1464 248.832 242.693
-71.2747 -11.5569 -29.111 248.822 242.713
-71.3129 -11.5791 -29.0916 248.823 242.733
-71.3566 -11.6084 -29.066 248.826 242.756
-71.3932 -11.6309 -29.044 248.827 242.78
-71.4322 -11.6588 -29.017 248.83 242.8
-71.4672 -11.6841 -28.9931 248.831 242.821
-71.5069 -11.705 -28.9722 248.834 242.847
-71.5344 -11.7252 -28.9535 248.829 242.866
-71.5753 -11.751 -28.9227 248.826 242.894
-71.6102 -11.7761 -28.8947 248.817 242.919
-71.65 -11.8112 -28.8521 248.801 242.942
-71.6789 -11.8348 -28.8217 248.787 242.955
-71.711 -11.8561 -28.8048 248.788 242.971
-71.747 -11.8843 -28.7811 248.799 242.984
-71.7838 -11.9109 -28.7509 248.79 243.004
-71.8217 -11.9365 -28.7241 248.788 243.028
-71.8609 -11.9645 -28.698 248.788 243.049
-71.8968 -11.9913 -28.6761 248.796 243.065
-71.9364 -12.0192 -28.6456 248.788 243.085
-71.9687 -12.0504 -28.6142 248.791 243.102
-72.0073 -12.0756 -28.5847 248.784 243.125
-72.0502 -12.1056 -28.5568 248.788 243.148
-72.0858 -12.1249 -28.5341 248.784 243.168
-72.1255 -12.1509 -28.5085 248.787 243.19
-72.1559 -12.178 -28.4797 248.784 243.202
-72.1922 -12.2024 -28.4549 248.782 243.223
-72.2345 -12.2311 -28.4272 248.784 243.248
-72.2742 -12.2584 -28.4003 248.782 243.272
-72.3103 -12.2825 -28.3784 248.791 243.292
-72.3507 -12.3104 -28.3485 248.791 243.316
-72.387 -12.339 -28.3207 248.795 243.337
-72.4242 -12.3676 -28.2881 248.783 243.36
-72.4599 -12.389 -28.2635 248.778 243.382
-72.5047 -12.4245 -28.2295 248.779 243.408
-72.5416 -12.4501 -28.2008 248.774 243.426
-72.5816 -12.4741 -28.171 248.762 243.445
-72.6134 -12.4982 -28.1475 248.76 243.461
-72.658 -12.5266 -28.1189 248.76 243.487
-72.6937 -12.5528 -28.0888 248.752 243.506
-72.7296 -12.5801 -28.0626 248.753 243.526
-72.7684 -12.6041 -28.0376 248.751 243.547
-72.8031 -12.6278 -28.0124 248.742 243.567
-72.8432 -12.6506 -27.9867 248.738 243.592
-72.8844 -12.6857 -27.9486 248.735 243.612
-72.9213 -12.7194 -27.9131 248.734 243.629
-72.9498 -12.7411 -27.8891 248.731 243.642
-72.9842 -12.7673 -27.8631 248.733 243.658
-73.023 -12.7892 -27.8401 248.73 243.679
-73.0613 -12.8214 -27.8113 248.738 243.697
-73.1093 -12.8477 -27.7885 248.738 243.727
-73.1442 -12.8683 -27.7648 248.73 243.746
-73.1816 -12.8903 -27.742 248.732 243.768
-73.2152 -12.9186 -27.7085 248.723 243.787
-73.254 -12.9465 -27.6796 248.719 243.811
-73.2856 -12.9775 -27.6454 248.715 243.826
-73.3197 -13.0015 -27.6238 248.712 243.844
-73.3595 -13.0255 -27.595 248.704 243.869
-73.3996 -13.046 -27.5718 248.702 243.891
