4
-0.0848006 89.9395 -89.9459 180 90
0.0121409 90.011 90.0198 0.00383659 -89.9815
-0.0960593 89.9223 -89.9297 180 90
0.0114473 90.0132 90.0149 0.010006 -89.9752
-0.105409 89.9309 -89.937 180 90
0.0141899 90.0161 90.0134 0.01028 -89.9861
-0.106765 89.9321 -89.9412 180 90
0.011342 90.0189 90.0116 0.00929741 -89.9805
-0.113961 89.9117 -89.9233 180 90
0.012621 90.018 90.0119 0.00946733 -89.9771
-0.117912 89.9078 -89.9181 180 90
0.0167115 90.0299 90.0004 0.0122412 -89.9798
-0.115917 89.8999 -89.9079 180 90
0.00831437 90.0306 90.0035 0.0129765 -89.9784
-0.108823 89.917 -89.9259 180 90
0.0147565 90.0378 89.9978 0.0120126 -89.9949
-0.141848 89.8827 -89.8869 180 90
0.0209745 90.0366 90.0029 0.011764 -90.0044
-0.12927 89.8873 -89.8923 180 90
0.0219367 90.0327 90.0098 0.0101546 -90.0271
-0.12402 89.9065 -89.9116 180 90
0.0304535 90.0403 89.9971 0.0129505 -90.0289
-0.106813 89.9031 -89.9084 180 90
0.0424521 90.0587 89.9793 0.0107077 -90.0578
-0.116116 89.8945 -89.8934 180 90
0.0416119 90.0612 89.9805 0.0111226 -90.0468
-0.108102 89.8919 -89.8924 180 90
0.0528094 90.0685 89.9729 0.0132979 -90.0453
-0.104683 89.9025 -89.9047 180 90
0.0646453 90.0832 89.9568 0.0142811 -90.0405
-0.102206 89.907 -89.9078 180 90
0.0692842 90.0838 89.9536 0.0170111 -90.0486
-0.0903345 89.9077 -89.9074 180 90
0.0720478 90.0744 89.9605 0.0208433 -90.0559
-0.0844619 89.9183 -89.9183 180 90
0.0559288 90.055 89.9723 0.0276408 -90.0544
-0.0766102 89.9274 -89.9261 180 90
0.0553256 90.0592 89.9627 0.0296018 -90.0442
-0.0885156 89.9222 -89.9201 180 90
0.0638186 90.0768 89.9501 0.0211514 -90.0456
-0.0564676 89.9376 -89.9327 180 90
0.0479663 90.0956 89.9195 0.0258041 -90.0346
-0.189142 89.9543 -89.6941 180 90
0.0937415 90.0892 90.5768 0.28913 -90.0955
-0.452205 90.024 -89.2093 180 90
-0.179697 89.5404 92.3021 0.726089 -90.1248
-0.751946 90.0564 -88.8539 180 90
-0.63648 88.701 94.0018 1.09911 -90.2733
-0.860632 90.0521 -88.7245 180 90
-0.730016 88.4928 94.3617 1.20179 -90.3475
-0.872619 90.0463 -88.8192 180 90
-0.246331 88.8807 93.5978 1.40071 -90.4716
-0.938138 89.9976 -89.6004 180 90
0.580969 89.5583 91.7447 0.409131 -90.7633
-0.717511 89.9384 -90.1129 180 90
0.686533 89.7041 90.9431 -0.0398629 -90.5706
-0.574018 89.9533 -90.1233 180 90
0.703083 89.821 90.8969 -0.0624461 -90.4847
-0.116673 89.8515 -90.5508 180 90
0.646902 90.1233 89.3892 -0.539739 -90.3161
0.0592989 89.7728 -90.8516 180 90
0.380318 89.8766 88.8526 -0.703002 -90.2935
0.390992 89.8169 -90.5148 180 90
-0.0856701 89.73 89.6081 -0.565143 -90.0999
0.416352 89.8583 -90.0632 180 90
-0.369671 89.5151 90.4092 -0.140705 -90.0078
0.325282 89.9211 -89.6699 180 90
-0.481896 89.4011 91.1192 0.170752 -89.9752
0.0372279 89.9744 -89.0878 180 90
-0.864621 88.8329 92.6342 0.605604 -90.0383
-0.112471 89.9967 -88.8469 180 90
-1.3976 88.1544 93.6044 0.759741 -90.0874
-0.135332 90.0101 -88.9064 180 90
-2.02464 87.4461 94.1671 0.775762 -90.0917
0.221888 89.9176 -89.2611 180 90
-1.18168 88.5793 91.9956 0.544467 -89.9473
0.423825 89.8194 -89.9901 180 90
0.0109057 89.8868 89.4323 -0.157023 -89.9942
0.375977 89.7263 -90.5029 180 90
-0.00873072 89.6675 88.5491 -0.485779 -90.1417
0.326841 89.6445 -91.1277 180 90
-0.39998 89.011 88.6285 -1.01096 -90.2997
0.449129 89.66 -91.1074 180 90
-1.28671 88.0279 89.6575 -0.976539 -90.3317
0.551018 89.7377 -90.5297 180 90
-1.02465 88.5379 89.9993 -0.562624 -90.1383
0.454358 89.845 -89.6788 180 90
-1.2076 88.4504 91.5125 -0.0291184 -90.0423
0.364419 89.855 -89.605 180 90
-1.41688 88.2136 91.8916 0.203084 -90.0245
0.44948 89.8068 -89.6474 180 90
0.226902 89.9852 89.6693 0.243465 -89.9802
0.332735 89.8557 -89.6845 180 90
0.695147 90.3463 89.8019 0.121997 -89.9857
0.352864 89.8234 -89.6097 180 90
0.57139 90.2642 89.7689 0.160021 -89.9564
0.383983 89.8307 -89.6798 180 90
0.547791 90.24 89.8451 0.119312 -89.9001
0.411428 89.8386 -89.7174 180 90
0.521991 90.2205 89.8885 0.0996229 -89.8262
0.443744 89.8442 -89.7551 180 90
0.462259 90.1865 89.9329 0.0903553 -89.7365
0.48238 89.8518 -89.7844 180 90
0.409415 90.1673 89.9582 0.0800765 -89.6511
0.527253 89.8625 -89.8107 180 90
0.348585 90.1232 90.0115 0.0759108 -89.553
0.563366 89.8727 -89.8299 180 90
0.314528 90.0788 90.0577 0.0717133 -89.4957
0.60588 89.8827 -89.849 180 90
0.307741 90.0377 90.1013 0.0715604 -89.4643
0.640653 89.8948 -89.8699 180 90
0.287857 89.9968 90.1368 0.0695671 -89.4023
0.682285 89.9014 -89.8847 180 90
0.26325 89.9699 90.1648 0.0701013 -89.3343
0.719039 89.9147 -89.9024 180 90
0.236402 89.9374 90.2001 0.0664358 -89.2737
0.753793 89.9275 -89.9237 180 90
0.214463 89.9159 90.2216 0.0642646 -89.2195
0.794547 89.943 -89.9091 180 90
0.217181 89.9087 90.1468 0.0841747 -89.1899
0.836997 89.9616 -89.9325 180 90
0.19004 89.8936 90.165 0.0854513 -89.152
0.880439 89.9739 -89.9507 180 90
0.173215 89.88 90.1743 0.0850869 -89.1203
0.91877 89.9848 -89.966 180 90
0.13858 89.8735 90.183 0.0859291 -89.08
0.96001 90.0028 -89.9867 180 90
0.108912 89.8587 90.2003 0.0873619 -89.0334
1.0055 90.0191 -90.0037 180 90
0.0960353 89.8355 90.2187 0.0877537 -89.004
1.03984 90.0295 -90.0123 180 90
0.0952076 89.8219 90.2272 0.0904952 -88.9803
1.08792 90.0499 -90.0338 180 90
0.0992681 89.8087 90.2402 0.0934079 -88.966
1.13596 90.0661 -90.0516 180 90
0.0721067 89.7889 90.2621 0.0926983 -88.9817
1.1726 90.0791 -90.0738 180 90
0.0520491 89.7712 90.2832 0.090858 -88.9655
1.21963 90.0998 -90.0994 180 90
0.0375083 89.7616 90.2948 0.0884094 -88.9276
1.26132 90.1185 -90.1226 180 90
0.0315233 89.7543 90.3086 0.0803757 -88.9199
1.27734 90.1031 -90.0194 180 90
0.0788857 89.772 90.4323 0.255299 -88.9446
0.736798 90.1935 -88.9687 180 90
0.0715519 89.4221 92.2001 1.09182 -89.1386
0.812147 90.1903 -88.8545 180 90
-0.391255 89.0252 92.8352 1.27742 -89.0644
0.85433 90.1839 -88.7068 180 90
-0.952394 88.615 93.0251 1.01931 -88.9722
0.573331 90.14 -88.857 180 90
-2.46542 86.8289 94.5571 1.23685 -89.2413
0.402721 90.1097 -89.3466 180 90
-3.20841 85.9422 94.8955 0.776837 -89.434
0.9847 90.1289 -89.6788 180 90
-1.41854 88.233 92.2577 0.666435 -88.9151
1.21953 90.1213 -89.7739 180 90
-0.426176 89.324 90.764 0.350688 -88.7929
1.19618 90.0799 -89.8528 180 90
0.100137 89.7509 90.3851 0.321522 -88.831
1.26404 90.0979 -90.2249 180 90
0.0552289 89.7559 90.0482 0.0603913 -88.8289
1.27576 90.1473 -90.2647 180 90
0.0746451 89.7067 90.1463 0.0546816 -88.8698
1.29718 90.2199 -90.3315 180 90
0.13751 89.6908 90.2227 0.0479886 -88.9163
1.31988 90.2784 -90.377 180 90
0.17337 89.6978 90.2529 0.0432075 -88.9941
1.33443 90.3631 -90.4476 180 90
0.240067 89.6522 90.3324 0.0429389 -89.026
1.34294 90.4609 -90.5382 180 90
0.247633 89.6616 90.3453 0.049939 -89.0728
1.35733 90.5483 -90.6224 180 90
0.260456 89.698 90.3288 0.0482443 -89.0214
1.35904 90.6338 -90.7148 180 90
0.322748 89.7769 90.265 0.0514621 -89.1382
1.35639 90.6963 -90.7782 180 90
0.366541 89.8265 90.2309 0.0474377 -89.1838
1.36423 90.7589 -90.8458 180 90
0.378172 89.8837 90.1882 0.0474788 -89.1836
1.37013 90.8329 -90.921 180 90
0.422823 89.9109 90.1762 0.041898 -89.2032
1.37771 90.8713 -90.9573 180 90
0.458829 89.9389 90.1551 0.0423825 -89.2725
1.39034 90.9197 -90.992 180 90
0.497434 89.9742 90.1257 0.044848 -89.2785
1.39486 90.9731 -91.04 180 90
0.56382 90.0312 90.0739 0.0444928 -89.2783
1.40229 91.0203 -91.0763 180 90
0.59779 90.0579 90.0507 0.0457286 -89.2838
1.40888 91.0581 -91.1007 180 90
0.640651 90.0921 90.0166 0.0487267 -89.2944
1.41606 91.1019 -91.1395 180 90
0.677751 90.1202 89.9921 0.0463843 -89.3387
1.42678 91.1493 -91.1776 180 90
0.687989 90.1305 89.9854 0.0442966 -89.3493
1.4346 91.1905 -91.2057 180 90
0.732279 90.1813 89.9381 0.0420259 -89.3548
1.46694 91.2415 -91.2486 180 90
0.766668 90.2183 89.9015 0.0452473 -89.3393
1.4748 91.2906 -91.2924 180 90
0.792332 90.2426 89.8786 0.0445073 -89.3657
1.47731 91.3149 -91.3182 180 90
0.809826 90.2618 89.8625 0.0403042 -89.3597
1.48578 91.3393 -91.3336 180 90
0.851505 90.2918 89.8347 0.0361701 -89.378
1.50035 91.3872 -91.381 180 90
0.868099 90.312 89.8166 0.0347509 -89.379
1.50968 91.4069 -91.3937 180 90
0.909736 90.3552 89.7762 0.0344886 -89.4107
1.51874 91.4278 -91.4107 180 90
0.935491 90.3777 89.7578 0.0344407 -89.4516
1.52594 91.4429 -91.4193 180 90
0.942486 90.3863 89.7481 0.0369153 -89.4873
1.52986 91.4775 -91.4439 180 90
0.945403 90.3952 89.7407 0.0344226 -89.48
1.54082 91.4995 -91.4628 180 90
0.96221 90.4081 89.7293 0.0356848 -89.491
1.55053 91.5251 -91.4847 180 90
0.96346 90.4196 89.7208 0.034588 -89.4907
1.56445 91.5469 -91.501 180 90
0.978743 90.4312 89.7075 0.0347102 -89.514
1.57618 91.5859 -91.5362 180 90
0.994896 90.4454 89.6941 0.0347087 -89.5167
1.58499 91.6108 -91.5527 180 90
1.01496 90.4559 89.6804 0.0353924 -89.5265
1.60463 91.6225 -91.5551 180 90
1.00596 90.4531 89.6815 0.0371004 -89.5359
1.61694 91.6437 -91.5687 180 90
1.01174 90.4618 89.6781 0.039097 -89.5351
1.62847 91.6551 -91.5715 180 90
1.01371 90.4634 89.6816 0.0345632 -89.5292
1.63642 91.6655 -91.5809 180 90
1.01413 90.4693 89.6768 0.036572 -89.5264
1.64487 91.6786 -91.5855 180 90
1.01323 90.4729 89.6728 0.0379335 -89.5306
1.64613 91.6805 -91.5832 180 90
0.997575 90.4675 89.6828 0.0356556 -89.5035
1.65623 91.7027 -91.6012 180 90
0.999942 90.468 89.6818 0.0360902 -89.4969
1.65589 91.7064 -91.6022 180 90
1.01896 90.4777 89.6738 0.035397 -89.5114
1.67236 91.7355 -91.63 180 90
1.03035 90.4841 89.659 0.0367095 -89.5119
1.68675 91.7531 -91.6495 180 90
1.03761 90.4902 89.6569 0.0346438 -89.5301
1.69776 91.7755 -91.6638 180 90
1.04142 90.4967 89.6511 0.03615 -89.5227
1.70789 91.7942 -91.6813 180 90
1.05103 90.4972 89.6487 0.0371069 -89.5376
1.7211 91.7987 -91.688 180 90
1.05763 90.5032 89.648 0.0346361 -89.5442
1.72883 91.8176 -91.706 180 90
1.06203 90.5026 89.6411 0.0371734 -89.5302
1.73634 91.8344 -91.7234 180 90
1.06308 90.5062 89.6401 0.0341019 -89.5308
1.7479 91.846 -91.7344 180 90
1.06752 90.5089 89.637 0.030708 -89.5263
1.75994 91.8575 -91.7468 180 90
1.07747 90.5253 89.62 0.0323985 -89.5196
1.77492 91.8776 -91.7669 180 90
1.0919 90.5285 89.615 0.0313556 -89.5283
1.78974 91.8878 -91.7772 180 90
1.09961 90.5319 89.6061 0.0342362 -89.5255
1.79833 91.8961 -91.7783 180 90
1.10951 90.5334 89.6047 0.0308374 -89.5438
1.80904 91.901 -91.782 180 90
1.12248 90.5322 89.601 0.0308861 -89.5543
1.82252 91.9173 -91.8011 180 90
1.12445 90.53 89.6 0.0305579 -89.5513
1.82856 91.9241 -91.8043 180 90
1.13797 90.5361 89.5948 0.0300827 -89.5634
1.83731 91.9265 -91.811 180 90
1.14253 90.5407 89.5886 0.0332023 -89.5559
1.84484 91.9406 -91.8236 180 90
1.15049 90.5434 89.5853 0.0315086 -89.5528
1.84693 91.9454 -91.8244 180 90
1.15491 90.5372 89.594 0.0317842 -89.5542
1.85584 91.951 -91.8311 180 90
1.15786 90.5395 89.5942 0.032838 -89.551
1.86877 91.9651 -91.8515 180 90
1.16454 90.5444 89.5846 0.0351854 -89.5513
1.87477 91.9731 -91.863 180 90
1.16513 90.5443 89.5868 0.03158 -89.5632
1.88166 91.9805 -91.8747 180 90
1.16732 90.5518 89.5806 0.0304295 -89.5683
1.89124 91.9876 -91.8958 180 90
1.17726 90.5598 89.5691 0.0356381 -89.5623
1.89973 91.9895 -91.9159 180 90
1.17671 90.5602 89.5686 0.0400509 -89.5633
1.90906 91.9964 -91.9355 180 90
1.18403 90.5689 89.5623 0.0389768 -89.551
1.91485 91.993 -91.9395 180 90
1.18413 90.5717 89.5602 0.0388938 -89.558
1.92208 91.9951 -91.9448 180 90
1.18701 90.5719 89.5593 0.0423 -89.5521
1.92836 91.9959 -91.9467 180 90
1.19327 90.5762 89.5566 0.0404512 -89.5469
1.94108 92.0061 -91.9561 180 90
1.19737 90.5737 89.56 0.0460378 -89.5441
1.95493 92.0135 -91.965 180 90
1.2036 90.5772 89.5566 0.0405708 -89.5417
1.95749 92.0204 -91.9696 180 90
1.2083 90.5797 89.5555 0.0396005 -89.5393
1.97127 92.0269 -91.9714 180 90
1.21367 90.5845 89.5506 0.0387143 -89.5392
1.98372 92.031 -91.9793 180 90
1.22354 90.5904 89.5447 0.0387398 -89.5452
1.99392 92.034 -91.9779 180 90
1.22537 90.597 89.5349 0.0421153 -89.543
1.99744 92.036 -91.984 180 90
1.23841 90.6022 89.5297 0.0419618 -89.5524
2.00831 92.0423 -91.9863 180 90
1.24352 90.6089 89.525 0.0381026 -89.5486
2.01091 92.0459 -91.9865 180 90
1.24243 90.6052 89.5249 0.0392546 -89.5367
2.02148 92.0487 -91.9846 180 90
1.25581 90.614 89.5179 0.0393789 -89.5432
2.03091 92.0508 -91.9878 180 90
1.25497 90.6182 89.5152 0.0403974 -89.5426
2.04054 92.049 -91.9847 180 90
1.25738 90.6189 89.5136 0.0392492 -89.5387
2.04808 92.0492 -91.9839 180 90
1.27005 90.6219 89.5125 0.0396645 -89.5524
2.05229 92.0575 -91.9894 180 90
1.28363 90.6211 89.5107 0.0436348 -89.5505
2.06046 92.0624 -91.9913 180 90
1.29113 90.6193 89.5165 0.043399 -89.5571
2.07133 92.0666 -91.9985 180 90
1.29037 90.618 89.5198 0.0419095 -89.5571
2.08121 92.0699 -92.0056 180 90
1.30056 90.6216 89.5207 0.0416345 -89.5617
2.08734 92.0706 -92.0104 180 90
1.30842 90.6235 89.5189 0.041568 -89.5782
2.0867 92.0762 -92.0182 180 90
1.30834 90.6183 89.5275 0.040894 -89.5769
2.09831 92.0792 -92.0233 180 90
1.31046 90.6213 89.527 0.0434528 -89.576
2.09924 92.0867 -92.0297 180 90
1.31591 90.6267 89.5167 0.0440605 -89.5793
2.10256 92.0842 -92.023 180 90
1.31924 90.6224 89.5209 0.0453054 -89.5728
2.11221 92.0863 -92.0239 180 90
1.31714 90.6184 89.5296 0.0420233 -89.5683
2.11907 92.0933 -92.027 180 90
1.31751 90.6182 89.5267 0.0444787 -89.5734
2.12003 92.0915 -92.0287 180 90
1.3269 90.6241 89.5273 0.043255 -89.5773
2.12689 92.0889 -92.0271 180 90
1.3311 90.6264 89.5291 0.0406071 -89.5734
2.13159 92.0932 -92.0299 180 90
1.33451 90.6371 89.5192 0.0385541 -89.5681
2.14301 92.0938 -92.0314 180 90
1.34146 90.6382 89.5171 0.0417202 -89.5733
2.15068 92.0927 -92.0269 180 90
1.34364 90.6363 89.524 0.0394859 -89.5656
2.15713 92.0981 -92.0258 180 90
1.34725 90.6347 89.529 0.038096 -89.5628
2.16995 92.1076 -92.0323 180 90
1.35605 90.6394 89.5249 0.0433883 -89.5695
2.17847 92.1149 -92.0343 180 90
1.36397 90.6362 89.5223 0.0462942 -89.5654
2.17882 92.1191 -92.0433 180 90
1.36698 90.6392 89.5251 0.052576 -89.5658
2.05078 92.1408 -91.632 180 90
1.49004 90.6808 90.0127 0.298352 -89.5987
1.86754 92.125 -91.4981 180 90
1.77499 90.7835 89.7949 0.229225 -89.723
1.895 91.9886 -92.6213 180 90
1.7603 90.6851 88.187 -0.430577 -89.7744
1.71194 92.0348 -92.1041 180 90
1.96386 90.7404 88.9947 0.000559131 -89.8947
1.5316 92.0407 -90.4956 180 90
1.50337 90.3683 91.5376 0.885823 -89.8006
1.95491 92.027 -91.2124 180 90
1.46974 90.6488 90.303 0.323361 -89.5521
1.96852 91.9716 -92.6148 180 90
1.75236 90.7245 88.1101 -0.48676 -89.7921
1.34281 91.8916 -91.446 180 90
1.89496 90.4952 89.5724 0.163007 -90.0269
1.77848 92.0426 -90.9839 180 90
1.52965 90.5797 90.8297 0.712586 -89.6022
1.82334 92.0335 -91.5732 180 90
1.86536 90.8061 89.6466 0.0544438 -89.6403
1.40982 91.9768 -91.2673 180 90
1.87417 90.3469 90.3596 0.45191 -90.0571
1.33998 91.9135 -89.9824 180 90
1.24175 90.0238 92.5122 0.998823 -89.7665
1.72591 91.9767 -91.3165 180 90
1.81118 90.683 90.426 0.113751 -89.7183
0.948448 91.6832 -90.9901 180 90
1.89573 90.2117 90.3399 0.324583 -90.1241
1.13697 91.8047 -90.1208 180 90
1.43815 90.0805 91.8118 1.16661 -89.8069
1.88563 91.9846 -91.0257 180 90
1.48965 90.5073 90.8273 0.476146 -89.5017
2.02875 91.9771 -91.6001 180 90
1.94532 90.7277 89.4996 0.0998623 -89.5626
1.50259 91.8646 -90.2786 180 90
1.53157 90.4053 90.968 0.934406 -89.5877
2.04609 91.979 -91.0948 180 90
1.55083 90.6623 89.9856 0.547372 -89.4509
1.86449 91.8995 -90.1739 180 90
1.02807 90.1027 91.6881 0.81691 -89.46
1.16223 91.6802 -88.9016 180 90
0.444259 89.1648 93.7844 1.41189 -89.6658
1.83695 91.9167 -90.561 180 90
1.53315 90.4955 90.9211 0.702877 -89.5207
2.12689 91.9585 -90.9578 180 90
1.40751 90.5159 90.6215 0.500916 -89.3349
2.14902 91.974 -90.8911 180 90
1.37893 90.5131 90.6837 0.582319 -89.2112
1.71842 91.8916 -89.7923 180 90
1.24447 90.1116 92.2853 1.04026 -89.3935
1.42203 91.8183 -89.7378 180 90
1.33586 90.0167 92.1626 1.23552 -89.4894
2.04267 91.9662 -91.0568 180 90
1.6689 90.6395 90.3399 0.546443 -89.2758
2.39237 92.0283 -91.6126 180 90
1.49955 90.6648 89.6282 0.127337 -89.1195
2.39465 92.0113 -91.7639 180 90
1.45304 90.6828 89.4658 0.0927289 -89.1309
2.35473 91.9845 -91.8089 180 90
1.4445 90.7313 89.4732 0.0790793 -89.1586
2.29298 91.9406 -91.8005 180 90
1.40713 90.7741 89.4523 0.073647 -89.1648
2.25461 91.9204 -91.7971 180 90
1.36677 90.8201 89.4097 0.0752852 -89.153
2.19792 91.884 -91.7705 180 90
1.34142 90.831 89.3974 0.0781271 -89.1542
2.16453 91.8718 -91.771 180 90
1.33989 90.8542 89.3705 0.0820017 -89.1649
2.11358 91.8361 -91.7476 180 90
1.34471 90.8703 89.359 0.0818203 -89.1853
2.06924 91.821 -91.7501 180 90
1.29628 90.8654 89.3575 0.091511 -89.1907
2.0386 91.8114 -91.7547 180 90
1.28533 90.8771 89.3429 0.0920564 -89.1962
1.99965 91.791 -91.7425 180 90
1.27312 90.8813 89.3381 0.0917164 -89.2183
1.96355 91.7726 -91.7349 180 90
1.26608 90.9044 89.3168 0.0921886 -89.2184
1.9261 91.7551 -91.7235 180 90
1.26667 90.9157 89.3023 0.0929624 -89.2267
1.88632 91.7324 -91.7023 180 90
1.25384 90.9147 89.2986 0.0940099 -89.2355
1.86042 91.7211 -91.7018 180 90
1.24843 90.9254 89.286 0.0977579 -89.243
1.83853 91.7125 -91.7019 180 90
1.23823 90.9102 89.2984 0.100776 -89.2448
1.8124 91.7044 -91.6963 180 90
1.24129 90.9062 89.2991 0.0990976 -89.2571
1.79258 91.7016 -91.6987 180 90
1.24812 90.9099 89.296 0.0981039 -89.2609
1.77719 91.7049 -91.7074 180 90
1.26334 90.9172 89.2955 0.0948178 -89.2726
1.76939 91.7152 -91.7226 180 90
1.26044 90.9161 89.2977 0.0912688 -89.286
1.75453 91.714 -91.7183 180 90
1.25082 90.9129 89.2973 0.0959071 -89.289
1.75065 91.7115 -91.703 180 90
1.24839 90.9004 89.3091 0.0949486 -89.2941
1.73117 91.712 -91.6973 180 90
1.252 90.8875 89.3199 0.0938184 -89.3114
1.72071 91.7068 -91.6852 180 90
1.2455 90.8894 89.3206 0.090527 -89.3133
1.71019 91.7052 -91.6753 180 90
1.24699 90.8979 89.3179 0.0904283 -89.3106
1.69185 91.6979 -91.6643 180 90
1.24971 90.9078 89.3087 0.0952042 -89.3141
1.68214 91.6941 -91.6523 180 90
1.25106 90.9104 89.306 0.0940709 -89.3103
1.67833 91.7019 -91.6557 180 90
1.2535 90.9116 89.3078 0.0951238 -89.3205
1.66809 91.7006 -91.652 180 90
1.26254 90.9129 89.3064 0.096135 -89.3378
1.66547 91.7047 -91.6494 180 90
1.26012 90.9191 89.2979 0.0986814 -89.3331
1.66118 91.7087 -91.6528 180 90
1.26045 90.9162 89.3002 0.0972544 -89.3409
1.65471 91.7131 -91.6571 180 90
1.26115 90.9201 89.297 0.0970717 -89.346
1.64751 91.7138 -91.651 180 90
1.26633 90.9196 89.2978 0.0994041 -89.3549
1.62703 91.6979 -91.635 180 90
1.27027 90.9222 89.297 0.0956436 -89.3607
1.61773 91.6979 -91.6339 180 90
1.27658 90.9195 89.2995 0.0962948 -89.3671
1.61163 91.6906 -91.6251 180 90
1.27921 90.914 89.306 0.0976636 -89.3671
1.59877 91.6846 -91.6226 180 90
1.28296 90.9159 89.3043 0.100113 -89.3709
1.59049 91.6848 -91.6227 180 90
1.28118 90.923 89.2934 0.099721 -89.3671
1.58004 91.6841 -91.6208 180 90
1.27583 90.9188 89.2998 0.100279 -89.3665
1.57365 91.6807 -91.6212 180 90
1.28753 90.9184 89.2971 0.102702 -89.3781
1.55013 91.6689 -91.614 180 90
1.28881 90.9236 89.2938 0.103094 -89.3756
1.54434 91.669 -91.6153 180 90
1.29485 90.9349 89.2815 0.100674 -89.38
1.53008 91.6603 -91.6093 180 90
1.29605 90.9322 89.2874 0.0999198 -89.3871
1.52743 91.6608 -91.6077 180 90
1.29792 90.9302 89.287 0.101208 -89.3865
1.52188 91.6601 -91.6064 180 90
1.30773 90.9381 89.2756 0.10456 -89.3936
1.51716 91.6639 -91.6053 180 90
1.31905 90.9429 89.271 0.105662 -89.4053
1.51685 91.6705 -91.6055 180 90
1.33577 90.9443 89.2731 0.105536 -89.4321
1.51566 91.6785 -91.6084 180 90
1.34696 90.9484 89.271 0.105322 -89.4379
1.51299 91.6726 -91.5981 180 90
1.35439 90.9558 89.2648 0.104595 -89.4379
1.50989 91.6739 -91.5949 180 90
1.3684 90.9596 89.2555 0.108732 -89.4386
1.51163 91.6812 -91.5996 180 90
1.37917 90.9625 89.2627 0.0995543 -89.4416
1.51108 91.6853 -91.5963 180 90
1.39053 90.9672 89.2582 0.0978487 -89.4468
1.51185 91.6853 -91.5949 180 90
1.39729 90.9663 89.2597 0.0974498 -89.45
1.51264 91.6802 -91.5816 180 90
1.41045 90.9711 89.2562 0.100661 -89.4545
1.50838 91.6812 -91.584 180 90
1.42246 90.973 89.2501 0.102398 -89.4591
1.50715 91.689 -91.583 180 90
1.43243 90.9772 89.2454 0.106284 -89.4623
1.50651 91.6885 -91.5767 180 90
1.43975 90.9774 89.2421 0.107823 -89.4706
1.50596 91.6886 -91.576 180 90
1.44914 90.9796 89.2382 0.109013 -89.4772
1.50464 91.688 -91.5704 180 90
1.4552 90.9806 89.2405 0.108986 -89.4772
1.50355 91.6921 -91.5747 180 90
1.45933 90.9835 89.2355 0.108994 -89.4772
1.50547 91.6913 -91.5721 180 90
1.46431 90.9864 89.2334 0.10626 -89.4729
1.50754 91.6902 -91.5673 180 90
1.47306 90.99 89.2253 0.10661 -89.4775
1.51611 91.6955 -91.5731 180 90
1.48173 90.9884 89.2279 0.105288 -89.4788
1.51952 91.6982 -91.575 180 90
1.49378 90.9947 89.2204 0.105545 -89.4891
1.51977 91.705 -91.5873 180 90
1.49844 90.9924 89.219 0.104838 -89.489
1.52639 91.7088 -91.5901 180 90
1.50461 90.9971 89.2157 0.104286 -89.4848
1.52055 91.7042 -91.5909 180 90
1.50592 90.9952 89.2175 0.103632 -89.4861
1.52648 91.7049 -91.5918 180 90
1.51001 90.998 89.2159 0.0987621 -89.4861
1.52686 91.7082 -91.5926 180 90
1.52057 91.0039 89.2093 0.100901 -89.4874
1.53282 91.705 -91.5837 180 90
1.5302 91.009 89.2051 0.102752 -89.4849
1.5302 91.7037 -91.5845 180 90
1.53831 91.0144 89.2015 0.0992149 -89.487
1.52914 91.7006 -91.5832 180 90
1.54493 91.0185 89.1964 0.0987667 -89.4896
1.53292 91.7013 -91.5799 180 90
1.5437 91.0115 89.2 0.101746 -89.4839
1.53822 91.707 -91.5795 180 90
1.55635 91.0126 89.2032 0.10094 -89.491
1.54048 91.7091 -91.5783 180 90
1.56575 91.0182 89.1987 0.0999121 -89.4871
1.55085 91.7139 -91.5749 180 90
1.57177 91.0191 89.1933 0.101482 -89.4898
1.55047 91.7087 -91.5706 180 90
1.56773 91.0111 89.2 0.0987639 -89.4911
1.55243 91.7127 -91.5654 180 90
1.57642 91.014 89.1962 0.104381 -89.4911
1.55799 91.7169 -91.5687 180 90
1.58362 91.018 89.1917 0.105834 -89.4904
1.5606 91.7176 -91.558 180 90
1.59766 91.0236 89.1863 0.106482 -89.4905
1.55795 91.7162 -91.5472 180 90
1.60626 91.024 89.1882 0.108026 -89.491
1.5626 91.7202 -91.5462 180 90
1.6076 91.0221 89.19 0.109137 -89.4878
1.57065 91.7191 -91.54 180 90
1.60894 91.0204 89.1917 0.1056 -89.4878
1.5769 91.7239 -91.5417 180 90
1.61608 91.021 89.1904 0.104127 -89.4893
1.58474 91.7273 -91.5434 180 90
1.61994 91.0232 89.1877 0.103977 -89.491
1.58848 91.7314 -91.5431 180 90
1.62502 91.0284 89.1824 0.101517 -89.4962
1.59755 91.7385 -91.5489 180 90
1.63229 91.0311 89.1777 0.100331 -89.5001
1.60517 91.7431 -91.5514 180 90
1.63865 91.0312 89.1753 0.10226 -89.5016
1.60506 91.7421 -91.5452 180 90
1.65084 91.04 89.1629 0.104679 -89.5068
1.60799 91.7402 -91.5387 180 90
1.65792 91.0438 89.1605 0.106525 -89.5119
1.61227 91.7442 -91.5387 180 90
1.66123 91.0465 89.1598 0.109642 -89.5074
1.61441 91.7447 -91.5344 180 90
1.66772 91.0447 89.1595 0.107478 -89.5075
1.61289 91.7436 -91.5356 180 90
1.67379 91.0487 89.1588 0.107428 -89.5082
1.61416 91.7357 -91.5198 180 90
1.68237 91.0488 89.1575 0.106722 -89.5096
1.61745 91.7325 -91.518 180 90
1.68772 91.056 89.1509 0.110929 -89.5096
1.62425 91.7354 -91.5165 180 90
1.69174 91.0503 89.1578 0.10923 -89.5085
1.62702 91.7355 -91.5136 180 90
1.69958 91.0535 89.1524 0.110939 -89.5054
1.62179 91.7238 -91.5051 180 90
1.70619 91.0574 89.1496 0.112167 -89.5055
1.62562 91.7288 -91.5129 180 90
1.71755 91.0571 89.1494 0.111069 -89.5094
1.62447 91.7263 -91.5159 180 90
1.72284 91.0559 89.1488 0.111198 -89.5057
1.62877 91.7297 -91.5161 180 90
1.72482 91.0545 89.1507 0.107044 -89.5078
1.63411 91.735 -91.5239 180 90
1.73087 91.0562 89.1494 0.111698 -89.5051
1.63813 91.7324 -91.5199 180 90
1.73291 91.0539 89.1539 0.113112 -89.5051
1.64226 91.7357 -91.521 180 90
1.74094 91.0579 89.1507 0.113788 -89.5065
1.64578 91.7379 -91.5267 180 90
1.74611 91.0575 89.1501 0.109076 -89.5105
1.6459 91.7334 -91.5226 180 90
1.74776 91.0608 89.1514 0.10802 -89.5004
1.6422 91.7354 -91.5258 180 90
1.75567 91.0623 89.1529 0.105692 -89.4978
1.64548 91.7367 -91.5297 180 90
1.76104 91.0659 89.1476 0.10445 -89.4997
1.63938 91.726 -91.5228 180 90
1.76261 91.0661 89.1455 0.104274 -89.4991
1.64173 91.7196 -91.5134 180 90
1.77148 91.0666 89.145 0.10704 -89.4958
1.64067 91.7237 -91.5258 180 90
1.7715 91.0646 89.1463 0.104494 -89.4991
1.64551 91.7237 -91.5302 180 90
1.77151 91.0589 89.1514 0.102484 -89.4934
1.65002 91.7257 -91.5282 180 90
1.78139 91.0579 89.1503 0.10327 -89.4955
1.65161 91.7299 -91.5371 180 90
1.78955 91.061 89.1498 0.101201 -89.4955
1.65169 91.7251 -91.5331 180 90
1.79761 91.062 89.1458 0.1058 -89.4923
1.65385 91.7292 -91.5364 180 90
1.80808 91.0603 89.15 0.102544 -89.4963
1.66005 91.7285 -91.5322 180 90
1.81067 91.0539 89.1569 0.102343 -89.4951
1.66063 91.7287 -91.5347 180 90
1.81866 91.0548 89.1521 0.102548 -89.4977
1.661 91.7255 -91.5302 180 90
1.82017 91.0568 89.151 0.106162 -89.4933
1.67078 91.7309 -91.5295 180 90
1.82949 91.0579 89.1558 0.103493 -89.4954
1.6725 91.7288 -91.5314 180 90
1.82639 91.0586 89.157 0.0973828 -89.4917
1.67956 91.7264 -91.5258 180 90
1.83251 91.0627 89.1506 0.0956807 -89.4899
1.69386 91.7336 -91.5259 180 90
1.83652 91.0634 89.1505 0.0974229 -89.4882
1.6999 91.7336 -91.526 180 90
1.84649 91.0715 89.1384 0.101647 -89.4874
1.70389 91.7343 -91.5303 180 90
1.85263 91.071 89.1424 0.0979881 -89.4876
1.70833 91.7343 -91.5309 180 90
1.86204 91.0733 89.1419 0.0981351 -89.4909
1.7096 91.7284 -91.5244 180 90
1.86676 91.0767 89.1376 0.101236 -89.4878
1.71863 91.733 -91.5296 180 90
1.87284 91.0763 89.1364 0.0993874 -89.4854
1.72094 91.7283 -91.5212 180 90
1.8789 91.0805 89.1334 0.096153 -89.4823
1.72707 91.731 -91.5241 180 90
1.88875 91.0832 89.1333 0.0980777 -89.4881
1.73188 91.7323 -91.5282 180 90
1.89527 91.0839 89.1335 0.0989885 -89.4907
1.73751 91.7376 -91.5384 180 90
1.90272 91.0889 89.1241 0.100785 -89.4883
1.74042 91.7408 -91.5395 180 90
1.91332 91.0872 89.1267 0.0962863 -89.4942
1.74362 91.743 -91.5497 180 90
1.92414 91.0863 89.1287 0.0943997 -89.4989
1.74625 91.7394 -91.5491 180 90
1.92431 91.0934 89.1224 0.0971551 -89.4919
1.75288 91.7409 -91.5508 180 90
1.92623 91.0896 89.1226 0.0975836 -89.495
1.75734 91.7397 -91.5485 180 90
1.93893 91.0907 89.1153 0.0974076 -89.5009
1.76087 91.7417 -91.5541 180 90
1.94172 91.0935 89.1162 0.0942475 -89.4971
1.76687 91.744 -91.5616 180 90
1.94556 91.0899 89.1146 0.101521 -89.4982
1.76375 91.7403 -91.5626 180 90
1.94823 91.0893 89.1163 0.100532 -89.4964
1.76442 91.7347 -91.5609 180 90
1.95272 91.0887 89.1157 0.101387 -89.4906
1.77012 91.7362 -91.5685 180 90
1.9555 91.0891 89.1127 0.101643 -89.4862
1.77487 91.7363 -91.5694 180 90
1.95884 91.0858 89.1178 0.0968508 -89.4889
1.77784 91.7382 -91.5691 180 90
1.97209 91.0926 89.1136 0.100619 -89.4921
1.77982 91.7343 -91.5624 180 90
1.97797 91.0957 89.1108 0.0983799 -89.4979
1.78439 91.7318 -91.5578 180 90
1.97874 91.0959 89.1094 0.100417 -89.4895
1.78993 91.734 -91.5657 180 90
1.98146 91.1051 89.1037 0.100072 -89.4856
1.79643 91.7368 -91.5661 180 90
1.9855 91.1026 89.1103 0.0964727 -89.4857
1.80026 91.7346 -91.5615 180 90
1.9881 91.1019 89.1106 0.0966142 -89.487
1.80951 91.7435 -91.5627 180 90
1.99516 91.1027 89.1057 0.0993353 -89.4857
1.81418 91.7435 -91.5584 180 90
2.00592 91.1101 89.098 0.0964862 -89.4858
1.82055 91.739 -91.5538 180 90
2.00789 91.1121 89.0958 0.0963926 -89.4852
1.82372 91.7392 -91.5547 180 90
2.01065 91.1149 89.0966 0.0932105 -89.4821
1.82391 91.7386 -91.5496 180 90
2.01203 91.1163 89.0883 0.0961022 -89.4763
1.82374 91.7323 -91.5401 180 90
2.01477 91.119 89.0911 0.09537 -89.4749
1.81735 91.7224 -91.5333 180 90
2.02199 91.1187 89.0916 0.0947071 -89.4749
1.82534 91.7231 -91.5327 180 90
2.02205 91.1174 89.0868 0.0984402 -89.4697
1.82989 91.7251 -91.5306 180 90
2.02203 91.12 89.0841 0.10027 -89.4665
1.82863 91.716 -91.5255 180 90
2.02344 91.1182 89.0854 0.101702 -89.4665
1.82941 91.7203 -91.5321 180 90
2.0248 91.1182 89.0852 0.100008 -89.4632
1.83187 91.7205 -91.5319 180 90
2.02507 91.121 89.0863 0.0970944 -89.4563
1.83479 91.7218 -91.533 180 90
2.03508 91.1298 89.0743 0.0970229 -89.4563
1.83438 91.7167 -91.534 180 90
2.03754 91.1296 89.0768 0.0975736 -89.4551
1.83959 91.7114 -91.5283 180 90
2.04523 91.1296 89.0782 0.0973263 -89.4603
1.84526 91.7122 -91.5303 180 90
2.04833 91.1238 89.0854 0.101225 -89.4634
1.84605 91.707 -91.5314 180 90
2.04902 91.1226 89.0874 0.0980078 -89.4603
1.84796 91.705 -91.5305 180 90
2.0497 91.1252 89.0855 0.103564 -89.4519
1.85716 91.709 -91.5318 180 90
2.0604 91.13 89.0873 0.102095 -89.459
1.86115 91.7094 -91.5319 180 90
2.06108 91.1256 89.0882 0.103999 -89.4564
1.86299 91.7115 -91.5336 180 90
2.06576 91.1251 89.0893 0.101095 -89.4573
1.86558 91.7101 -91.5274 180 90
2.06849 91.1259 89.0836 0.0988462 -89.4574
1.87345 91.713 -91.5275 180 90
2.07397 91.121 89.0899 0.097875 -89.4556
1.88058 91.7161 -91.5254 180 90
2.07008 91.1143 89.0948 0.0955952 -89.4494
1.882 91.7136 -91.5276 180 90
2.07385 91.1162 89.0889 0.0976178 -89.448
1.88105 91.7097 -91.5256 180 90
2.0758 91.1187 89.0869 0.0989373 -89.4481
1.88582 91.7058 -91.5238 180 90
2.0817 91.1216 89.0865 0.102011 -89.4493
1.88563 91.6991 -91.5129 180 90
2.09015 91.1224 89.0822 0.0998589 -89.4564
1.8971 91.7064 -91.517 180 90
2.09895 91.1274 89.077 0.102889 -89.4584
1.90376 91.7053 -91.5145 180 90
2.09995 91.1303 89.0754 0.101489 -89.4528
1.91194 91.7085 -91.5192 180 90
2.10504 91.1316 89.0783 0.100112 -89.4598
1.91095 91.7059 -91.5189 180 90
2.10768 91.1369 89.0695 0.100137 -89.4604
1.91255 91.7045 -91.516 180 90
2.10895 91.1355 89.0721 0.0997446 -89.465
1.91265 91.6985 -91.5194 180 90
2.11003 91.1321 89.0745 0.103877 -89.463
1.91595 91.7038 -91.5271 180 90
2.11149 91.1385 89.068 0.10361 -89.4611
1.91262 91.6996 -91.5245 180 90
2.11231 91.1323 89.0741 0.0992129 -89.4549
1.91598 91.699 -91.5283 180 90
2.1093 91.1318 89.079 0.0981757 -89.4474
1.91495 91.6984 -91.5338 180 90
2.11199 91.128 89.0813 0.0978773 -89.4526
1.92066 91.6996 -91.5357 180 90
2.11538 91.1261 89.0818 0.0976727 -89.4521
1.92038 91.6949 -91.5343 180 90
2.11733 91.1294 89.0763 0.0988349 -89.4509
1.92555 91.6949 -91.5413 180 90
2.1155 91.135 89.0724 0.0978277 -89.4491
1.92944 91.6964 -91.5452 180 90
2.1189 91.1358 89.0689 0.0941328 -89.4493
1.93087 91.6959 -91.5475 180 90
2.12458 91.1413 89.0657 0.091062 -89.4489
1.93126 91.6959 -91.5473 180 90
2.1293 91.1427 89.0587 0.0930377 -89.4497
1.93646 91.6986 -91.5546 180 90
2.13325 91.1448 89.0554 0.0920724 -89.4485
1.93339 91.6935 -91.5491 180 90
2.12914 91.1361 89.0684 0.0877246 -89.4479
1.93387 91.6883 -91.5478 180 90
2.12844 91.1329 89.0681 0.0931018 -89.4453
1.9361 91.6856 -91.5494 180 90
2.13042 91.134 89.0689 0.0928297 -89.4442
1.93009 91.6797 -91.5464 180 90
2.12442 91.1311 89.0714 0.0937886 -89.441
1.933 91.6743 -91.5344 180 90
2.12971 91.1306 89.0708 0.0930412 -89.4431
1.93001 91.6699 -91.5339 180 90
2.12573 91.1292 89.0711 0.0957165 -89.4404
1.93048 91.6658 -91.5273 180 90
2.12384 91.126 89.0746 0.0931565 -89.4374
1.93198 91.6638 -91.5295 180 90
2.13243 91.1326 89.0674 0.0934416 -89.4413
1.93667 91.6669 -91.5344 180 90
2.13248 91.1385 89.0651 0.0949131 -89.4342
1.93869 91.6682 -91.5386 180 90
2.13514 91.141 89.0659 0.0881125 -89.4312
1.94297 91.6729 -91.5459 180 90
2.13785 91.1423 89.068 0.0843731 -89.43
1.94689 91.6729 -91.544 180 90
2.13853 91.1423 89.068 0.0856608 -89.4287
1.94693 91.6703 -91.542 180 90
2.13944 91.1489 89.0639 0.0830351 -89.425
1.95369 91.6711 -91.5442 180 90
2.14617 91.1543 89.0582 0.0864132 -89.423
1.9582 91.6717 -91.5429 180 90
2.14626 91.1557 89.0584 0.082421 -89.4193
1.95238 91.6605 -91.5349 180 90
2.15231 91.1584 89.0583 0.0793521 -89.4258
1.95341 91.6608 -91.5353 180 90
2.16225 91.165 89.052 0.0760922 -89.4299
1.95871 91.6621 -91.5302 180 90
2.1664 91.1716 89.0426 0.0774714 -89.4229
1.95736 91.6562 -91.5265 180 90
2.17623 91.1781 89.038 0.0724872 -89.43
1.9611 91.6568 -91.5313 180 90
2.17826 91.1808 89.0388 0.0776326 -89.4318
1.96712 91.6582 -91.538 180 90
2.18152 91.1854 89.0305 0.0799556 -89.4337
1.97372 91.6529 -91.5388 180 90
2.18478 91.186 89.0324 0.077832 -89.4352
1.97899 91.6537 -91.5391 180 90
2.18179 91.1849 89.0311 0.0805448 -89.4402
1.9808 91.6529 -91.5364 180 90
2.17947 91.1891 89.027 0.0800608 -89.4344
1.981 91.6563 -91.549 180 90
2.18219 91.1872 89.0349 0.0769236 -89.4339
1.98622 91.653 -91.5453 180 90
2.18224 91.186 89.035 0.0770758 -89.4366
1.98423 91.6504 -91.5397 180 90
2.18256 91.1915 89.0329 0.0745035 -89.4329
1.98886 91.6504 -91.5362 180 90
2.18332 91.1922 89.0282 0.0777994 -89.4303
1.99325 91.6482 -91.5287 180 90
2.18602 91.191 89.0314 0.0767102 -89.4286
1.99142 91.6423 -91.5219 180 90
2.18609 91.1885 89.0318 0.0800036 -89.4266
1.99005 91.6421 -91.5254 180 90
2.18701 91.1899 89.0341 0.0724323 -89.4236
1.99358 91.6429 -91.5254 180 90
2.18753 91.1898 89.031 0.0736822 -89.4229
1.99598 91.6375 -91.5197 180 90
2.18433 91.186 89.033 0.0766473 -89.4178
1.9932 91.6314 -91.5137 180 90
2.19359 91.1889 89.0309 0.0710941 -89.4199
1.98708 91.623 -91.5043 180 90
2.18788 91.1882 89.0323 0.0693832 -89.411
1.97818 91.6157 -91.4978 180 90
2.19057 91.1862 89.0341 0.0694764 -89.4136
1.97944 91.615 -91.4972 180 90
2.192 91.1896 89.028 0.0695093 -89.4136
1.98432 91.6145 -91.4973 180 90
2.19401 91.1943 89.0253 0.0688103 -89.4137
1.98675 91.6145 -91.4932 180 90
2.19074 91.1917 89.0269 0.0693589 -89.4124
1.98462 91.6059 -91.4855 180 90
2.18682 91.1929 89.0239 0.0727629 -89.4103
1.98106 91.598 -91.4755 180 90
2.1849 91.1969 89.014 0.073588 -89.4039
1.98437 91.5969 -91.4714 180 90
2.18529 91.1941 89.0099 0.0774457 -89.407
1.9912 91.6002 -91.4709 180 90
2.19103 91.1936 89.0114 0.0758561 -89.41
1.98854 91.5923 -91.4625 180 90
2.19702 91.1897 89.0156 0.0725589 -89.42
1.98136 91.581 -91.4471 180 90
2.20475 91.1952 89.0134 0.0652679 -89.421
1.98793 91.5804 -91.4447 180 90
2.20221 91.1965 89.0124 0.0659963 -89.4154
1.98942 91.5805 -91.4417 180 90
2.20398 91.1957 89.0162 0.0629499 -89.4135
1.98221 91.572 -91.4276 180 90
2.20799 91.2027 89.0124 0.0622586 -89.4149
1.98107 91.5694 -91.4275 180 90
2.20608 91.2032 89.0177 0.058174 -89.4183
1.98218 91.5614 -91.4105 180 90
2.20774 91.2018 89.0186 0.064309 -89.4163
1.9796 91.5555 -91.4029 180 90
2.20425 91.2004 89.0193 0.0671938 -89.4156
1.98064 91.5589 -91.4095 180 90
2.21026 91.2044 89.0234 0.0656447 -89.4157
1.97991 91.553 -91.4023 180 90
2.21946 91.2046 89.0254 0.0657173 -89.4178
1.97615 91.5531 -91.4006 180 90
2.22759 91.2125 89.0179 0.0667139 -89.4217
1.97309 91.5512 -91.4008 180 90
2.23077 91.2191 89.0088 0.0721356 -89.421
1.97993 91.5515 -91.397 180 90
2.23529 91.221 89.008 0.0724608 -89.4236
1.98069 91.5521 -91.3948 180 90
2.23685 91.224 89.0082 0.0696978 -89.4229
1.98008 91.5444 -91.3846 180 90
2.2369 91.2202 89.0168 0.0693299 -89.4204
1.983 91.5477 -91.3906 180 90
2.23825 91.2234 89.0149 0.0687117 -89.4217
1.98429 91.5423 -91.3855 180 90
2.22964 91.22 89.0203 0.07085 -89.4153
1.99103 91.5423 -91.3862 180 90
2.2304 91.2232 89.0192 0.0655571 -89.4199
1.99078 91.5391 -91.3818 180 90
2.23163 91.227 89.0152 0.065556 -89.42
1.98891 91.5324 -91.3741 180 90
2.23187 91.2258 89.0181 0.0604687 -89.4201
1.99507 91.5326 -91.3698 180 90
2.23188 91.2265 89.0168 0.0629072 -89.4163
1.99563 91.5328 -91.368 180 90
2.23587 91.2299 89.0124 0.0635279 -89.4157
1.9994 91.5261 -91.3626 180 90
2.24121 91.234 89.0116 0.0665916 -89.4112
2.00055 91.5277 -91.3649 180 90
2.23927 91.2327 89.0101 0.065939 -89.4062
2.00684 91.5263 -91.365 180 90
2.24132 91.2335 89.0087 0.0693451 -89.4022
2.00709 91.5283 -91.3718 180 90
2.24518 91.2335 89.0056 0.0735669 -89.4015
2.01754 91.537 -91.3823 180 90
2.24768 91.2322 88.993 0.0722617 -89.3928
2.01123 91.5329 -91.3756 180 90
2.25309 91.2366 88.9833 0.0759544 -89.4005
2.0147 91.5309 -91.3795 180 90
2.24996 91.2303 88.9915 0.0739565 -89.394
2.01598 91.5346 -91.3894 180 90
2.25299 91.2346 88.982 0.0760607 -89.3863
2.01798 91.5293 -91.3885 180 90
2.25628 91.2309 88.9877 0.0763118 -89.3818
2.01845 91.5293 -91.3898 180 90
2.2575 91.2334 88.9863 0.0774317 -89.3806
2.01537 91.5232 -91.3899 180 90
2.25547 91.2277 88.992 0.0791208 -89.3804
2.02216 91.5229 -91.3865 180 90
2.25819 91.2323 88.9858 0.0764318 -89.381
2.03156 91.5261 -91.38 180 90
2.24966 91.2233 88.9928 0.0787417 -89.3752
2.03033 91.5189 -91.3727 180 90
2.24958 91.2233 88.9934 0.0787636 -89.3751
2.03451 91.5129 -91.3885 180 90
2.24314 91.2137 88.9433 0.0555886 -89.3763
1.92906 91.5288 -90.9714 180 90
2.34505 91.2449 89.2525 0.36596 -89.3452
1.91087 91.5163 -91.1954 180 90
2.42674 91.3284 88.8062 0.186854 -89.422
2.06793 91.4974 -91.5153 180 90
2.33429 91.2798 88.3626 -0.029852 -89.3903
2.07909 91.4892 -91.5067 180 90
2.34906 91.277 88.3897 -0.0264365 -89.3855
2.0914 91.4842 -91.5045 180 90
2.37065 91.2923 88.3966 -0.0238644 -89.3907
2.10052 91.472 -91.5008 180 90
2.38617 91.3003 88.406 -0.0230032 -89.3921
2.10763 91.4618 -91.4974 180 90
2.40034 91.3034 88.4197 -0.022292 -89.3941
2.12188 91.4568 -91.4941 180 90
2.41583 91.3116 88.4235 -0.0242108 -89.3956
2.13153 91.4504 -91.4946 180 90
2.43379 91.3236 88.422 -0.0215891 -89.3988
2.13612 91.4414 -91.4882 180 90
2.45506 91.3344 88.4214 -0.0228399 -89.4065
2.13202 91.4225 -91.5102 180 90
2.4797 91.3488 88.4257 -0.040392 -89.4336
2.16031 91.4213 -91.483 180 90
2.47925 91.3211 88.4736 -0.0265629 -89.4169
2.18214 91.4168 -91.4919 180 90
2.49176 91.3376 88.49 -0.0296297 -89.4131
2.19653 91.4149 -91.4941 180 90
2.51016 91.3496 88.4865 -0.031055 -89.419
2.16539 91.3308 -91.4859 180 90
2.5469 91.3438 88.5358 -0.0702089 -89.517
2.24182 91.3353 -92.2223 180 90
2.49964 91.2479 87.9077 -0.407958 -89.5082
2.23619 91.3868 -91.5879 180 90
2.57871 91.3416 88.6769 -0.195212 -89.4578
2.24458 91.388 -91.5736 180 90
2.60015 91.3714 88.6286 -0.176199 -89.4521
2.25551 91.3805 -91.5492 180 90
2.61645 91.3798 88.6251 -0.159067 -89.4564
2.26701 91.3745 -91.5417 180 90
2.63659 91.3938 88.6168 -0.138638 -89.4677
2.27008 91.3518 -91.6137 180 90
2.64894 91.3726 88.8023 -0.17165 -89.4893
2.28032 91.3383 -91.5978 180 90
2.66901 91.3893 88.7806 -0.156123 -89.4907
2.27293 91.3343 -91.6793 180 90
2.68833 91.3758 88.8986 -0.170687 -89.5762
2.38495 91.3226 -91.823 180 90
2.69887 91.3603 89.171 -0.200176 -89.5635
2.33003 91.3203 -91.821 180 90
2.71953 91.385 89.1326 -0.180528 -89.5299
2.35549 91.3015 -91.8295 180 90
2.73966 91.3814 89.1374 -0.191776 -89.5509
2.35243 91.2876 -91.8152 180 90
2.7565 91.4207 89.0805 -0.18893 -89.5565
2.3504 91.3042 -91.8883 180 90
2.79827 91.4007 89.1889 -0.175282 -89.5929
2.33415 91.2763 -91.8301 180 90
2.82979 91.3924 89.1666 -0.160804 -89.5871
2.33415 91.2763 -91.8301 180 90
2.82979 91.3924 89.1666 -0.160804 -89.5871
2.33415 91.2763 -91.8301 180 90
2.82979 91.3924 89.1666 -0.160804 -89.5871
2.33415 91.2763 -91.8301 180 90
2.82979 91.3924 89.1666 -0.160804 -89.5871
2.33415 91.2763 -91.8301 180 90
2.82979 91.3924 89.1666 -0.160804 -89.5871
2.33415 91.2763 -91.8301 180 90
2.82979 91.3924 89.1666 -0.160804 -89.5871
2.33415 91.2763 -91.8301 180 90
2.82979 91.3924 89.1666 -0.160804 -89.5871
2.33415 91.2763 -91.8301 180 90
2.82979 91.3924 89.1666 -0.160804 -89.5871
2.33415 91.2763 -91.8301 180 90
2.82979 91.3924 89.1666 -0.160804 -89.5871
2.33415 91.2763 -91.8301 180 90
2.82979 91.3924 89.1666 -0.160804 -89.5871
2.33415 91.2763 -91.8301 180 90
2.82979 91.3924 89.1666 -0.160804 -89.5871
2.33415 91.2763 -91.8301 180 90
2.82979 91.3924 89.1666 -0.160804 -89.5871
2.33415 91.2763 -91.8301 180 90
2.82979 91.3924 89.1666 -0.160804 -89.5871
2.33415 91.2763 -91.8301 180 90
2.82979 91.3924 89.1666 -0.160804 -89.5871
2.33415 91.2763 -91.8301 180 90
2.82979 91.3924 89.1666 -0.160804 -89.5871
2.33415 91.2763 -91.8301 180 90
2.82979 91.3924 89.1666 -0.160804 -89.5871
2.33415 91.2763 -91.8301 180 90
2.82979 91.3924 89.1666 -0.160804 -89.5871
2.33415 91.2763 -91.8301 180 90
2.82979 91.3924 89.1666 -0.160804 -89.5871
2.33415 91.2763 -91.8301 180 90
2.82979 91.3924 89.1666 -0.160804 -89.5871
2.33415 91.2763 -91.8301 180 90
2.82979 91.3924 89.1666 -0.160804 -89.5871
2.33415 91.2763 -91.8301 180 90
2.82979 91.3924 89.1666 -0.160804 -89.5871
2.33415 91.2763 -91.8301 180 90
2.82979 91.3924 89.1666 -0.160804 -89.5871
2.33415 91.2763 -91.8301 180 90
2.82979 91.3924 89.1666 -0.160804 -89.5871
2.33415 91.2763 -91.8301 180 90
2.82979 91.3924 89.1666 -0.160804 -89.5871
2.33415 91.2763 -91.8301 180 90
2.82979 91.3924 89.1666 -0.160804 -89.5871
2.33415 91.2763 -91.8301 180 90
2.82979 91.3924 89.1666 -0.160804 -89.5871
2.33415 91.2763 -91.8301 180 90
2.82979 91.3924 89.1666 -0.160804 -89.5871
2.33415 91.2763 -91.8301 180 90
2.82979 91.3924 89.1666 -0.160804 -89.5871
2.33415 91.2763 -91.8301 180 90
2.82979 91.3924 89.1666 -0.160804 -89.5871
2.33415 91.2763 -91.8301 180 90
2.82979 91.3924 89.1666 -0.160804 -89.5871
2.33415 91.2763 -91.8301 180 90
2.82979 91.3924 89.1666 -0.160804 -89.5871
2.33415 91.2763 -91.8301 180 90
2.82979 91.3924 89.1666 -0.160804 -89.5871
2.33415 91.2763 -91.8301 180 90
2.82979 91.3924 89.1666 -0.160804 -89.5871
2.33415 91.2763 -91.8301 180 90
2.82979 91.3924 89.1666 -0.160804 -89.5871
2.33415 91.2763 -91.8301 180 90
2.82979 91.3924 89.1666 -0.160804 -89.5871
2.33415 91.2763 -91.8301 180 90
2.82979 91.3924 89.1666 -0.160804 -89.5871
2.33415 91.2763 -91.8301 180 90
2.82979 91.3924 89.1666 -0.160804 -89.5871
2.33415 91.2763 -91.8301 180 90
2.82979 91.3924 89.1666 -0.160804 -89.5871
2.33415 91.2763 -91.8301 180 90
2.82979 91.3924 89.1666 -0.160804 -89.5871
2.33415 91.2763 -91.8301 180 90
2.82979 91.3924 89.1666 -0.160804 -89.5871
2.33415 91.2763 -91.8301 180 90
2.82979 91.3924 89.1666 -0.160804 -89.5871
2.33415 91.2763 -91.8301 180 90
2.82979 91.3924 89.1666 -0.160804 -89.5871
2.33415 91.2763 -91.8301 180 90
2.82979 91.3924 89.1666 -0.160804 -89.5871
2.33415 91.2763 -91.8301 180 90
2.82979 91.3924 89.1666 -0.160804 -89.5871
2.33415 91.2763 -91.8301 180 90
2.82979 91.3924 89.1666 -0.160804 -89.5871
2.33415 91.2763 -91.8301 180 90
2.82979 91.3924 89.1666 -0.160804 -89.5871
2.33415 91.2763 -91.8301 180 90
2.82979 91.3924 89.1666 -0.160804 -89.5871
2.33415 91.2763 -91.8301 180 90
2.82979 91.3924 89.1666 -0.160804 -89.5871
2.33415 91.2763 -91.8301 180 90
2.82979 91.3924 89.1666 -0.160804 -89.5871
2.33415 91.2763 -91.8301 180 90
2.82979 91.3924 89.1666 -0.160804 -89.5871
2.33415 91.2763 -91.8301 180 90
2.82979 91.3924 89.1666 -0.160804 -89.5871
2.33415 91.2763 -91.8301 180 90
2.82979 91.3924 89.1666 -0.160804 -89.5871
2.33415 91.2763 -91.8301 180 90
2.82979 91.3924 89.1666 -0.160804 -89.5871
2.33415 91.2763 -91.8301 180 90
2.82979 91.3924 89.1666 -0.160804 -89.5871
2.33415 91.2763 -91.8301 180 90
2.82979 91.3924 89.1666 -0.160804 -89.5871
2.33415 91.2763 -91.8301 180 90
2.82979 91.3924 89.1666 -0.160804 -89.5871
2.33415 91.2763 -91.8301 180 90
2.82979 91.3924 89.1666 -0.160804 -89.5871
2.33415 91.2763 -91.8301 180 90
2.82979 91.3924 89.1666 -0.160804 -89.5871
2.33415 91.2763 -91.8301 180 90
2.82979 91.3924 89.1666 -0.160804 -89.5871
2.33415 91.2763 -91.8301 180 90
2.82979 91.3924 89.1666 -0.160804 -89.5871
2.33415 91.2763 -91.8301 180 90
2.82979 91.3924 89.1666 -0.160804 -89.5871
2.33415 91.2763 -91.8301 180 90
2.82979 91.3924 89.1666 -0.160804 -89.5871
2.33415 91.2763 -91.8301 180 90
2.82979 91.3924 89.1666 -0.160804 -89.5871
2.33415 91.2763 -91.8301 180 90
2.82979 91.3924 89.1666 -0.160804 -89.5871
2.33415 91.2763 -91.8301 180 90
2.82979 91.3924 89.1666 -0.160804 -89.5871
2.33415 91.2763 -91.8301 180 90
2.82979 91.3924 89.1666 -0.160804 -89.5871
2.33415 91.2763 -91.8301 180 90
2.82979 91.3924 89.1666 -0.160804 -89.5871
2.33415 91.2763 -91.8301 180 90
2.82979 91.3924 89.1666 -0.160804 -89.5871
2.33415 91.2763 -91.8301 180 90
2.82979 91.3924 89.1666 -0.160804 -89.5871
2.33415 91.2763 -91.8301 180 90
2.82979 91.3924 89.1666 -0.160804 -89.5871
2.33415 91.2763 -91.8301 180 90
2.82979 91.3924 89.1666 -0.160804 -89.5871
2.33415 91.2763 -91.8301 180 90
2.82979 91.3924 89.1666 -0.160804 -89.5871
2.33415 91.2763 -91.8301 180 90
2.82979 91.3924 89.1666 -0.160804 -89.5871
2.33415 91.2763 -91.8301 180 90
2.82979 91.3924 89.1666 -0.160804 -89.5871
2.33415 91.2763 -91.8301 180 90
2.82979 91.3924 89.1666 -0.160804 -89.5871
2.33415 91.2763 -91.8301 180 90
2.82979 91.3924 89.1666 -0.160804 -89.5871
2.33415 91.2763 -91.8301 180 90
2.82979 91.3924 89.1666 -0.160804 -89.5871
2.33415 91.2763 -91.8301 180 90
2.82979 91.3924 89.1666 -0.160804 -89.5871
2.33415 91.2763 -91.8301 180 90
2.82979 91.3924 89.1666 -0.160804 -89.5871
2.33415 91.2763 -91.8301 180 90
2.82979 91.3924 89.1666 -0.160804 -89.5871
2.33415 91.2763 -91.8301 180 90
2.82979 91.3924 89.1666 -0.160804 -89.5871
2.33415 91.2763 -91.8301 180 90
2.82979 91.3924 89.1666 -0.160804 -89.5871
2.33415 91.2763 -91.8301 180 90
2.82979 91.3924 89.1666 -0.160804 -89.5871
2.33415 91.2763 -91.8301 180 90
2.82979 91.3924 89.1666 -0.160804 -89.5871
2.33415 91.2763 -91.8301 180 90
2.82979 91.3924 89.1666 -0.160804 -89.5871
2.33415 91.2763 -91.8301 180 90
2.82979 91.3924 89.1666 -0.160804 -89.5871
2.33415 91.2763 -91.8301 180 90
2.82979 91.3924 89.1666 -0.160804 -89.5871
2.33415 91.2763 -91.8301 180 90
2.82979 91.3924 89.1666 -0.160804 -89.5871
2.33415 91.2763 -91.8301 180 90
2.82979 91.3924 89.1666 -0.160804 -89.5871
2.33415 91.2763 -91.8301 180 90
2.82979 91.3924 89.1666 -0.160804 -89.5871
2.33415 91.2763 -91.8301 180 90
2.82979 91.3924 89.1666 -0.160804 -89.5871
2.33415 91.2763 -91.8301 180 90
2.82979 91.3924 89.1666 -0.160804 -89.5871
2.33415 91.2763 -91.8301 180 90
2.82979 91.3924 89.1666 -0.160804 -89.5871
2.33415 91.2763 -91.8301 180 90
2.82979 91.3924 89.1666 -0.160804 -89.5871
2.33415 91.2763 -91.8301 180 90
2.82979 91.3924 89.1666 -0.160804 -89.5871
2.33415 91.2763 -91.8301 180 90
2.82979 91.3924 89.1666 -0.160804 -89.5871
2.33415 91.2763 -91.8301 180 90
2.82979 91.3924 89.1666 -0.160804 -89.5871
2.33415 91.2763 -91.8301 180 90
2.82979 91.3924 89.1666 -0.160804 -89.5871
2.33415 91.2763 -91.8301 180 90
2.82979 91.3924 89.1666 -0.160804 -89.5871
2.33415 91.2763 -91.8301 180 90
2.82979 91.3924 89.1666 -0.160804 -89.5871
2.33415 91.2763 -91.8301 180 90
2.82979 91.3924 89.1666 -0.160804 -89.5871
2.33415 91.2763 -91.8301 180 90
2.82979 91.3924 89.1666 -0.160804 -89.5871
2.33415 91.2763 -91.8301 180 90
2.82979 91.3924 89.1666 -0.160804 -89.5871
2.33415 91.2763 -91.8301 180 90
2.82979 91.3924 89.1666 -0.160804 -89.5871
2.33415 91.2763 -91.8301 180 90
2.82979 91.3924 89.1666 -0.160804 -89.5871
2.33415 91.2763 -91.8301 180 90
2.82979 91.3924 89.1666 -0.160804 -89.5871
2.33415 91.2763 -91.8301 180 90
2.82979 91.3924 89.1666 -0.160804 -89.5871
2.33415 91.2763 -91.8301 180 90
2.82979 91.3924 89.1666 -0.160804 -89.5871
2.33415 91.2763 -91.8301 180 90
2.82979 91.3924 89.1666 -0.160804 -89.5871
2.33415 91.2763 -91.8301 180 90
2.82979 91.3924 89.1666 -0.160804 -89.5871
2.33415 91.2763 -91.8301 180 90
2.82979 91.3924 89.1666 -0.160804 -89.5871
2.33415 91.2763 -91.8301 180 90
2.82979 91.3924 89.1666 -0.160804 -89.5871
2.33415 91.2763 -91.8301 180 90
2.82979 91.3924 89.1666 -0.160804 -89.5871
2.33415 91.2763 -91.8301 180 90
2.82979 91.3924 89.1666 -0.160804 -89.5871
2.33415 91.2763 -91.8301 180 90
2.82979 91.3924 89.1666 -0.160804 -89.5871
2.33415 91.2763 -91.8301 180 90
2.82979 91.3924 89.1666 -0.160804 -89.5871
2.33415 91.2763 -91.8301 180 90
2.82979 91.3924 89.1666 -0.160804 -89.5871
2.33415 91.2763 -91.8301 180 90
2.82979 91.3924 89.1666 -0.160804 -89.5871
2.33415 91.2763 -91.8301 180 90
2.82979 91.3924 89.1666 -0.160804 -89.5871
2.33415 91.2763 -91.8301 180 90
2.82979 91.3924 89.1666 -0.160804 -89.5871
2.33415 91.2763 -91.8301 180 90
2.82979 91.3924 89.1666 -0.160804 -89.5871
2.33415 91.2763 -91.8301 180 90
2.82979 91.3924 89.1666 -0.160804 -89.5871
2.33415 91.2763 -91.8301 180 90
2.82979 91.3924 89.1666 -0.160804 -89.5871
2.33415 91.2763 -91.8301 180 90
2.82979 91.3924 89.1666 -0.160804 -89.5871
2.33415 91.2763 -91.8301 180 90
2.82979 91.3924 89.1666 -0.160804 -89.5871
2.33415 91.2763 -91.8301 180 90
2.82979 91.3924 89.1666 -0.160804 -89.5871
2.33415 91.2763 -91.8301 180 90
2.82979 91.3924 89.1666 -0.160804 -89.5871
2.33415 91.2763 -91.8301 180 90
2.82979 91.3924 89.1666 -0.160804 -89.5871
2.33415 91.2763 -91.8301 180 90
2.82979 91.3924 89.1666 -0.160804 -89.5871
2.33415 91.2763 -91.8301 180 90
2.82979 91.3924 89.1666 -0.160804 -89.5871
2.33415 91.2763 -91.8301 180 90
2.82979 91.3924 89.1666 -0.160804 -89.5871
2.33415 91.2763 -91.8301 180 90
2.82979 91.3924 89.1666 -0.160804 -89.5871
2.33415 91.2763 -91.8301 180 90
2.82979 91.3924 89.1666 -0.160804 -89.5871
2.33415 91.2763 -91.8301 180 90
2.82979 91.3924 89.1666 -0.160804 -89.5871
2.33415 91.2763 -91.8301 180 90
2.82979 91.3924 89.1666 -0.160804 -89.5871
2.33415 91.2763 -91.8301 180 90
2.82979 91.3924 89.1666 -0.160804 -89.5871
2.33415 91.2763 -91.8301 180 90
2.82979 91.3924 89.1666 -0.160804 -89.5871
2.33415 91.2763 -91.8301 180 90
2.82979 91.3924 89.1666 -0.160804 -89.5871
2.33415 91.2763 -91.8301 180 90
2.82979 91.3924 89.1666 -0.160804 -89.5871
2.33415 91.2763 -91.8301 180 90
2.82979 91.3924 89.1666 -0.160804 -89.5871
2.33415 91.2763 -91.8301 180 90
2.82979 91.3924 89.1666 -0.160804 -89.5871
2.33415 91.2763 -91.8301 180 90
2.82979 91.3924 89.1666 -0.160804 -89.5871
2.33415 91.2763 -91.8301 180 90
2.82979 91.3924 89.1666 -0.160804 -89.5871
2.33415 91.2763 -91.8301 180 90
2.82979 91.3924 89.1666 -0.160804 -89.5871
2.33415 91.2763 -91.8301 180 90
2.82979 91.3924 89.1666 -0.160804 -89.5871
2.33415 91.2763 -91.8301 180 90
2.82979 91.3924 89.1666 -0.160804 -89.5871
2.33415 91.2763 -91.8301 180 90
2.82979 91.3924 89.1666 -0.160804 -89.5871
2.33415 91.2763 -91.8301 180 90
2.82979 91.3924 89.1666 -0.160804 -89.5871
2.33415 91.2763 -91.8301 180 90
2.82979 91.3924 89.1666 -0.160804 -89.5871
2.33415 91.2763 -91.8301 180 90
2.82979 91.3924 89.1666 -0.160804 -89.5871
2.33415 91.2763 -91.8301 180 90
2.82979 91.3924 89.1666 -0.160804 -89.5871
2.33415 91.2763 -91.8301 180 90
2.82979 91.3924 89.1666 -0.160804 -89.5871
2.33415 91.2763 -91.8301 180 90
2.82979 91.3924 89.1666 -0.160804 -89.5871
2.33415 91.2763 -91.8301 180 90
2.82979 91.3924 89.1666 -0.160804 -89.5871
2.33415 91.2763 -91.8301 180 90
2.82979 91.3924 89.1666 -0.160804 -89.5871
2.33415 91.2763 -91.8301 180 90
2.82979 91.3924 89.1666 -0.160804 -89.5871
2.33415 91.2763 -91.8301 180 90
2.82979 91.3924 89.1666 -0.160804 -89.5871
2.33415 91.2763 -91.8301 180 90
2.82979 91.3924 89.1666 -0.160804 -89.5871
2.33415 91.2763 -91.8301 180 90
2.82979 91.3924 89.1666 -0.160804 -89.5871
2.33415 91.2763 -91.8301 180 90
2.82979 91.3924 89.1666 -0.160804 -89.5871
2.33415 91.2763 -91.8301 180 90
2.82979 91.3924 89.1666 -0.160804 -89.5871
2.33415 91.2763 -91.8301 180 90
2.82979 91.3924 89.1666 -0.160804 -89.5871
2.33415 91.2763 -91.8301 180 90
2.82979 91.3924 89.1666 -0.160804 -89.5871
2.33415 91.2763 -91.8301 180 90
2.82979 91.3924 89.1666 -0.160804 -89.5871
2.33415 91.2763 -91.8301 180 90
2.82979 91.3924 89.1666 -0.160804 -89.5871
2.33415 91.2763 -91.8301 180 90
2.82979 91.3924 89.1666 -0.160804 -89.5871
2.33415 91.2763 -91.8301 180 90
2.82979 91.3924 89.1666 -0.160804 -89.5871
2.33415 91.2763 -91.8301 180 90
2.82979 91.3924 89.1666 -0.160804 -89.5871
2.33415 91.2763 -91.8301 180 90
2.82979 91.3924 89.1666 -0.160804 -89.5871
2.33415 91.2763 -91.8301 180 90
2.82979 91.3924 89.1666 -0.160804 -89.5871
2.33415 91.2763 -91.8301 180 90
2.82979 91.3924 89.1666 -0.160804 -89.5871
2.33415 91.2763 -91.8301 180 90
2.82979 91.3924 89.1666 -0.160804 -89.5871
2.33415 91.2763 -91.8301 180 90
2.82979 91.3924 89.1666 -0.160804 -89.5871
2.33415 91.2763 -91.8301 180 90
2.82979 91.3924 89.1666 -0.160804 -89.5871
2.33415 91.2763 -91.8301 180 90
2.82979 91.3924 89.1666 -0.160804 -89.5871
2.33415 91.2763 -91.8301 180 90
2.82979 91.3924 89.1666 -0.160804 -89.5871
2.33415 91.2763 -91.8301 180 90
2.82979 91.3924 89.1666 -0.160804 -89.5871
2.33415 91.2763 -91.8301 180 90
2.82979 91.3924 89.1666 -0.160804 -89.5871
2.33415 91.2763 -91.8301 180 90
2.82979 91.3924 89.1666 -0.160804 -89.5871
2.33415 91.2763 -91.8301 180 90
2.82979 91.3924 89.1666 -0.160804 -89.5871
2.33415 91.2763 -91.8301 180 90
2.82979 91.3924 89.1666 -0.160804 -89.5871
2.33415 91.2763 -91.8301 180 90
2.82979 91.3924 89.1666 -0.160804 -89.5871
2.33415 91.2763 -91.8301 180 90
2.82979 91.3924 89.1666 -0.160804 -89.5871
2.33415 91.2763 -91.8301 180 90
2.82979 91.3924 89.1666 -0.160804 -89.5871
2.33415 91.2763 -91.8301 180 90
2.82979 91.3924 89.1666 -0.160804 -89.5871
2.33415 91.2763 -91.8301 180 90
2.82979 91.3924 89.1666 -0.160804 -89.5871
2.33415 91.2763 -91.8301 180 90
2.82979 91.3924 89.1666 -0.160804 -89.5871
2.33415 91.2763 -91.8301 180 90
2.82979 91.3924 89.1666 -0.160804 -89.5871
2.33415 91.2763 -91.8301 180 90
2.82979 91.3924 89.1666 -0.160804 -89.5871
2.33415 91.2763 -91.8301 180 90
2.82979 91.3924 89.1666 -0.160804 -89.5871
2.33415 91.2763 -91.8301 180 90
2.82979 91.3924 89.1666 -0.160804 -89.5871
2.33415 91.2763 -91.8301 180 90
2.82979 91.3924 89.1666 -0.160804 -89.5871
2.33415 91.2763 -91.8301 180 90
2.82979 91.3924 89.1666 -0.160804 -89.5871
2.33415 91.2763 -91.8301 180 90
2.82979 91.3924 89.1666 -0.160804 -89.5871
2.33415 91.2763 -91.8301 180 90
2.82979 91.3924 89.1666 -0.160804 -89.5871
2.33415 91.2763 -91.8301 180 90
2.82979 91.3924 89.1666 -0.160804 -89.5871
2.33415 91.2763 -91.8301 180 90
2.82979 91.3924 89.1666 -0.160804 -89.5871
2.33415 91.2763 -91.8301 180 90
2.82979 91.3924 89.1666 -0.160804 -89.5871
2.33415 91.2763 -91.8301 180 90
2.82979 91.3924 89.1666 -0.160804 -89.5871
2.33415 91.2763 -91.8301 180 90
2.82979 91.3924 89.1666 -0.160804 -89.5871
2.33415 91.2763 -91.8301 180 90
2.82979 91.3924 89.1666 -0.160804 -89.5871
2.33415 91.2763 -91.8301 180 90
2.82979 91.3924 89.1666 -0.160804 -89.5871
2.33415 91.2763 -91.8301 180 90
2.82979 91.3924 89.1666 -0.160804 -89.5871
2.33415 91.2763 -91.8301 180 90
2.82979 91.3924 89.1666 -0.160804 -89.5871
2.33415 91.2763 -91.8301 180 90
2.82979 91.3924 89.1666 -0.160804 -89.5871
2.33415 91.2763 -91.8301 180 90
2.82979 91.3924 89.1666 -0.160804 -89.5871
2.33415 91.2763 -91.8301 180 90
2.82979 91.3924 89.1666 -0.160804 -89.5871
2.33415 91.2763 -91.8301 180 90
2.82979 91.3924 89.1666 -0.160804 -89.5871
2.33415 91.2763 -91.8301 180 90
2.82979 91.3924 89.1666 -0.160804 -89.5871
