4
0.074694 90.1307 -90.1374 179.998 89.9575
0.0951963 90.1251 -90.1288 179.997 89.9436
0.104851 90.1686 -90.1722 180 89.9464
0.111341 90.1868 -90.1888 179.999 89.9491
0.125916 90.2164 -90.2125 179.995 89.9451
0.144964 90.2391 -90.2372 179.993 89.9467
0.157111 90.2579 -90.26 179.993 89.9352
0.169062 90.2699 -90.2667 179.994 89.9206
0.174245 90.2813 -90.2796 179.996 89.9228
0.173339 90.2939 -90.2896 179.991 89.9305
0.184326 90.3146 -90.3086 179.991 89.9209
0.198735 90.3261 -90.3213 179.992 89.9207
0.210292 90.3432 -90.341 179.994 89.916
0.216189 90.3644 -90.3628 179.994 89.9169
0.227274 90.3573 -90.3541 179.991 89.9054
0.242907 90.3999 -90.3943 179.991 89.8952
0.242131 90.4156 -90.4112 179.994 89.8991
0.239897 90.4269 -90.4182 179.993 89.9042
0.244069 90.4386 -90.4371 179.999 89.9088
0.237919 90.4503 -90.4703 179.998 89.9128
0.22 90.447 -91.007 179.984 89.9086
-1.36736 89.1439 -99.1995 179.701 89.9187
-7.40602 83.5831 -104.203 179.373 89.3813
-15.091 76.7014 -103.539 179.216 88.8249
-15.467 76.378 -103.361 179.191 88.806
-10.2513 81.0391 -104.279 179.198 89.1476
-8.06429 83.0242 -104.18 179.351 89.3248
-21.2451 71.2345 -100.895 179.267 88.4219
-31.3033 62.2473 -94.1398 179.43 87.8193
-37.7514 56.4226 -88.4648 179.599 87.4826
-44.0628 50.6594 -82.0643 179.804 87.2194
-49.5529 45.6458 -76.0847 181.3 87.7182
-55.1773 40.364 -69.561 180.275 86.8446
-58.7205 37.0186 -65.3355 180.057 86.5203
-60.1507 35.7295 -64.2471 179.956 86.3916
-61.2031 34.7328 -62.9516 179.918 86.3137
-63.4018 32.651 -59.9418 179.932 86.1885
-64.1237 32.0597 -60.4242 179.705 86.0047
-58.2104 37.748 -70.6701 179.258 86.0662
-58.849 37.2199 -70.5841 178.98 86.0631
-59.7602 36.257 -69.42 178.859 86.0036
-52.1148 43.6927 -79.5027 178.841 86.4013
-44.6582 50.75 -83.8011 179.275 87.1398
-43.3555 50.7321 -64.6649 180.795 88.1701
-43.8985 49.613 -53.4475 181.161 88.1598
-27.4427 65.2919 -81.8836 180.235 88.5794
-39.5364 54.5477 -77.9692 180.034 87.8322
-22.6491 69.7484 -87.4243 179.795 88.7706
-6.47804 84.7673 -99.6155 179.568 89.7758
-4.11533 86.7451 -102.579 181.031 89.7438
-1.1524 89.5656 -94.029 179.97 90.1886
-0.972738 89.652 -92.6445 180.033 90.148
-4.81257 86.3447 -101.778 179.611 89.9008
-21.6787 71.1832 -100.235 179.122 88.64
-2.43955 88.4166 -99.4077 179.698 90.067
-1.07227 89.6177 -92.5529 180.036 90.0949
-0.957616 89.7222 -90.5487 180.11 90.1033
-0.929193 89.7739 -90.1041 180.087 90.1129
-0.888676 89.8149 -89.9629 180.048 90.1021
-0.868385 89.8322 -89.9194 180.029 90.0929
-0.859621 89.8511 -89.9119 180.029 90.0971
-0.848044 89.866 -89.9101 180.021 90.0928
-0.811563 89.9022 -89.9454 180.024 90.073
-0.794303 89.9261 -89.9563 180.026 90.0753
-0.784083 89.9474 -89.9659 180.025 90.0764
-0.782235 89.9635 -89.9819 180.027 90.0798
-0.780365 89.9855 -90.0026 180.029 90.0844
-0.803301 89.9804 -89.9912 180.026 90.094
-0.788379 90.0009 -90.0074 180.025 90.0814
-0.785358 90.0084 -90.0127 180.03 90.0779
-0.780134 90.0114 -90.0145 180.03 90.0707
-0.785613 90.0154 -90.0192 180.033 90.0735
-0.783072 90.023 -90.0247 180.038 90.065
-0.777095 90.0256 -90.0308 180.04 90.0548
-0.775276 90.0229 -90.0268 180.04 90.0644
-0.777111 90.0275 -90.0292 180.036 90.0659
-0.77213 90.0309 -90.0278 180.035 90.068
-0.776951 90.0337 -90.03 180.037 90.0619
-0.785977 90.0336 -90.0315 180.039 90.062
-0.80475 90.0164 -90.0117 180.04 90.0641
-0.829693 89.9979 -89.9918 180.041 90.0679
-0.851919 89.9859 -89.9833 180.045 90.0617
-0.859199 89.9839 -89.9798 180.044 90.0587
-0.874346 89.968 -89.9613 180.043 90.0526
-0.886404 89.9619 -89.9532 180.041 90.0515
-0.897747 89.9552 -89.9467 180.042 90.0547
-0.9285 89.9353 -89.9263 180.041 90.0554
-0.955996 89.9094 -89.9012 180.042 90.0549
-0.972443 89.8977 -89.8871 180.045 90.0563
-0.990672 89.8787 -89.8675 180.04 90.0576
-1.02501 89.8456 -89.8326 180.043 90.0576
-1.04472 89.821 -89.8072 180.047 90.0515
-1.06375 89.8116 -89.7954 180.045 90.0528
-1.0956 89.7863 -89.7696 180.044 90.0603
-1.11698 89.7771 -89.7633 180.045 90.0671
-1.12981 89.7689 -89.7524 180.045 90.0603
-1.16593 89.7485 -89.7335 180.049 90.0714
-1.18823 89.7317 -89.7165 180.048 90.0721
-1.19977 89.7182 -89.6988 180.047 90.0696
-1.21689 89.701 -89.6802 180.052 90.0664
-1.23135 89.6853 -89.6616 180.05 90.0659
-1.24598 89.6621 -89.635 180.044 90.0597
-1.27967 89.6333 -89.6089 180.048 90.0628
-1.30197 89.6115 -89.5841 180.052 90.0622
-1.31162 89.5988 -89.5683 180.05 90.0542
-1.33903 89.5792 -89.5489 180.056 90.0604
-1.36278 89.5664 -89.5343 180.057 90.0629
-1.37709 89.5539 -89.5234 180.061 90.0598
-1.39258 89.5372 -89.5053 180.058 90.0567
-1.42267 89.5125 -89.4785 180.06 90.0574
-1.4511 89.4835 -89.4545 180.056 90.0598
-1.46622 89.4695 -89.441 180.058 90.0573
-1.49082 89.448 -89.4157 180.054 90.0617
-1.51531 89.4309 -89.3984 180.056 90.0659
-1.53674 89.4051 -89.375 180.059 90.0634
-1.56652 89.3796 -89.3478 180.058 90.0653
-1.60373 89.3454 -89.3122 180.053 90.0628
-1.62054 89.3273 -89.2954 180.054 90.0579
-1.64299 89.3037 -89.2745 180.059 90.0566
-1.65875 89.2891 -89.2609 180.064 90.0509
-1.67688 89.2739 -89.2425 180.059 90.0509
-1.6982 89.2588 -89.2318 180.061 90.0509
-1.72919 89.2297 -89.2034 180.062 90.0466
-1.74505 89.2168 -89.1926 180.065 90.0435
-3.70865 87.3358 -98.4478 179.473 89.7891
-15.3275 76.7062 -101.021 178.652 88.4966
-39.0295 54.5098 -75.2922 180.157 87.7598
-48.4582 45.5425 -63.3951 180.653 87.4998
-64.7876 30.2189 -41.0711 181.073 86.8854
-71.8191 23.7787 -33.3295 180.708 86.4933
-74.4351 21.2435 -28.2101 180.593 86.3515
-75.6376 20.0392 -25.9404 180.431 86.2961
-75.8017 19.7749 -26.1511 180.295 86.2711
-75.1223 19.7594 -21.3306 180.927 85.7632
-70.8095 24.3779 -9.4976 181.35 86.4533
-64.1088 30.8377 -7.20815 181.696 86.7269
-56.1207 37.8362 -19.8417 182.149 87.6505
-44.2782 48.8215 -40.3938 181.865 88.3454
-60.2263 33.8893 -33.3578 181.592 87.3646
-59.5072 34.6397 -37.7921 181.609 87.4282
-38.8848 54.299 -62.4983 181.327 88.5319
-8.88798 83.0393 -98.4651 180.396 89.6657
-3.64941 87.7605 -100.235 179.688 89.7108
-2.53589 88.8062 -97.2594 179.87 89.7372
-1.46033 89.7986 -92.3152 180.047 89.8453
-1.39561 89.8758 -90.1621 180.104 89.8599
-1.40199 89.8649 -89.9752 180.054 89.8521
-1.41305 89.8569 -89.9096 180.037 89.853
-1.41153 89.8498 -89.8785 180.035 89.8429
-1.41639 89.8382 -89.8575 180.033 89.8377
-1.41964 89.8288 -89.8326 180.03 89.8251
-1.42952 89.8205 -89.8178 180.029 89.8282
-1.43953 89.8169 -89.8085 180.03 89.8228
-1.44723 89.8077 -89.7984 180.033 89.8174
-1.45586 89.796 -89.782 180.034 89.8133
-1.46662 89.7857 -89.7754 180.04 89.8086
-1.47468 89.7739 -89.7645 180.045 89.7989
-1.48655 89.7631 -89.7538 180.04 89.796
-1.49998 89.746 -89.7377 180.047 89.7889
-1.5079 89.7338 -89.724 180.051 89.7799
-1.52655 89.7236 -89.7148 180.056 89.7781
-1.54453 89.7103 -89.6948 180.057 89.7751
-1.55738 89.6932 -89.6816 180.065 89.7691
-1.5683 89.6809 -89.6671 180.065 89.7643
-1.58321 89.6689 -89.6529 180.065 89.7571
-1.59665 89.6543 -89.6353 180.063 89.7535
-1.60425 89.6382 -89.6222 180.062 89.7385
-1.62223 89.625 -89.6118 180.065 89.738
-1.6379 89.6105 -89.5915 180.061 89.7326
-1.65566 89.5909 -89.5744 180.064 89.7308
-1.67159 89.5755 -89.5578 180.064 89.7236
-1.69182 89.5546 -89.5355 180.063 89.7272
-1.70833 89.541 -89.5218 180.063 89.723
-1.72785 89.5244 -89.5043 180.069 89.7242
-1.74393 89.513 -89.4937 180.07 89.7188
-1.75692 89.5011 -89.4813 180.073 89.7097
-1.77239 89.4873 -89.4672 180.069 89.6995
-1.7908 89.4677 -89.4481 180.071 89.6959
-1.80715 89.449 -89.4318 180.07 89.6941
-1.82557 89.4365 -89.4184 180.071 89.6923
-1.84165 89.4257 -89.4077 180.069 89.6863
-1.86383 89.4029 -89.3795 180.074 89.6791
-1.8814 89.3841 -89.3566 180.074 89.6743
-1.89452 89.3656 -89.3437 180.08 89.6593
-1.91191 89.3517 -89.3285 180.083 89.6496
-1.93449 89.3351 -89.3134 180.083 89.6514
-1.94895 89.3223 -89.3054 180.086 89.6466
-1.96656 89.3035 -89.2858 180.084 89.6442
-1.98759 89.2878 -89.2703 180.083 89.6376
-2.00615 89.2692 -89.2494 180.081 89.6345
-2.02527 89.2471 -89.2293 180.083 89.6249
-2.04188 89.2275 -89.203 180.081 89.6177
-2.06566 89.206 -89.1832 180.083 89.6195
-2.085 89.1902 -89.1706 180.084 89.6134
-2.09772 89.1721 -89.1514 180.094 89.6056
-2.11853 89.1531 -89.1341 180.096 89.6044
-2.1356 89.1337 -89.1167 180.094 89.5966
-2.15127 89.1091 -89.0946 180.098 89.5846
-2.17451 89.0841 -89.0692 180.097 89.5785
-2.18838 89.066 -89.0518 180.095 89.5738
-2.20765 89.0514 -89.0403 180.096 89.5702
-2.22951 89.0349 -89.0256 180.097 89.5684
-2.24438 89.0152 -89.0047 180.095 89.5576
-2.26165 88.9938 -88.9797 180.094 89.5444
-2.27836 88.9723 -88.9582 180.099 89.5444
-2.29688 88.9514 -88.9371 180.097 89.5414
-2.32256 88.9275 -88.9121 180.098 89.539
-2.34332 88.905 -88.886 180.098 89.527
-2.36466 88.8848 -88.8696 180.103 89.5216
-2.38807 88.8596 -88.8455 180.104 89.5137
-2.40371 88.8446 -88.8309 180.101 89.512
-2.4256 88.8244 -88.8107 180.098 89.5047
-2.44536 88.8094 -88.7978 180.094 89.4987
-2.46797 88.7914 -88.7798 180.093 89.4902
-2.49128 88.7699 -88.7561 180.089 89.4902
-2.51135 88.7528 -88.7414 180.092 89.4836
-2.53534 88.7323 -88.7267 180.094 89.4757
-2.56295 88.7054 -88.7076 180.097 89.4721
-2.58322 88.6839 -88.6812 180.091 89.4691
-2.60485 88.6641 -88.6606 180.088 89.4691
-2.62537 88.6494 -88.6477 180.09 89.4642
-2.65157 88.6297 -88.6261 180.09 89.4665
-2.67752 88.6079 -88.607 180.091 89.4689
-2.70068 88.5884 -88.5874 180.092 89.4683
-2.71773 88.5659 -88.5709 180.094 89.4599
-2.74527 88.5425 -88.5455 180.089 89.4587
-2.76706 88.5273 -88.5305 180.087 89.4568
-2.78924 88.5039 -88.5066 180.082 89.4539
-2.81402 88.4821 -88.4843 180.083 89.4545
-2.83962 88.4607 -88.4637 180.088 89.4478
-2.86506 88.4352 -88.4394 180.092 89.4466
-2.88705 88.4126 -88.418 180.094 89.446
-2.91462 88.3845 -88.384 180.094 89.4393
-2.94129 88.3608 -88.3603 180.097 89.4351
-2.96541 88.3368 -88.3327 180.095 89.4326
-2.98403 88.3169 -88.3157 180.099 89.4218
-3.00925 88.2923 -88.2979 180.1 89.4115
-3.03258 88.2731 -88.2807 180.099 89.4097
-3.06147 88.2496 -88.2564 180.096 89.4138
-3.08622 88.2272 -88.2327 180.099 89.4108
-3.11583 88.2107 -88.2184 180.108 89.4108
-3.1301 88.191 -88.2014 180.106 89.4024
-3.15621 88.1661 -88.1757 180.108 89.3963
-3.17938 88.144 -88.1531 180.108 89.389
-3.19948 88.1263 -88.1351 180.109 89.383
-3.22769 88.1004 -88.105 180.107 89.3781
-3.24977 88.0789 -88.0843 180.107 89.3685
-3.27603 88.0557 -88.0597 180.107 89.3703
-3.30231 88.0354 -88.0427 180.113 89.3637
-3.32302 88.0116 -88.0198 180.112 89.3522
-3.34963 87.9874 -87.9956 180.113 89.3401
-3.37601 87.9622 -87.9705 180.113 89.3347
-3.40277 87.9379 -87.945 180.11 89.3318
-3.42787 87.9176 -87.9265 180.111 89.3263
-3.45248 87.8929 -87.902 180.111 89.3262
-3.47578 87.8661 -87.8773 180.112 89.3202
-3.50481 87.8443 -87.859 180.117 89.3172
-3.53274 87.8188 -87.8333 180.116 89.3148
-3.55955 87.7925 -87.802 180.112 89.3093
-3.5803 87.7676 -87.7778 180.109 89.3051
-3.60542 87.7407 -87.7509 180.107 89.2991
-3.63428 87.7142 -87.7256 180.102 89.3009
-3.66454 87.6893 -87.7015 180.096 89.304
-3.69008 87.659 -87.6749 180.096 89.2967
-3.71784 87.6337 -87.6503 180.096 89.3021
-3.7481 87.6064 -87.6262 180.094 89.2931
-3.77647 87.578 -87.5955 180.094 89.2937
-3.80202 87.5552 -87.5683 180.089 89.287
-3.82586 87.529 -87.5411 180.086 89.284
-3.84869 87.5041 -87.5176 180.086 89.2732
-3.87821 87.4777 -87.4874 180.082 89.2726
-3.90702 87.446 -87.4567 180.081 89.2737
-3.93749 87.4162 -87.4249 180.081 89.2713
-3.96664 87.3924 -87.4062 180.083 89.2767
-3.99923 87.364 -87.3763 180.078 89.2749
-4.02816 87.338 -87.3543 180.083 89.2718
-4.05682 87.3112 -87.3307 180.08 89.2688
-4.08539 87.2808 -87.2975 180.078 89.2658
-4.11104 87.2599 -87.274 180.075 89.2651
-4.14073 87.2362 -87.2519 180.075 89.2657
-4.1703 87.2139 -87.2278 180.073 89.2717
-4.20277 87.1922 -87.2038 180.072 89.2754
-4.22563 87.1699 -87.1801 180.073 89.2699
-4.24657 87.1436 -87.1555 180.072 89.2627
-4.27542 87.1224 -87.1334 180.068 89.2597
-4.30619 87.0947 -87.1026 180.064 89.2644
-4.32986 87.074 -87.0857 180.064 89.2644
-4.35924 87.0505 -87.066 180.062 89.2674
-4.38713 87.0226 -87.0399 180.063 89.2632
-4.41307 87.0044 -87.0195 180.059 89.2638
-4.43694 86.9847 -86.9972 180.058 89.2644
-4.46918 86.9573 -86.965 180.056 89.268
-4.49246 86.9291 -86.9406 180.058 89.2608
-4.52103 86.9031 -86.9146 180.057 89.2572
-4.54857 86.8797 -86.8917 180.059 89.2584
-4.58057 86.8606 -86.8785 180.063 89.2619
-4.60673 86.8368 -86.8582 180.067 89.2595
-4.63286 86.8154 -86.832 180.059 89.2571
-4.65236 86.7978 -86.8182 180.06 89.2534
-4.67738 86.7742 -86.7923 180.058 89.2523
-4.70421 86.751 -86.774 180.06 89.2498
-4.72494 86.7315 -86.7587 180.063 89.2463
-4.7499 86.7084 -86.728 180.058 89.2409
-4.7756 86.6839 -86.7054 180.061 89.2354
-4.80135 86.6594 -86.6841 180.055 89.2312
-4.83049 86.6356 -86.6627 180.058 89.233
-4.85453 86.6121 -86.6453 180.06 89.23
-4.8819 86.5908 -86.6233 180.061 89.2282
-4.90024 86.5683 -86.6024 180.063 89.2198
-4.92898 86.545 -86.5778 180.064 89.2192
-4.95114 86.5247 -86.557 180.063 89.2132
-4.97982 86.5043 -86.5355 180.064 89.2113
-5.00517 86.4796 -86.5086 180.063 89.2071
-5.03115 86.4513 -86.4779 180.062 89.2059
-5.05917 86.4281 -86.4538 180.065 89.2058
-5.08472 86.4055 -86.4304 180.058 89.2064
-5.10331 86.3775 -86.4062 180.063 89.1955
-5.12383 86.3534 -86.3822 180.06 89.1854
-5.15193 86.3318 -86.3579 180.056 89.1847
-5.16881 86.3185 -86.3439 180.054 89.1769
-5.18849 86.2993 -86.326 180.056 89.1739
-5.21182 86.2754 -86.304 180.056 89.1709
-5.23514 86.2497 -86.2803 180.056 89.1673
-5.2639 86.2269 -86.2554 180.057 89.1678
-5.28953 86.2025 -86.2298 180.056 89.1672
-5.31272 86.1834 -86.2123 180.059 89.1636
-5.3392 86.1581 -86.1914 180.062 89.1617
-5.3597 86.1399 -86.1708 180.065 89.1587
-5.3868 86.1206 -86.1541 180.064 89.1575
-5.41867 86.0899 -86.1227 180.064 89.1587
-5.4413 86.0685 -86.1011 180.068 89.1539
-5.47347 86.0376 -86.0679 180.065 89.158
-5.49697 86.0111 -86.043 180.063 89.1562
-5.52247 85.9874 -86.0213 180.062 89.1532
-5.54164 85.967 -86.0012 180.061 89.146
-5.56602 85.9451 -85.9793 180.064 89.1406
-5.59341 85.9183 -85.9557 180.063 89.1418
-5.61821 85.8964 -85.9316 180.058 89.146
-5.63911 85.8731 -85.9103 180.06 89.1371
-5.66531 85.8457 -85.8804 180.058 89.1364
-5.6867 85.8249 -85.8618 180.062 89.1316
-5.70695 85.8077 -85.8434 180.067 89.1255
-5.73275 85.7872 -85.824 180.07 89.1231
-5.75948 85.7629 -85.8027 180.072 89.1254
-5.78393 85.7344 -85.7737 180.073 89.1212
-5.81131 85.71 -85.7467 180.074 89.1164
-5.83703 85.6837 -85.7183 180.072 89.1127
-5.86096 85.6605 -85.6986 180.075 89.1109
-5.88974 85.6353 -85.6726 180.074 89.112
-5.9183 85.6097 -85.6473 180.08 89.1102
-5.94868 85.5812 -85.6182 180.082 89.1132
-5.97502 85.5519 -85.5864 180.081 89.1083
-5.9959 85.5305 -85.563 180.083 89.1017
-6.01959 85.5075 -85.5428 180.082 89.1011
-6.04095 85.4838 -85.5147 180.082 89.0951
-6.06618 85.4669 -85.4973 180.084 89.0981
-6.08806 85.4427 -85.4773 180.083 89.0951
-6.10769 85.4219 -85.4568 180.085 89.0849
-6.13107 85.3956 -85.4344 180.085 89.0807
-6.15661 85.3695 -85.4095 180.086 89.0794
-6.17618 85.3446 -85.3873 180.088 89.08
-6.20057 85.3149 -85.3569 180.088 89.0776
-6.22748 85.2881 -85.334 180.093 89.0758
-6.24935 85.2663 -85.3116 180.089 89.0741
-6.27676 85.2366 -85.2874 180.09 89.0752
-6.30051 85.2165 -85.2685 180.096 89.0704
-6.32567 85.1943 -85.2469 180.095 89.0692
-6.34368 85.1739 -85.227 180.094 89.062
-6.36705 85.1476 -85.202 180.096 89.0584
-6.39138 85.1298 -85.1865 180.1 89.0571
-6.41305 85.1081 -85.1609 180.097 89.0529
-6.43731 85.0874 -85.1447 180.1 89.0504
-6.46367 85.0611 -85.1247 180.105 89.0498
-6.48955 85.0406 -85.1046 180.102 89.0468
-6.51704 85.0196 -85.0823 180.103 89.0456
-6.54076 85.0018 -85.0662 180.102 89.0438
-6.56681 84.9829 -85.0471 180.101 89.0419
-6.59637 84.9569 -85.0172 180.1 89.0425
-6.62724 84.935 -84.9945 180.097 89.0454
-6.65737 84.9079 -84.9695 180.104 89.0448
-6.68009 84.8798 -84.9403 180.108 89.04
-6.70368 84.8598 -84.917 180.108 89.0405
-6.72876 84.8383 -84.8987 180.115 89.04
-6.75782 84.814 -84.8726 180.117 89.0375
-6.78954 84.7823 -84.8432 180.117 89.0339
-6.81967 84.7587 -84.8197 180.115 89.0309
-6.84336 84.7332 -84.793 180.119 89.0212
-6.87231 84.7096 -84.7688 180.12 89.0194
-6.90179 84.6896 -84.7433 180.113 89.0217
-6.93734 84.6677 -84.7234 180.117 89.0264
-6.96285 84.6422 -84.7034 180.117 89.0204
-6.98963 84.6214 -84.6827 180.117 89.0114
-7.01584 84.604 -84.6646 180.115 89.0144
-7.03696 84.5835 -84.6442 180.115 89.0084
-7.06134 84.5651 -84.6293 180.12 89.0066
-7.08597 84.5411 -84.6111 180.125 89.0072
-7.11384 84.5209 -84.5903 180.125 89.0072
-7.14297 84.4918 -84.56 180.125 89.0005
-7.16643 84.4742 -84.5415 180.121 88.9952
-7.18954 84.4524 -84.5198 180.119 88.9928
-7.21376 84.4311 -84.5017 180.124 88.9886
-7.23915 84.4116 -84.4796 180.121 88.985
-7.26256 84.3858 -84.4508 180.117 88.9801
-7.2874 84.3639 -84.4325 180.121 88.9729
-7.30648 84.3437 -84.409 180.119 88.9664
-7.33496 84.3182 -84.3828 180.117 88.9615
-7.36275 84.2958 -84.3611 180.117 88.9626
-7.39331 84.2712 -84.335 180.114 88.9602
-7.41468 84.2564 -84.32 180.113 88.9548
-7.44148 84.2391 -84.3098 180.119 88.9559
-7.4669 84.219 -84.2893 180.121 88.959
-7.49542 84.1988 -84.273 180.123 88.9619
-7.5244 84.1823 -84.2549 180.12 88.9625
-7.5476 84.1644 -84.2397 180.121 88.9612
-7.57264 84.1422 -84.219 180.122 88.9588
-7.60223 84.1222 -84.1968 180.116 88.9522
-7.62564 84.1052 -84.1813 180.115 88.9492
-7.65194 84.0789 -84.1506 180.113 88.951
-7.67867 84.0581 -84.1306 180.112 88.9527
-7.70638 84.034 -84.1095 180.114 88.9491
-7.7326 84.0137 -84.0866 180.113 88.9485
-7.76309 83.9895 -84.0646 180.112 88.9521
-7.7915 83.9694 -84.0381 180.112 88.9581
-7.81448 83.9477 -84.0164 180.111 88.9502
-7.84449 83.9266 -83.9992 180.112 88.952
-7.86797 83.906 -83.9742 180.113 88.9466
-7.89383 83.8897 -83.9584 180.113 88.9465
-7.91763 83.8658 -83.9313 180.113 88.9411
-7.94159 83.8443 -83.9122 180.111 88.9376
-7.96298 83.8205 -83.8905 180.108 88.9351
-7.9835 83.7982 -83.8693 180.113 88.9292
-8.01106 83.7749 -83.8429 180.112 88.9286
-8.04109 83.7556 -83.8216 180.116 88.9298
-8.06246 83.7378 -83.8032 180.118 88.9208
-8.09053 83.7104 -83.7729 180.117 88.9166
-8.11344 83.6886 -83.7559 180.118 88.9093
-8.1426 83.6584 -83.7236 180.122 88.9045
-8.16498 83.6384 -83.6991 180.116 88.8961
-8.19059 83.611 -83.6697 180.118 88.892
-8.21416 83.5869 -83.6509 180.124 88.8907
-8.23275 83.5664 -83.6339 180.13 88.8824
-8.25758 83.5434 -83.6076 180.129 88.883
-8.28459 83.5235 -83.5877 180.132 88.8806
-8.31485 83.5016 -83.5649 180.129 88.8782
-8.34386 83.478 -83.5378 180.127 88.8745
-8.37753 83.4538 -83.5159 180.126 88.8721
-8.3991 83.4287 -83.4914 180.122 88.8691
-8.42426 83.4059 -83.4674 180.122 88.8631
-8.45206 83.3841 -83.4459 180.128 88.8637
-8.4779 83.3601 -83.4211 180.126 88.8626
-8.50425 83.3355 -83.3984 180.127 88.8571
-8.52995 83.3104 -83.3737 180.127 88.8493
-8.56339 83.2855 -83.3464 180.132 88.8516
-8.58845 83.2656 -83.2705 180.14 88.8492
-8.61309 83.2449 -83.2589 180.146 88.8444
-8.64368 83.2231 -83.2406 180.148 88.8456
-8.67031 83.2017 -83.2183 180.15 88.8384
-8.69027 83.1817 -83.198 180.149 88.8299
-8.71022 83.1712 -83.1877 180.148 88.8282
-8.73313 83.1524 -83.1706 180.151 88.8203
-8.75503 83.134 -83.1479 180.148 88.8167
-8.78106 83.1175 -83.1353 180.15 88.8143
-8.80378 83.0977 -83.114 180.146 88.8137
-8.83207 83.0743 -83.0951 180.152 88.8167
-8.85516 83.0482 -83.0695 180.152 88.8162
-8.87933 83.0277 -83.0511 180.154 88.8132
-8.90653 83.0035 -83.0296 180.152 88.8108
-8.9285 82.9803 -83.008 180.153 88.8078
-8.95229 82.9571 -82.9817 180.152 88.8048
-8.97704 82.9319 -82.9565 180.153 88.8024
-8.99777 82.9098 -82.9314 180.148 88.7988
-9.01932 82.8953 -82.9186 180.151 88.797
-9.04554 82.8711 -82.8971 180.15 88.7916
-9.07042 82.8468 -82.8712 180.149 88.782
-9.08904 82.8276 -82.8483 180.149 88.7724
-9.11004 82.809 -82.8324 180.147 88.7688
-9.13266 82.7893 -82.8132 180.143 88.7628
-9.15938 82.7626 -82.7876 180.144 88.7598
-9.18349 82.7408 -82.7618 180.144 88.7545
-9.20957 82.7219 -82.7441 180.142 88.7581
-9.23786 82.6966 -82.7194 180.141 88.7521
-9.25632 82.6772 -82.7029 180.14 88.7419
-9.28207 82.6551 -82.6793 180.136 88.7395
-9.30356 82.6354 -82.6595 180.137 88.733
-9.32524 82.6132 -82.6404 180.139 88.7245
-9.35194 82.5914 -82.6185 180.14 88.7233
-9.37949 82.5703 -82.6008 180.146 88.7227
-9.40426 82.5456 -82.5782 180.149 88.7209
-9.43246 82.5248 -82.5479 180.151 88.716
-9.45878 82.5012 -82.5285 180.147 88.7101
-9.48558 82.4733 -82.4867 180.141 88.7095
-9.50975 82.446 -82.4547 180.141 88.7059
-9.53722 82.4288 -82.4379 180.145 88.7041
-9.56105 82.4033 -82.4085 180.146 88.6994
-9.58439 82.3823 -82.3897 180.145 88.6982
-9.60908 82.3612 -82.3679 180.145 88.6922
-9.63094 82.3388 -82.343 180.143 88.6837
-9.65371 82.3154 -82.3186 180.143 88.6777
-9.67552 82.2948 -82.3026 180.146 88.6735
-9.69947 82.2732 -82.2842 180.151 88.6685
-9.72243 82.2514 -82.2587 180.149 88.6607
-9.74442 82.2281 -82.2369 180.15 88.6547
-9.76002 82.2077 -82.2185 180.151 88.6432
-9.7873 82.1883 -82.194 180.153 88.6469
-9.80608 82.1682 -82.1714 180.153 88.633
-9.82951 82.1436 -82.15 180.156 88.624
-9.85301 82.1231 -82.126 180.153 88.6215
-9.87656 82.099 -82.1014 180.154 88.6137
-9.90317 82.0765 -82.0856 180.16 88.6065
-9.92647 82.0568 -82.0695 180.157 88.6065
-9.94414 82.0403 -82.0546 180.156 88.5992
-9.96545 82.0225 -82.0399 180.16 88.5925
-9.98758 82.0034 -82.0264 180.161 88.5853
-10.004 81.9834 -82.0108 180.161 88.5811
-10.0289 81.9602 -81.9871 180.162 88.5816
-10.0545 81.9388 -81.9661 180.161 88.5811
-10.0798 81.9123 -81.9396 180.157 88.5816
-10.1085 81.8897 -81.9143 180.158 88.5792
-10.1337 81.8734 -81.9016 180.156 88.5816
-10.1576 81.852 -81.8779 180.154 88.584
-10.1839 81.8292 -81.8478 180.157 88.581
-10.2101 81.8058 -81.8276 180.158 88.5773
-10.2371 81.7818 -81.803 180.156 88.5731
-10.2632 81.7636 -81.788 180.159 88.5737
-10.2903 81.7503 -81.7768 180.159 88.5767
-10.3089 81.7413 -81.7689 180.164 88.5779
-10.3361 81.72 -81.7498 180.165 88.5778
-10.3588 81.7003 -81.7324 180.165 88.5736
-10.3845 81.6789 -81.7125 180.169 88.5778
-10.4132 81.6574 -81.6941 180.17 88.5827
-10.4304 81.6378 -81.6713 180.164 88.5773
-10.4547 81.6184 -81.6515 180.166 88.5677
-10.472 81.5963 -81.6272 180.169 88.5598
-10.4948 81.5703 -81.5974 180.169 88.5532
-10.5227 81.5466 -81.5716 180.166 88.5562
-10.5434 81.5259 -81.5518 180.167 88.5478
-10.5731 81.5012 -81.5217 180.169 88.549
-10.5957 81.4756 -81.497 180.168 88.5424
-10.62 81.4495 -81.4765 180.163 88.5424
-10.6392 81.4291 -81.4567 180.159 88.5376
-10.6638 81.4051 -81.4346 180.156 88.5382
-10.6899 81.3827 -81.4179 180.156 88.5394
-10.7142 81.3603 -81.3952 180.157 88.5352
-10.7355 81.3359 -81.373 180.159 88.5268
-10.7584 81.316 -81.3517 180.157 88.5177
-10.7834 81.2946 -81.3353 180.158 88.5159
-10.8144 81.2678 -81.3074 180.154 88.5147
-10.8389 81.2428 -81.2814 180.153 88.5128
-10.8631 81.2174 -81.252 180.153 88.5068
-10.8889 81.1927 -81.2287 180.151 88.4977
-10.9177 81.1717 -81.2111 180.15 88.4953
-10.9446 81.1477 -81.1906 180.153 88.4922
-10.9627 81.132 -81.1728 180.151 88.4869
-10.9893 81.106 -81.1427 180.148 88.4851
-11.012 81.0857 -81.1248 180.151 88.4833
-11.0366 81.0618 -81.095 180.145 88.4755
-11.0609 81.0434 -81.0793 180.141 88.4749
-11.0833 81.018 -81.0487 180.138 88.4724
-11.1082 81.0009 -81.0243 180.133 88.4724
-11.1249 80.9891 -81.0157 180.136 88.4694
-11.1501 80.9668 -80.9954 180.137 88.4658
-11.174 80.9429 -80.9726 180.138 88.4603
-11.1982 80.9272 -80.9578 180.136 88.4687
-11.222 80.9009 -80.9284 180.134 88.4723
-11.2443 80.8841 -80.9101 180.134 88.4723
-11.2656 80.8645 -80.8887 180.131 88.4638
-11.2866 80.8436 -80.8713 180.136 88.4578
-11.302 80.8263 -80.8548 180.138 88.4536
-11.3285 80.8028 -80.8308 180.14 88.4482
-11.3499 80.785 -80.8169 180.145 88.4403
-11.3747 80.7596 -80.7941 180.147 88.4379
-11.3888 80.7394 -80.7739 180.149 88.43
-11.4167 80.721 -80.7525 180.144 88.4234
-11.4439 80.6992 -80.7311 180.144 88.4246
-11.4641 80.6869 -80.7207 180.148 88.424
-11.4861 80.6637 -80.6968 180.147 88.4168
-11.5094 80.641 -80.6749 180.146 88.4155
-11.5337 80.6215 -80.6619 180.151 88.4161
-11.5588 80.6042 -80.6432 180.15 88.4149
-11.5883 80.5819 -80.6206 180.148 88.4131
-11.6213 80.5591 -80.5991 180.148 88.4185
-11.6462 80.5391 -80.5778 180.144 88.415
-11.6674 80.5202 -80.5559 180.147 88.4119
-11.6928 80.4967 -80.5339 180.151 88.4053
-11.7127 80.4768 -80.5127 180.151 88.398
-11.7359 80.4571 -80.4954 180.159 88.3955
-11.762 80.4353 -80.4755 180.158 88.3943
-11.7892 80.4128 -80.4568 180.16 88.387
-11.8118 80.3884 -80.4326 180.161 88.3845
-11.8332 80.3688 -80.4124 180.159 88.3815
-11.8577 80.3436 -80.3887 180.154 88.3761
-11.8873 80.3207 -80.3637 180.15 88.3785
-11.9174 80.2948 -80.3396 180.155 88.3797
-11.9408 80.2679 -80.3076 180.15 88.3767
-11.962 80.2472 -80.2864 180.15 88.3725
-11.9813 80.2303 -80.2686 180.149 88.3707
-12.0064 80.21 -80.2522 180.155 88.3653
-12.0307 80.1849 -80.2284 180.158 88.364
-12.0551 80.1659 -80.2083 180.161 88.3598
-12.0834 80.138 -80.1806 180.158 88.3489
-12.1159 80.1121 -80.1559 180.159 88.3429
-12.148 80.0873 -80.1324 180.157 88.3393
-12.1768 80.0627 -80.1087 180.161 88.3393
-12.2018 80.0438 -80.0721 180.146 88.3363
-12.225 80.023 -80.0508 180.145 88.3321
-12.253 79.9979 -80.0272 180.143 88.3279
-12.2817 79.9777 -80.0057 180.14 88.3237
-12.3089 79.9541 -79.9796 180.139 88.3176
-12.3356 79.9303 -79.9521 180.137 88.3091
-12.3657 79.9134 -79.9411 180.14 88.314
-12.4008 79.89 -79.9109 180.138 88.317
-12.4293 79.8644 -79.8928 180.139 88.3128
-12.4529 79.8396 -79.8666 180.136 88.3115
-12.4762 79.8132 -79.8387 180.138 88.3079
-12.5042 79.7877 -79.8142 180.139 88.3097
-12.5319 79.7606 -79.7871 180.143 88.303
-12.5569 79.7385 -79.7678 180.139 88.3042
-12.5824 79.71 -79.7393 180.138 88.303
-12.612 79.6883 -79.7171 180.146 88.306
-12.6388 79.6645 -79.6937 180.145 88.3072
-12.6631 79.6409 -79.6661 180.142 88.3054
-12.6944 79.6156 -79.643 180.143 88.3079
-12.7225 79.5869 -79.6178 180.145 88.3013
-12.7514 79.5592 -79.5852 180.141 88.3019
-12.7726 79.5351 -79.5598 180.142 88.291
-12.8008 79.5081 -79.5327 180.142 88.2905
-12.8218 79.4931 -79.5164 180.137 88.2899
-12.8482 79.4667 -79.4943 180.137 88.2838
-12.8773 79.4437 -79.4704 180.135 88.2808
-12.9011 79.4226 -79.437 180.139 88.2694
-12.9245 79.4016 -79.4182 180.14 88.273
-12.952 79.3801 -79.395 180.141 88.2736
-12.9811 79.3535 -79.3657 180.141 88.2742
-13.0065 79.3298 -79.3474 180.144 88.2699
-13.0363 79.3072 -79.3284 180.148 88.2711
-13.0608 79.2838 -79.3008 180.14 88.2699
-13.0837 79.2597 -79.2761 180.14 88.2699
-13.1106 79.2413 -79.2553 180.138 88.2717
-13.1312 79.2158 -79.2249 180.136 88.2723
-13.1551 79.1914 -79.2034 180.132 88.2662
-13.1801 79.1712 -79.1817 180.134 88.2632
-13.2095 79.1417 -79.1529 180.137 88.2602
-13.2381 79.1222 -79.1388 180.14 88.2578
-13.2621 79.1024 -79.1183 180.138 88.2608
-13.2837 79.0844 -79.1009 180.138 88.2553
-13.3138 79.0579 -79.0752 180.139 88.2596
-13.3372 79.0399 -79.0586 180.139 88.2535
-13.361 79.0185 -79.0361 180.136 88.2523
-13.3905 78.9944 -79.014 180.136 88.2577
-13.4142 78.9714 -78.9959 180.137 88.2475
-13.4352 78.9509 -78.9675 180.133 88.2366
-13.4573 78.9252 -78.9396 180.126 88.2331
-13.484 78.9039 -78.9185 180.127 88.23
-13.5064 78.8851 -78.8993 180.127 88.224
-13.5317 78.8586 -78.87 180.127 88.2204
-13.5545 78.8371 -78.8487 180.125 88.2216
-13.576 78.8185 -78.8327 180.125 88.2156
-13.601 78.7972 -78.8188 180.123 88.2168
-13.6291 78.7721 -78.7979 180.127 88.2193
-13.6506 78.7506 -78.7783 180.125 88.2156
-13.6773 78.7244 -78.7529 180.123 88.2151
-13.7098 78.6986 -78.7322 180.129 88.2217
-13.7383 78.6731 -78.7045 180.131 88.2265
-13.7594 78.6447 -78.6766 180.138 88.2186
-13.7901 78.6217 -78.6528 180.136 88.221
-13.82 78.596 -78.631 180.137 88.2198
-13.848 78.5734 -78.6066 180.134 88.2228
-13.8709 78.5511 -78.5901 180.133 88.2234
-13.8988 78.5228 -78.5579 180.129 88.2252
-13.917 78.5021 -78.5389 180.132 88.2173
-13.9409 78.4806 -78.5146 180.13 88.2167
-13.9631 78.4615 -78.4944 180.133 88.2192
-13.982 78.439 -78.4663 180.129 88.218
-14.0033 78.4195 -78.4485 180.13 88.2144
-14.0271 78.3932 -78.4187 180.129 88.2114
-14.0448 78.3779 -78.4028 180.122 88.2018
-14.0739 78.3513 -78.3756 180.116 88.203
-14.0941 78.3334 -78.3584 180.116 88.1922
-14.1191 78.3066 -78.3292 180.114 88.1838
-14.1417 78.2774 -78.3027 180.116 88.1747
-14.1695 78.2485 -78.2796 180.118 88.1705
-14.1981 78.2234 -78.2583 180.122 88.1705
-14.2214 78.1912 -78.2259 180.12 88.1627
-14.2473 78.1707 -78.2078 180.118 88.1585
-14.2756 78.1431 -78.1786 180.116 88.1591
-14.3022 78.123 -78.1609 180.116 88.1597
-14.3242 78.1017 -78.1371 180.117 88.1591
-14.3534 78.0785 -78.1147 180.119 88.1615
-14.3773 78.0575 -78.0918 180.113 88.1597
-14.4023 78.0343 -78.0718 180.117 88.1525
-14.4243 78.0148 -78.0533 180.118 88.1446
-14.4463 77.9933 -78.0349 180.118 88.1368
-14.4732 77.9701 -78.0105 180.115 88.1386
-14.5065 77.9488 -77.9848 180.112 88.1464
-14.523 77.9329 -77.9695 180.117 88.1398
-14.547 77.916 -77.9511 180.118 88.1289
-14.5785 77.8918 -77.9296 180.119 88.1254
-14.601 77.8747 -77.9157 180.124 88.1199
-14.6275 77.8481 -77.8935 180.128 88.1175
-14.6494 77.8292 -77.8746 180.127 88.1163
-14.6721 77.8053 -77.8475 180.122 88.1096
-14.6963 77.7871 -77.8269 180.122 88.1102
-14.7233 77.7655 -77.8077 180.124 88.1072
-14.7456 77.745 -77.7846 180.122 88.0982
-14.772 77.7198 -77.7616 180.129 88.0958
-14.7887 77.7013 -77.7408 180.13 88.0843
-14.8167 77.6793 -77.7198 180.131 88.0868
-14.8425 77.6559 -77.6987 180.134 88.0831
-14.8666 77.636 -77.6792 180.134 88.0831
-14.8908 77.6119 -77.6497 180.132 88.0801
-14.9149 77.5817 -77.6218 180.134 88.0729
-14.9442 77.5571 -77.5996 180.138 88.0699
-14.9733 77.5282 -77.5676 180.132 88.0662
-14.9991 77.5048 -77.5434 180.133 88.0663
-15.0267 77.4724 -77.509 180.131 88.0632
-15.0491 77.4446 -77.4891 180.132 88.0548
-15.0734 77.4149 -77.461 180.128 88.0476
-15.0983 77.3953 -77.439 180.127 88.0488
-15.1337 77.363 -77.4075 180.13 88.0507
-15.1565 77.3384 -77.3766 180.127 88.0477
