4
0.00253938 89.9821 -89.9855 180.017 89.9987
-0.00319573 90.0178 89.9842 0.0073355 -89.9906
-0.00342294 89.9689 -89.9697 180.015 90.0122
-0.00785076 90.0368 89.96 0.00359848 -89.9935
-0.0114302 89.9863 -89.9598 179.987 90.0226
-0.0084371 90.0588 89.9379 0.012919 -89.992
-0.0948977 90.028 -90.1107 179.875 90.0634
-0.023399 90.0617 90.088 -0.0145267 -90.0239
0.0162449 89.8199 -90.6314 178.796 90.5086
0.129871 89.6558 91.044 0.00815284 -90.0795
-0.231682 89.7892 -91.557 178.174 90.4562
-0.463722 89.3736 92.4034 -0.254373 -90.0489
-0.0857781 89.5394 -91.5561 178.11 90.9167
-1.10458 88.4973 93.3935 -0.302093 -89.9515
0.0539615 89.3643 -90.9877 177.954 91.263
-0.139324 88.4597 92.872 -0.00516636 -90.1625
-0.785253 89.9442 -89.6984 179.914 90.2912
0.0109766 90.1548 89.8524 0.122275 -90.1953
-0.575089 89.939 -89.7203 179.877 90.2688
0.0213675 90.2133 89.8009 0.0294421 -90.1401
-0.403287 89.8499 -89.6787 179.909 90.2343
0.0433754 90.3069 89.7112 0.0102213 -90.0701
-0.206627 89.8028 -89.6843 179.944 90.1969
0.071134 90.3744 89.6366 0.00275245 -90.0455
-0.0875701 89.8163 -89.7277 179.971 90.1976
0.0894533 90.4415 89.5618 0.00374516 -90.0171
0.0548829 89.7921 -89.6489 179.914 90.1491
0.0951743 90.4909 89.4968 0.000984184 -89.9754
0.161576 89.7572 -89.5619 179.875 90.1114
0.110763 90.5298 89.4522 0.00210418 -89.9521
0.233806 89.7419 -89.5043 179.841 90.0748
0.116466 90.6013 89.3936 -0.00128491 -89.9431
0.296219 89.7104 -89.4492 179.804 90.081
0.134489 90.6608 89.334 -0.000239892 -89.9246
0.318649 89.6742 -89.4646 179.873 90.0838
0.137916 90.7054 89.2914 0.0028897 -89.8953
0.303044 89.655 -89.4827 179.917 90.1283
0.152992 90.7396 89.245 0.00441999 -89.8957
0.313957 89.6364 -89.4931 179.953 90.1444
0.168619 90.7851 89.1956 -0.000642731 -89.9055
0.304286 89.5921 -89.4777 179.997 90.1596
0.186045 90.825 89.1445 1.23022e-05 -89.9314
0.292668 89.5805 -89.4961 180.036 90.1836
0.200994 90.873 89.1048 -0.00579644 -89.9785
0.298637 89.5399 -89.3898 179.976 90.1606
0.213218 90.9046 89.0751 0.00153171 -89.9953
0.314436 89.5361 -89.3021 179.902 90.1443
0.228 90.944 89.0363 0.00930466 -90.0077
0.305169 89.5126 -89.2151 179.829 90.1161
0.262304 90.9893 88.9873 0.0108551 -90.053
0.276471 89.4703 -89.1269 179.769 90.13
0.285491 91.02 88.9514 0.0136149 -90.0946
0.215796 89.4532 -89.1492 179.797 90.1695
0.299298 91.0567 88.9165 0.0139262 -90.1447
0.204022 89.4291 -89.0764 179.756 90.1627
0.304283 91.0806 88.8992 0.00325145 -90.1977
0.178715 89.3955 -89.0146 179.71 90.1724
0.324837 91.1197 88.8612 0.00483389 -90.2322
0.146037 89.383 -88.9827 179.688 90.2028
0.348019 91.1703 88.8174 0.00346828 -90.2698
0.11371 89.3769 -88.9909 179.681 90.2185
0.37472 91.2141 88.7726 0.00657033 -90.3144
0.0851836 89.3677 -88.9978 179.673 90.2303
0.401771 91.2352 88.7524 -0.00245266 -90.3847
0.0540973 89.359 -88.9993 179.671 90.2312
0.417959 91.2488 88.7368 -0.00678969 -90.441
0.00849633 89.3326 -88.932 179.623 90.2358
0.441881 91.2855 88.7032 -0.0136249 -90.4849
-0.0202076 89.3177 -88.8759 179.585 90.239
0.468667 91.3193 88.6679 -0.0149669 -90.5478
-0.0630724 89.2862 -88.8352 179.571 90.2572
0.487812 91.34 88.6485 -0.014489 -90.5891
-0.0979397 89.2707 -88.8096 179.567 90.275
0.50281 91.3648 88.6334 -0.0133337 -90.6331
-0.13947 89.2557 -88.7965 179.564 90.2919
0.516054 91.3872 88.5989 -0.00972304 -90.6841
-0.185099 89.2361 -88.7906 179.584 90.2957
0.537057 91.4281 88.5589 -0.00930334 -90.7118
-0.223005 89.2276 -88.7995 179.58 90.3191
0.544327 91.4539 88.5257 -1.03244e-05 -90.7189
-0.273395 89.1938 -88.7469 179.587 90.3362
0.553466 91.4759 88.5044 0.00336725 -90.7534
-0.295736 89.2014 -88.7415 179.568 90.3289
0.568447 91.4994 88.4703 0.00979661 -90.816
-0.329863 89.1914 -88.7321 179.575 90.344
0.583994 91.5065 88.4578 0.00434992 -90.8691
-0.347397 89.2022 -88.7359 179.593 90.3353
0.594934 91.5369 88.4285 0.00324198 -90.9246
-0.375724 89.1952 -88.7619 179.606 90.3241
0.608191 91.5684 88.4005 0.0060501 -90.9487
-0.428087 89.1776 -88.7498 179.6 90.3552
0.634207 91.5818 88.3923 0.00478638 -90.9786
-0.452923 89.1763 -88.7311 179.598 90.3581
0.638635 91.6117 88.3664 0.0120118 -90.9873
-0.460884 89.1739 -88.7179 179.606 90.3647
0.645924 91.6201 88.3535 0.0145722 -91.0229
-0.530687 89.1644 -88.7779 179.675 90.3964
0.663685 91.6354 88.3451 0.0160138 -91.0601
-0.583434 89.1547 -88.8479 179.748 90.4276
0.669537 91.6512 88.3252 0.0218715 -91.0909
-0.660216 89.1312 -88.8733 179.782 90.4637
0.686502 91.6726 88.3002 0.0206894 -91.1327
-0.688859 89.1232 -88.9026 179.814 90.4748
0.698859 91.6899 88.2821 0.0167873 -91.1601
-0.74441 89.1197 -88.9401 179.847 90.5037
0.722771 91.7048 88.2557 0.0232259 -91.2015
-0.786248 89.1158 -88.9614 179.865 90.5229
0.731725 91.7215 88.2308 0.0297774 -91.2195
-0.84328 89.1083 -88.9814 179.883 90.5607
0.741244 91.7375 88.2151 0.02671 -91.2546
-0.891919 89.0782 -88.9655 179.904 90.5849
0.76216 91.7479 88.2003 0.0270101 -91.3062
-0.917239 89.0381 -88.9314 179.912 90.5811
0.774441 91.7686 88.1848 0.0300685 -91.347
-0.943883 89.0106 -88.9042 179.916 90.5708
0.783408 91.7832 88.1709 0.0282175 -91.3763
-0.975583 88.9977 -88.8588 179.891 90.5793
0.797643 91.8034 88.1481 0.031968 -91.4026
-0.998303 89.0084 -88.8771 179.902 90.5796
0.804622 91.8063 88.1489 0.0316695 -91.4432
-0.998354 89.006 -88.8725 179.915 90.5773
0.797659 91.8148 88.1326 0.0348615 -91.4654
-1.01237 89.0081 -88.8704 179.927 90.5785
0.811561 91.8308 88.119 0.0387138 -91.4762
-1.04055 89.0062 -88.8812 179.947 90.6003
0.811766 91.8344 88.1136 0.0420374 -91.4873
-1.05206 88.9932 -88.8574 179.951 90.575
0.810869 91.8342 88.1255 0.0357467 -91.5051
-1.0733 88.9926 -88.8486 179.934 90.5855
0.809785 91.8302 88.1352 0.0302394 -91.5075
-1.08328 88.9922 -88.8325 179.908 90.5906
0.814239 91.8434 88.1367 0.0317448 -91.5145
-1.11321 88.9766 -88.8226 179.905 90.6283
0.831796 91.8507 88.1358 0.0411915 -91.5263
-1.16171 88.9669 -88.8244 179.903 90.6471
0.841505 91.8673 88.1077 0.0333843 -91.551
-1.14602 88.9732 -88.7469 179.839 90.6235
0.867769 91.8928 88.0798 0.0385407 -91.5853
-1.14218 88.9643 -88.6159 179.73 90.612
0.881992 91.9118 88.0442 0.0393013 -91.637
-1.15946 88.9782 -88.5443 179.667 90.6
0.942149 91.9407 88.0073 0.0438173 -91.7029
-1.16455 89.0086 -88.5641 179.671 90.6051
1.02116 91.9817 87.9615 0.0558072 -91.7794
-1.188 89.0042 -88.5447 179.647 90.6188
1.11577 92.0194 87.9163 0.0555753 -91.8479
-1.19737 89.0044 -88.5182 179.606 90.621
1.15253 92.0247 87.9088 0.0635283 -91.9345
