4
-0.0159819 90.0071 -89.9762 180 90.039
0.115149 90.0737 89.9226 0.00144352 -89.9873
-0.0252859 90.0365 -89.9988 180.01 90.0505
0.177996 90.1012 89.891 0.0031836 -89.9414
-0.149164 89.9142 -90.4644 178.064 90.3826
0.287365 89.9957 89.7472 0.217944 -89.9509
-0.400071 90.0007 -90.1285 179.452 90.1853
0.232414 90.1395 89.8162 -0.0182594 -90.0565
0.0430113 90.0794 -89.9921 179.788 89.9913
0.345227 90.2022 89.7677 -0.0197959 -89.879
-0.0530336 89.6482 -90.1854 177.678 90.8228
0.830606 89.8634 90.5737 0.210205 -90.0592
-0.246098 89.8634 -89.346 180.605 90.3322
0.777909 90.2635 89.9786 0.069146 -90.145
-0.0474511 88.7383 -87.3879 183.703 91.3351
0.673705 89.1576 91.101 -0.349164 -90.3987
-0.273968 88.1506 -87.5725 181.618 90.7234
0.45879 89.4914 90.6389 -0.168189 -90.1865
-0.0658958 88.2808 -87.99 180.556 90.7739
0.543684 89.6186 90.3303 -0.0022035 -90.0257
0.208427 88.3131 -88.0526 180.557 90.9
0.598597 89.5821 90.3402 -0.022959 -89.8916
0.353727 88.339 -88.0665 180.956 91.0191
0.638725 89.5239 90.4488 -0.0892425 -89.8792
0.329488 88.4466 -88.3754 180.049 91.1518
0.862568 89.7756 90.1579 0.00158259 -89.9212
0.465132 88.5396 -88.4494 180.047 91.2233
0.930206 89.8227 90.1168 0.00193704 -89.9085
0.535704 88.6106 -88.5086 180.043 91.3001
0.989694 89.8589 90.0708 0.00816818 -89.851
0.635886 88.6843 -88.6002 180.043 91.3585
1.05814 89.9437 89.993 0.00537857 -89.8088
0.693842 88.7241 -88.6595 180.042 91.4002
1.16001 90.0156 89.9088 0.000105817 -89.7969
0.690761 88.7278 -88.6609 180.036 91.5072
1.27847 90.1204 89.7896 -0.00431262 -89.7791
0.692469 88.7372 -88.6813 180.032 91.5467
1.37933 90.2109 89.6924 0.00282019 -89.7578
0.70602 88.7635 -88.717 180.029 91.5826
1.48265 90.3137 89.5869 -0.00315141 -89.7191
0.733942 88.6139 -88.4896 179.873 91.991
1.98394 90.4091 89.3924 -0.0318334 -89.8585
0.3895 88.0769 -88.522 178.537 92.8287
2.38768 89.9404 90.2923 0.240904 -90.1333
-0.0848072 88.5948 -88.5541 179.95 91.7978
1.74856 90.5542 89.3256 0.0725622 -89.8041
0.0332274 88.6367 -88.5675 179.925 91.7674
1.85551 90.6724 89.207 0.0361746 -89.7439
0.17024 88.7052 -88.6364 179.909 91.7137
1.98475 90.7832 89.0864 0.0140419 -89.7172
0.250865 88.7193 -88.6494 179.875 91.6994
2.11778 90.8907 88.9736 0.00894305 -89.6856
0.343824 88.7636 -88.7113 179.883 91.6513
2.2208 90.9829 88.8714 0.00592052 -89.6519
0.371536 88.7806 -88.7028 179.876 91.6313
2.31358 91.0852 88.7667 -0.000878481 -89.6037
0.400836 88.8057 -88.6941 179.862 91.6034
2.43183 91.1914 88.6739 -0.0074647 -89.589
0.395183 88.8026 -88.6934 179.864 91.5867
2.52863 91.2862 88.5694 0.00126949 -89.5938
0.42329 88.8032 -88.6045 179.779 91.5721
2.63887 91.3854 88.472 -0.000672095 -89.5994
0.431624 88.8196 -88.5481 179.725 91.5741
2.73059 91.4849 88.355 -0.00536804 -89.5911
0.426587 88.8491 -88.5168 179.676 91.5685
2.82644 91.5937 88.2453 -8.15886e-05 -89.5801
0.385434 88.8603 -88.526 179.671 91.5975
2.91768 91.6923 88.1445 -0.00271795 -89.6015
0.323044 88.8761 -88.5905 179.726 91.6223
2.99872 91.7842 88.044 -0.00490374 -89.5848
0.27097 88.8824 -88.6384 179.777 91.6283
3.08701 91.893 87.9285 -0.00784415 -89.5868
0.219548 88.8935 -88.6959 179.826 91.6361
3.15559 91.9715 87.855 -0.00741293 -89.5667
0.153516 88.8899 -88.7302 179.86 91.6735
3.22803 92.0549 87.7771 -0.00442135 -89.5616
0.0906528 88.9042 -88.7622 179.882 91.7022
3.2852 92.1184 87.7059 -0.00336029 -89.537
0.0227805 88.8991 -88.7944 179.897 91.7429
3.36264 92.1864 87.6325 -0.00123013 -89.538
-0.0138946 88.918 -88.8454 179.915 91.7714
3.43002 92.2549 87.5669 -0.00961322 -89.5365
-0.0287613 88.4249 -88.3346 180.176 92.2402
2.47456 90.9338 88.9681 -0.0757854 -89.5556
-0.0201324 88.2722 -87.3561 182.29 92.2713
3.08101 91.3421 87.4376 -0.510884 -89.7273
-0.385315 88.6203 -88.7271 180.182 92.186
2.98206 91.6243 88.1838 -0.190695 -89.6361
-0.442676 88.839 -88.8852 180.017 92.1032
3.66738 92.3558 87.4017 -0.0526899 -89.4803
-0.32783 88.9633 -88.9522 179.988 92.1179
3.72316 92.4067 87.3878 -0.0382114 -89.3073
-0.27754 89.0427 -89.0387 179.99 92.1469
3.78968 92.4705 87.3311 -0.0321997 -89.1916
-0.247991 89.1134 -89.1499 180.001 92.1929
3.84653 92.5195 87.2955 -0.0363548 -89.0252
-0.201085 89.1769 -89.1882 179.977 92.2174
3.87606 92.5575 87.2462 -0.0303191 -88.8975
-0.179345 89.2216 -89.1434 179.902 92.2156
3.9178 92.5915 87.209 -0.0274269 -88.8326
-0.12207 89.2712 -89.1257 179.851 92.1971
3.98988 92.6316 87.1715 -0.0327628 -88.7809
-0.0699214 89.3212 -89.1281 179.803 92.1967
4.01832 92.6534 87.1472 -0.0383138 -88.7113
-0.0507699 89.3727 -89.1326 179.765 92.2052
4.06308 92.6899 87.1052 -0.0321481 -88.6602
-0.0103161 89.4409 -89.1971 179.749 92.2161
4.09272 92.7213 87.0747 -0.0327343 -88.5961
0.00567024 89.5114 -89.2501 179.72 92.2143
4.11214 92.7456 87.0529 -0.0369813 -88.5593
0.00207179 89.5445 -89.2825 179.71 92.2231
4.1467 92.7795 87.0184 -0.0313168 -88.4876
-0.00649017 89.5569 -89.2887 179.702 92.2289
4.17302 92.8015 86.9988 -0.0398802 -88.4675
-0.0128708 89.5983 -89.3385 179.703 92.2328
4.21554 92.8523 86.9551 -0.0403336 -88.432
-0.0139433 89.623 -89.3689 179.685 92.2284
4.23295 92.8837 86.9231 -0.0454799 -88.4096
-0.048203 89.6286 -89.3472 179.65 92.2238
4.27089 92.9062 86.9097 -0.0461071 -88.4072
-0.0675038 89.6371 -89.3299 179.624 92.2419
4.30003 92.9302 86.8814 -0.0465568 -88.4134
-0.0900533 89.6569 -89.3236 179.598 92.2454
4.32794 92.9509 86.8453 -0.0432673 -88.4176
-0.0912521 89.6935 -89.3533 179.581 92.2356
4.37868 92.991 86.7989 -0.0486875 -88.4357
-0.0986029 89.7135 -89.3845 179.567 92.2297
4.39634 93.0107 86.7693 -0.0393921 -88.434
-0.0947128 89.7407 -89.4197 179.566 92.2383
4.41842 93.0221 86.7629 -0.0345843 -88.4355
-0.132777 89.7524 -89.4214 179.584 92.2647
4.44478 93.0447 86.7301 -0.0299448 -88.4521
-0.160791 89.7702 -89.4179 179.585 92.2619
4.48106 93.0618 86.7132 -0.0331406 -88.4825
-0.216741 89.7731 -89.4186 179.604 92.2851
4.49992 93.0865 86.6874 -0.0321029 -88.4982
-0.234532 89.8075 -89.4416 179.611 92.2891
4.51409 93.0888 86.6843 -0.0282974 -88.5045
-0.268031 89.8204 -89.4642 179.618 92.3079
4.53683 93.1222 86.652 -0.0233933 -88.4914
-0.2928 89.8315 -89.4874 179.602 92.3233
4.54218 93.1325 86.6445 -0.0335196 -88.4993
-0.324462 89.8374 -89.4995 179.616 92.3451
4.5528 93.1598 86.6223 -0.0347617 -88.5029
-0.366258 89.8305 -89.4636 179.6 92.3576
4.57285 93.1677 86.6111 -0.0318216 -88.5104
-0.393956 89.8294 -89.4588 179.613 92.3731
4.60005 93.1758 86.6069 -0.0336933 -88.5356
-0.414059 89.8296 -89.4446 179.616 92.3828
4.61895 93.1874 86.6073 -0.036901 -88.5442
-0.456351 89.8326 -89.5098 179.666 92.4077
4.63779 93.2082 86.5835 -0.038427 -88.5583
-0.502425 89.8135 -89.57 179.733 92.4484
4.66802 93.2143 86.5755 -0.0418087 -88.5648
-0.549779 89.8307 -89.6458 179.796 92.4813
4.68937 93.2274 86.5534 -0.0239851 -88.5626
-0.591499 89.8211 -89.6685 179.834 92.503
4.70917 93.2461 86.5199 0.00249135 -88.5147
-0.622328 89.8347 -89.6963 179.852 92.5218
4.72287 93.2583 86.5185 0.00706254 -88.4554
-0.657656 89.8453 -89.6983 179.869 92.5366
4.72999 93.2736 86.5127 0.0095748 -88.4002
-0.674708 89.8455 -89.7003 179.886 92.5251
4.74165 93.2901 86.4939 0.010553 -88.3474
-0.694251 89.8266 -89.6582 179.886 92.5148
4.77676 93.3054 86.4629 0.00141245 -88.387
-0.685857 89.8486 -89.6741 179.88 92.5126
4.79968 93.3089 86.4548 -0.00596194 -88.4345
-0.684597 89.8281 -89.5902 179.816 92.4849
4.81362 93.3248 86.4404 -0.0131259 -88.4575
-0.664511 89.8379 -89.5321 179.738 92.4497
4.84523 93.3433 86.4385 -0.0245675 -88.5066
-0.681722 89.8208 -89.4753 179.683 92.4407
4.85202 93.3374 86.4483 -0.0392603 -88.5237
-0.70236 89.8126 -89.4513 179.662 92.4463
4.86659 93.3496 86.4298 -0.038922 -88.5553
-0.690739 89.8191 -89.4435 179.654 92.4297
4.88865 93.367 86.4211 -0.041253 -88.5782
-0.707018 89.8193 -89.4365 179.643 92.4407
4.90242 93.3824 86.3932 -0.0435122 -88.5929
-0.728254 89.815 -89.4375 179.645 92.4453
4.92786 93.4 86.3758 -0.0526318 -88.6112
-0.718321 89.8317 -89.473 179.649 92.4373
4.95651 93.4134 86.3652 -0.0549298 -88.6416
-0.716633 89.8209 -89.4564 179.643 92.4217
4.96804 93.4132 86.3636 -0.0510806 -88.668
-0.734741 89.8491 -89.5069 179.574 92.4309
4.96906 93.4218 86.2868 -0.0228534 -88.6824
-0.718331 89.8753 -89.5364 179.595 92.4322
4.96119 93.4164 86.2989 -0.0266488 -88.6958
-0.702845 89.897 -89.5581 179.606 92.4378
4.94837 93.4029 86.3283 -0.0302925 -88.6717
-0.691631 89.9491 -89.6165 179.612 92.4424
4.95266 93.4022 86.3486 -0.032354 -88.6666
-0.651502 89.9955 -89.6302 179.596 92.449
4.94297 93.4092 86.3593 -0.0363029 -88.6369
-0.659068 90.0025 -89.6191 179.579 92.4502
4.92045 93.3878 86.3892 -0.0296704 -88.6254
-0.663883 90.0319 -89.695 179.628 92.4585
4.91413 93.3962 86.3984 -0.0353131 -88.6412
-0.721317 90.0333 -89.7907 179.73 92.4742
4.89169 93.3786 86.4289 -0.0374384 -88.641
-0.7552 90.0433 -89.8523 179.794 92.5027
4.87878 93.3679 86.4362 -0.0290009 -88.6568
-0.798102 90.0668 -89.9076 179.83 92.5459
4.87979 93.3704 86.404 -0.0277257 -88.6915
-0.849929 90.096 -89.9553 179.856 92.598
4.85233 93.3338 86.4113 -0.0132592 -88.7043
-0.86899 90.1135 -89.9222 179.816 92.6232
4.79974 93.2772 86.5004 -0.018408 -88.6871
-0.908192 90.157 -89.9736 179.851 92.6725
4.7618 93.23 86.5476 -0.0183367 -88.6783
-0.94725 90.2148 -90.0954 179.797 92.7032
4.69308 93.1728 86.5971 -0.00398386 -88.6408
-0.987573 90.2263 -90.1014 179.797 92.7189
4.6249 93.0956 86.709 -0.0098222 -88.6284
-1.01245 90.2759 -90.1132 179.792 92.7523
4.56718 93.0325 86.787 -0.0121308 -88.5957
-1.01045 90.3328 -90.1742 179.81 92.767
4.53733 92.9818 86.8462 -0.0152315 -88.5789
-1.0347 90.3678 -90.2282 179.843 92.7688
4.49467 92.929 86.9035 -0.0135515 -88.5497
-1.06167 90.3984 -90.2801 179.864 92.8007
4.44478 92.8681 86.9661 -0.014535 -88.5362
-1.10033 90.3879 -90.2685 179.886 92.817
4.3856 92.7972 87.043 -0.00810232 -88.4832
-1.14198 90.415 -90.2893 179.888 92.846
4.33847 92.7497 87.1002 -0.0180813 -88.4755
-1.14223 90.4034 -90.2065 179.821 92.8283
4.30117 92.6944 87.1545 -0.0284259 -88.4582
-1.1224 90.42 -90.1542 179.743 92.798
4.25411 92.6497 87.1984 -0.0157871 -88.438
-1.10955 90.4216 -90.1115 179.667 92.792
4.21963 92.6133 87.2196 -0.0136761 -88.4393
-1.10882 90.44 -90.1228 179.644 92.783
4.18464 92.5757 87.2752 -0.0209518 -88.4286
-1.10814 90.457 -90.1347 179.635 92.761
4.142 92.544 87.3169 -0.0258829 -88.4114
-1.10758 90.4893 -90.1557 179.621 92.7575
4.09606 92.4957 87.3772 -0.0239842 -88.4034
-1.11101 90.5059 -90.1792 179.602 92.7486
4.07669 92.4613 87.4116 -0.0206209 -88.4106
-1.11885 90.5072 -90.1652 179.582 92.731
4.0554 92.4307 87.433 -0.0192294 -88.4046
-1.11928 90.5258 -90.194 179.592 92.7232
4.01086 92.4125 87.4519 -0.0286425 -88.3839
-1.09598 90.5555 -90.2224 179.586 92.7094
3.98106 92.3946 87.444 -0.0543195 -88.3656
-1.09385 90.5514 -90.2114 179.584 92.6942
3.95878 92.3557 87.4707 -0.0465548 -88.3488
-1.05614 90.5676 -90.2135 179.567 92.6755
3.93736 92.3263 87.5002 -0.0491018 -88.3356
-1.07271 90.5555 -90.1756 179.536 92.6725
3.93328 92.3096 87.5324 -0.0529163 -88.3335
-1.09777 90.5661 -90.1901 179.539 92.6601
3.9122 92.2883 87.5616 -0.0600156 -88.3437
-1.11259 90.578 -90.2106 179.528 92.6505
3.88548 92.2517 87.6012 -0.0594706 -88.3617
-1.13524 90.5803 -90.2119 179.538 92.6453
3.87073 92.2327 87.6207 -0.0557934 -88.3854
-1.16388 90.58 -90.2105 179.545 92.6426
3.86128 92.2351 87.6257 -0.0585024 -88.3851
-1.1982 90.5858 -90.2218 179.576 92.6374
3.82663 92.207 87.6517 -0.0585742 -88.4002
-1.24519 90.5739 -90.2937 179.652 92.6611
3.81893 92.1946 87.6566 -0.0530297 -88.4083
-1.32268 90.5471 -90.3542 179.733 92.6814
3.82272 92.1798 87.689 -0.052612 -88.4242
-1.34359 90.5679 -90.4522 179.797 92.6809
3.80644 92.1602 87.7111 -0.0480778 -88.4328
-1.3865 90.5835 -90.4883 179.826 92.703
3.80263 92.1329 87.7271 -0.041777 -88.4485
-1.42864 90.5691 -90.4829 179.847 92.7181
3.80712 92.1275 87.7292 -0.0366796 -88.4799
-1.45074 90.5533 -90.4892 179.854 92.7369
3.79883 92.1006 87.7675 -0.0463523 -88.4917
-1.46204 90.5697 -90.5181 179.864 92.7584
3.79126 92.0931 87.7884 -0.0578341 -88.4898
-1.46961 90.5417 -90.5033 179.872 92.7762
3.78279 92.0917 87.7916 -0.0645892 -88.4839
-1.47476 90.543 -90.4936 179.89 92.779
3.79255 92.1031 87.783 -0.0600311 -88.4867
-1.48642 90.5503 -90.4729 179.863 92.7783
3.78796 92.1101 87.7734 -0.0525375 -88.4825
-1.51753 90.5475 -90.4752 179.865 92.8043
3.79329 92.1016 87.7742 -0.0553839 -88.4893
-1.53833 90.5403 -90.4758 179.872 92.8215
3.78213 92.0874 87.7933 -0.0479688 -88.4862
-1.56809 90.5201 -90.4493 179.886 92.8268
3.78786 92.0778 87.8125 -0.05211 -88.4951
-1.56904 90.5158 -90.433 179.874 92.83
3.80545 92.0708 87.8345 -0.0536222 -88.5168
-1.59786 90.4786 -90.3899 179.88 92.8448
3.80511 92.0608 87.8586 -0.0510198 -88.514
-1.62883 90.4261 -90.3465 179.895 92.8438
3.80537 92.0498 87.8823 -0.0560724 -88.5175
-1.63281 90.4218 -90.3417 179.882 92.852
3.82124 92.0281 87.9216 -0.0574804 -88.5329
-1.62942 90.4183 -90.362 179.892 92.8417
3.82546 92.0221 87.9182 -0.0456483 -88.5487
-1.66628 90.4375 -90.3975 179.898 92.8548
3.83933 92.0216 87.9292 -0.0450228 -88.5732
-1.68067 90.4383 -90.3944 179.895 92.8649
3.83993 92.0116 87.9585 -0.0455143 -88.5586
-1.68713 90.476 -90.4096 179.885 92.8803
3.84965 92.017 87.9627 -0.0418195 -88.5549
-1.70812 90.4675 -90.3658 179.872 92.8949
3.86746 92.0223 87.9657 -0.0428774 -88.5638
-1.71512 90.4491 -90.3173 179.846 92.8839
3.87389 91.9999 87.9842 -0.0500973 -88.5948
-1.72388 90.4477 -90.2965 179.82 92.8887
3.86665 91.9889 87.9828 -0.0419347 -88.6
-1.6936 90.4623 -90.2304 179.745 92.86
3.86671 91.9908 87.9896 -0.0437678 -88.6044
-1.70029 90.4638 -90.1482 179.692 92.8379
3.86726 91.9814 88.0021 -0.0482997 -88.625
-1.65792 90.4871 -90.1317 179.659 92.8049
3.86583 91.9674 88.0011 -0.0519962 -88.6369
-1.6605 90.4698 -90.0869 179.628 92.7966
3.88037 91.9906 87.9511 -0.0384755 -88.6439
-1.70414 90.4464 -90.0675 179.585 92.8018
3.8693 91.9765 87.9417 -0.0225397 -88.6592
-1.68483 90.4779 -90.0734 179.548 92.787
3.86129 91.9551 87.9375 -0.0375674 -88.6815
-1.68723 90.4754 -90.0375 179.528 92.7652
