4
0.0280775 90.021 -90.0393 180.003 89.9931
-0.0306622 89.9933 90.0057 0.0012011 -89.9098
-0.0213107 90.0343 -90.0165 180.167 89.9643
-0.0542912 89.9461 90.342 -0.00457865 -89.9178
-0.282473 89.9276 -90.0174 179.868 90.4028
0.198107 89.8082 90.8449 0.0602462 -90.1339
-0.404763 89.8586 -89.5108 180.673 90.1663
0.129122 89.9285 89.4873 0.0487526 -90.1935
-0.287499 89.7764 -89.843 180.308 90.2564
0.121508 89.9141 89.8997 0.0277022 -90.3635
-0.0154289 89.7141 -89.8457 180.315 90.2534
0.0570843 89.8167 89.999 0.0132868 -90.2383
1.5284 86.3346 -86.0289 182.522 93.1432
-4.19115 82.979 97.1481 -0.139161 -90.2907
0.962016 87.4913 -88.1677 179.599 93.8586
-1.66663 85.0635 94.9306 0.1144 -90.453
0.0668272 88.4455 -89.3525 179.656 92.4509
-0.487692 87.3643 93.0043 0.152593 -90.4
-0.7077 89.0435 -90.5064 179.027 91.1718
0.129656 88.7784 92.8375 0.257321 -90.5344
-1.1754 89.1286 -90.2015 180.044 91.1129
0.572106 89.3119 91.3624 0.303104 -90.6178
1.23605 88.989 -89.1852 180.282 90.3183
0.174911 89.5816 90.374 -0.0301334 -89.5805
2.34246 89.0351 -89.2751 180.313 90.2467
0.0266775 89.7867 90.1786 -0.0462861 -88.8508
2.63804 88.9671 -89.2269 180.341 90.3429
-0.00839404 89.8995 90.0633 -0.0329115 -88.5932
2.78555 88.9685 -89.2734 180.394 90.2547
-0.0200616 90.0928 89.8238 -0.0239912 -88.491
2.95014 89.1465 -89.4811 180.417 90.1826
-0.00128579 90.2897 89.6485 -0.0204574 -88.3776
3.00042 89.222 -89.5115 180.385 90.0996
-0.00370131 90.4511 89.5099 -0.0236906 -88.4197
3.02815 89.3071 -89.532 180.337 90.0768
-0.00230508 90.5382 89.4275 -0.0128683 -88.4448
2.93033 89.3553 -89.5307 180.281 90.0671
0.0510899 90.6234 89.347 -0.0250543 -88.5453
2.86909 89.4087 -89.5459 180.246 90.0696
0.0788378 90.7065 89.2623 -0.0483202 -88.6229
2.74109 89.4169 -89.5092 180.215 90.0784
0.111999 90.7591 89.2176 -0.0514499 -88.7178
2.62652 89.4353 -89.4989 180.19 90.113
0.107347 90.7979 89.1722 -0.0532309 -88.8099
2.53106 89.4483 -89.5049 180.183 90.1214
0.137251 90.8411 89.1211 -0.0482217 -88.9176
2.41076 89.5121 -89.5592 180.181 90.1714
0.161428 90.8849 89.0717 -0.0506054 -88.9957
2.30525 89.5269 -89.569 180.169 90.146
0.182816 90.9072 89.0391 -0.0449173 -89.1037
2.20767 89.5547 -89.588 180.155 90.1791
