4
4.4732 2.41299 91.7962 -6.98331 186.109
4.14021 2.82904 91.4867 -6.53565 185.976
4.00835 3.24533 91.4053 -5.99232 185.534
3.8744 3.17666 91.4966 -6.5039 186.237
2.95155 0.417936 92.3558 -3.98966 181.953
5.57174 1.33501 88.0156 4.40865 164.547
19.1213 2.88169 92.6563 -5.75151 165.808
28.7734 29.0843 93.7217 -17.916 177.501
7.59167 -15.8586 91.0737 -2.01009 157.101
7.12922 -34.3265 94.8136 -12.2496 165.177
8.23524 -29.527 95.1245 -12.2386 168.798
11.2798 -26.996 95.6078 -13.2064 172.037
12.4196 -26.9424 95.891 -12.4789 174.342
12.2705 -26.6989 96.3138 -13.383 176.502
11.0363 -24.8729 96.3559 -13.64 177.698
10.728 -24.1294 95.894 -14.3182 179.696
