4
-0.0135459 90.0088 -90.0076 180.009 89.9863
0.0250855 90.0363 89.9704 -0.00147456 -90.0204
-0.0319045 90.0179 -90.0079 180.003 89.9951
0.0435532 90.0472 89.9541 0.00108376 -90.0431
-0.0435284 89.9987 -89.9928 180.008 89.9907
0.0452267 90.0479 89.9445 0.000788754 -90.0438
-0.0456783 89.9907 -89.9909 180.018 89.9923
0.0561743 90.0471 89.9452 -0.00170269 -90.0547
-0.0366024 89.9889 -89.9747 180.028 89.9805
0.0628381 90.0513 89.9434 -0.00419273 -90.056
-0.161156 89.9939 -90.0551 179.87 90.0231
0.082533 90.0795 89.7257 -0.0100687 -90.0951
0.0212408 90.0054 -90.0483 180.009 89.9049
0.0589872 90.0496 89.8079 0.0275186 -89.8447
0.175061 90.0406 -90.0607 180.067 89.8363
0.0339953 90.017 89.9481 -0.0198468 -89.683
0.106457 90.1022 -90.2427 180.179 89.9258
-0.13059 89.8254 90.2499 -0.0933776 -89.6136
0.0977695 90.1435 -90.4355 180.213 89.9386
-0.0063669 89.8976 90.2014 -0.0425636 -89.5746
0.241745 90.145 -90.4149 180.243 89.9114
-0.0199945 89.8462 90.1775 -0.0327997 -89.4149
0.372979 90.1366 -90.4279 180.242 89.8428
-0.0396029 89.8004 90.2294 -0.0317771 -89.3216
0.508356 90.1668 -90.5146 180.283 89.7693
-0.0539302 89.7574 90.3299 -0.0442668 -89.2292
0.617306 90.2231 -90.5947 180.31 89.7308
-0.062659 89.7095 90.3956 -0.0500061 -89.1713
0.738987 90.2609 -90.6015 180.254 89.6988
-0.070682 89.6653 90.4405 -0.0509269 -89.0682
0.847092 90.292 -90.5659 180.166 89.6221
-0.0738251 89.6327 90.4741 -0.0457046 -88.9995
0.911653 90.3197 -90.6404 180.179 89.6158
-0.0720838 89.6047 90.499 -0.0521187 -88.9465
0.955304 90.3266 -90.6637 180.205 89.5997
-0.0722621 89.5872 90.5123 -0.0601947 -88.8829
1.01375 90.3645 -90.7109 180.216 89.5963
-0.0529197 89.5855 90.5135 -0.06577 -88.8468
1.07047 90.3678 -90.624 180.119 89.5834
-0.057603 89.577 90.5268 -0.0706299 -88.796
1.14137 90.3977 -90.5994 180.061 89.5349
-0.0449091 89.5502 90.5601 -0.0683696 -88.7862
1.1479 90.3965 -90.6585 180.096 89.5535
-0.0421598 89.5313 90.5948 -0.0652618 -88.7582
1.16836 90.4107 -90.747 180.162 89.5571
-0.0289207 89.5202 90.6123 -0.0719166 -88.7092
1.16889 90.4101 -90.7588 180.192 89.5696
-0.0467101 89.4925 90.6532 -0.0856981 -88.6615
1.16318 90.4152 -90.7906 180.226 89.5781
-0.0416504 89.4564 90.6908 -0.0825538 -88.6669
1.16431 90.4233 -90.8281 180.248 89.6006
-0.0494989 89.4431 90.7009 -0.084503 -88.6444
1.18731 90.4438 -90.7948 180.206 89.6051
-0.0529515 89.4041 90.6246 -0.0743107 -88.6438
1.21879 90.4397 -90.713 180.148 89.577
-0.0516519 89.3701 90.6574 -0.0689906 -88.6611
1.24122 90.4262 -90.6537 180.108 89.554
-0.0409895 89.3566 90.6679 -0.0691576 -88.6564
1.27563 90.427 -90.6284 180.073 89.5323
-0.0412455 89.3425 90.6813 -0.0616068 -88.64
1.28354 90.4458 -90.6042 180.034 89.5422
-0.0432748 89.3194 90.7141 -0.0539531 -88.6329
1.2927 90.4736 -90.6231 180.022 89.529
-0.0662519 89.29 90.7635 -0.061883 -88.6203
1.2727 90.4956 -90.7242 180.112 89.5386
-0.0790392 89.264 90.7909 -0.0628695 -88.6387
1.25591 90.5108 -90.7868 180.16 89.5665
-0.0920469 89.2343 90.8138 -0.0536715 -88.6333
1.22988 90.5112 -90.8115 180.192 89.5991
-0.0973003 89.2111 90.8251 -0.0555048 -88.6249
1.20676 90.5067 -90.8043 180.201 89.611
-0.106651 89.2087 90.8247 -0.0603567 -88.5943
1.16587 90.5027 -90.8079 180.215 89.6278
-0.0986768 89.199 90.8301 -0.0522254 -88.6292
1.14754 90.4867 -90.8183 180.234 89.6332
-0.12244 89.1784 90.8494 -0.0511161 -88.6165
1.12736 90.5152 -90.8509 180.258 89.6291
-0.130324 89.1717 90.8493 -0.0458116 -88.5806
1.09992 90.5014 -90.8581 180.282 89.629
-0.125167 89.1551 90.8709 -0.0484163 -88.5905
1.08852 90.5238 -90.9018 180.298 89.6175
-0.133158 89.1359 90.8917 -0.0508153 -88.5951
1.06237 90.5151 -90.9277 180.334 89.6106
-0.134517 89.1184 90.9035 -0.0488985 -88.6269
1.03615 90.4886 -90.9036 180.33 89.6347
-0.139813 89.1114 90.9115 -0.0469777 -88.6371
1.01807 90.4672 -90.8795 180.321 89.6327
-0.137041 89.105 90.93 -0.0610674 -88.6474
0.984625 90.4491 -90.8209 180.305 89.631
-0.134637 89.0964 90.9416 -0.056789 -88.6633
0.950356 90.46 -90.8015 180.29 89.6474
-0.133667 89.0972 90.9442 -0.0547456 -88.6584
0.937455 90.4717 -90.8043 180.292 89.6485
-0.126954 89.0894 90.9549 -0.0540881 -88.6846
0.906284 90.4778 -90.81 180.281 89.6744
-0.13949 89.0723 90.9728 -0.058246 -88.689
0.878944 90.4676 -90.7848 180.265 89.7043
-0.135548 89.0707 90.9705 -0.0588754 -88.7046
0.906347 90.4812 -90.7334 180.191 89.6786
-0.133555 89.0722 90.9667 -0.0622823 -88.7169
0.901999 90.4838 -90.6604 180.133 89.674
-0.131002 89.0595 90.9832 -0.0559576 -88.7199
0.936445 90.5089 -90.6087 180.079 89.6635
-0.129492 89.0556 90.9794 -0.0550875 -88.7242
0.957198 90.5093 -90.5727 180.052 89.6579
-0.129167 89.0441 90.9773 -0.0483509 -88.7062
0.977347 90.5053 -90.5325 180.02 89.6328
-0.132607 89.0384 90.9787 -0.0528288 -88.7165
0.998405 90.5155 -90.4834 179.981 89.619
-0.140997 89.0108 90.9973 -0.0434449 -88.7142
1.02118 90.5331 -90.5002 179.952 89.6201
-0.128555 89.0133 90.9928 -0.0506671 -88.7186
1.01977 90.5418 -90.5061 179.952 89.6156
-0.113113 89.0102 91.0061 -0.0621214 -88.7633
1.01747 90.5326 -90.4903 179.94 89.6175
-0.11284 89.0237 90.9995 -0.0693614 -88.7593
1.00785 90.5305 -90.5375 179.976 89.6282
-0.124645 89.025 90.9969 -0.0596018 -88.7508
0.970741 90.5229 -90.6202 180.048 89.6501
-0.142554 89.0162 91.0144 -0.0710522 -88.7341
0.94762 90.5076 -90.6671 180.099 89.6566
-0.159149 89.0162 91.0219 -0.0708072 -88.7065
0.95709 90.5329 -90.7447 180.119 89.6459
-0.150366 89.0119 91.0411 -0.0684475 -88.7218
0.950477 90.5506 -90.8399 180.164 89.6488
-0.136207 89.0145 91.0418 -0.064706 -88.7328
0.921102 90.5486 -90.8881 180.204 89.6646
-0.133265 89.0046 91.0401 -0.0668964 -88.7438
0.902581 90.5333 -90.899 180.224 89.6485
-0.129054 89.0121 91.0287 -0.0652329 -88.7637
0.889009 90.5093 -90.9034 180.259 89.6585
-0.124455 89.0172 91.0216 -0.0687291 -88.7505
0.901907 90.5105 -90.9078 180.27 89.6456
-0.105742 89.0269 91.0138 -0.0665666 -88.7465
0.911116 90.5251 -90.9401 180.282 89.6562
-0.0949286 89.0372 90.9911 -0.0597215 -88.7247
0.911675 90.5248 -90.9487 180.319 89.6438
-0.0795405 89.0391 90.9934 -0.063875 -88.7202
0.93338 90.5313 -90.9233 180.325 89.6213
-0.0687109 89.0427 90.9776 -0.049792 -88.7066
0.913469 90.5153 -90.8826 180.327 89.6179
-0.0575714 89.0589 90.9691 -0.0555067 -88.7045
0.904319 90.5163 -90.8935 180.331 89.6209
-0.0501901 89.0639 90.9801 -0.0624315 -88.7161
0.872801 90.5311 -90.9203 180.322 89.6534
-0.0211063 89.0766 90.9531 -0.0530174 -88.6939
0.921741 90.5787 -90.936 180.298 89.6198
-0.0301534 89.0786 90.9486 -0.0720965 -88.6974
0.960946 90.6022 -90.8236 180.136 89.596
-0.018214 89.0948 90.9214 -0.0617974 -88.67
0.950614 90.5819 -90.7834 180.115 89.6135
-0.0308943 89.0768 90.9444 -0.0590903 -88.6611
0.921772 90.5963 -90.8583 180.173 89.6423
-0.0445295 89.0671 90.9518 -0.0551143 -88.6462
0.906389 90.6004 -90.8688 180.181 89.6525
-0.0307902 89.0604 90.9709 -0.0657314 -88.6345
0.91344 90.5986 -90.7354 180.053 89.6367
-0.0459506 89.0488 90.9778 -0.0195261 -88.4897
0.903932 90.616 -90.6857 179.992 89.6474
-0.0739005 89.0523 90.9724 -0.00849132 -88.3442
0.862055 90.5992 -90.5782 179.957 89.6347
-0.0823235 89.0473 90.9826 0.000815536 -88.2201
0.897579 90.594 -90.5445 179.938 89.6014
-0.0592688 89.0511 90.9894 0.00478052 -88.1453
0.92514 90.6036 -90.554 179.926 89.5774
-0.0425052 89.0556 91.0046 -0.00418596 -88.0959
0.937755 90.5902 -90.5441 179.939 89.5635
-0.0470296 89.0489 91.0115 -0.0137069 -88.0404
0.937201 90.6009 -90.5562 179.95 89.5747
-0.0398979 89.0596 90.9998 -0.00810342 -87.9932
0.90967 90.5796 -90.5509 179.973 89.5976
-0.0448127 89.0486 91.009 -0.00698602 -87.9376
0.901402 90.5743 -90.6383 180.05 89.6099
-0.0416531 89.0349 91.0244 -0.0137854 -87.9125
0.874493 90.5472 -90.6878 180.141 89.618
-0.0340743 89.0425 91.0214 -0.007216 -87.8901
0.861535 90.5311 -90.7413 180.201 89.6241
-0.0190325 89.0392 91.0204 -0.00696835 -87.8856
0.864441 90.5255 -90.7738 180.238 89.6289
-0.004074 89.0478 91.0067 -0.0112135 -87.8602
0.871316 90.5316 -90.7912 180.245 89.6226
0.0209067 89.0355 91.0124 -0.016555 -87.8555
0.856456 90.5254 -90.8068 180.259 89.6273
0.0306031 89.0303 91.0081 -0.0167693 -87.8408
0.802813 90.5199 -90.8266 180.282 89.6529
0.0434442 89.0182 91.026 -0.0184241 -87.8589
0.719006 90.5211 -90.8478 180.291 89.6897
0.0589441 89.0252 91.0181 -0.0238623 -87.8722
0.638941 90.5279 -90.8903 180.301 89.7286
0.0766386 89.018 91.0215 -0.0208218 -87.8909
0.579123 90.5297 -90.9019 180.306 89.7519
0.0931789 89.0118 91.0262 -0.0180225 -87.9053
0.558645 90.5271 -90.9003 180.294 89.7763
0.106241 89.0139 91.0065 -0.0153719 -87.884
0.548317 90.5 -90.8591 180.275 89.791
0.117278 89.0013 91.0319 -0.0245505 -87.8581
0.595507 90.477 -90.7782 180.215 89.7683
0.119282 88.985 91.0609 -0.0313901 -87.8224
0.63441 90.4735 -90.6689 180.122 89.7266
0.129068 88.9857 91.0587 -0.0235743 -87.8148
0.66295 90.4802 -90.5854 180.047 89.7216
0.150066 88.9903 91.054 -0.0225427 -87.8057
0.689789 90.5002 -90.557 180.007 89.6933
0.173042 89.0001 91.0314 -0.0190119 -87.8174
0.704731 90.5143 -90.5686 180.008 89.6887
0.174668 89.0051 91.0289 -0.0286668 -87.8038
0.731064 90.5482 -90.6039 179.991 89.6804
0.174194 89.0013 91.0314 -0.0260959 -87.7642
0.745902 90.5801 -90.6353 179.972 89.6656
0.170888 88.9993 91.0275 -0.0287676 -87.7523
0.763054 90.5892 -90.6564 179.975 89.634
0.152707 88.9946 91.0162 -0.0289123 -87.728
0.755417 90.5525 -90.6263 179.982 89.6236
0.147745 88.9906 91.0118 -0.0129322 -87.6843
0.762008 90.5551 -90.6209 179.989 89.6122
0.143993 88.9918 91.0003 -0.00742391 -87.6254
0.7799 90.5515 -90.5971 179.973 89.598
0.1378 89.0012 90.9901 0.00227496 -87.5731
0.783593 90.5495 -90.5791 179.967 89.6084
0.138045 89.0138 90.982 -0.000705769 -87.5358
0.785598 90.5505 -90.5841 179.972 89.5901
0.138098 89.0071 90.9861 -0.00334522 -87.4962
0.7997 90.5685 -90.5994 179.964 89.585
0.137924 89.0232 90.9779 -0.00561447 -87.4463
0.796703 90.5557 -90.5822 179.95 89.5793
0.123718 89.0231 90.9705 -0.000202757 -87.4152
0.795989 90.5404 -90.5731 179.94 89.5808
0.121745 89.0251 90.9668 -0.00778159 -87.3821
0.783697 90.5499 -90.6048 179.952 89.6116
0.12043 89.0164 90.9819 -0.00864361 -87.3545
0.761802 90.552 -90.6849 180.025 89.6645
0.111674 89.0066 90.9812 -0.0145238 -87.2999
0.773796 90.5564 -90.7507 180.091 89.6885
0.124033 89.0052 90.9873 -0.0183264 -87.2912
0.798215 90.5513 -90.7311 180.098 89.6875
0.113876 89.0054 90.9976 -0.0200653 -87.2551
0.838363 90.57 -90.7011 180.055 89.683
0.121955 89.0115 91.0018 -0.00980044 -87.2326
0.858088 90.562 -90.6464 180.025 89.6534
0.122075 89.0141 91.0032 0.0012802 -87.2027
0.862882 90.5462 -90.623 180.02 89.6407
0.119674 89.0081 91.0085 -0.0236301 -87.218
0.844943 90.5365 -90.6662 180.077 89.6552
0.118962 89.0077 90.9975 -0.0337189 -87.2132
0.8239 90.5492 -90.7392 180.145 89.6984
0.122057 88.9996 90.9974 -0.0312188 -87.2067
0.805682 90.5574 -90.7887 180.183 89.7022
0.115679 88.997 90.9959 -0.0352903 -87.2048
0.774864 90.5508 -90.8143 180.214 89.7138
0.113385 88.9864 91.0124 -0.0400815 -87.2007
0.76872 90.5456 -90.8485 180.232 89.7082
0.101106 88.9827 91.0234 -0.0422515 -87.1721
0.796286 90.547 -90.8641 180.227 89.6961
0.101676 88.977 91.0283 -0.0412385 -87.1562
0.794366 90.5388 -90.8766 180.238 89.6974
0.108256 88.9794 91.0291 -0.0488943 -87.1331
0.813727 90.5464 -90.9051 180.258 89.6841
0.121217 88.9923 91.0126 -0.0617381 -87.1537
0.821121 90.5414 -90.8562 180.216 89.6783
0.103331 88.9742 91.0313 -0.0643352 -87.143
0.80226 90.5287 -90.8772 180.252 89.6834
0.0736873 88.9552 91.0484 -0.0580237 -87.1287
0.824631 90.5551 -90.9175 180.268 89.6613
0.0678136 88.9475 91.0635 -0.0575104 -87.1235
0.828206 90.5656 -90.9482 180.289 89.6776
0.0571665 88.9526 91.0522 -0.0551289 -87.1108
0.843645 90.5663 -90.9824 180.298 89.6903
0.0322583 88.9329 91.0638 -0.060066 -87.0845
0.85578 90.5704 -90.987 180.296 89.6943
0.0358127 88.9465 91.0499 -0.0585629 -87.0697
0.863279 90.5825 -91.0345 180.331 89.6585
0.0176628 88.945 91.0545 -0.057353 -87.0704
0.893419 90.5765 -91.0298 180.323 89.6154
0.0242726 88.9395 91.0705 -0.0582122 -87.0589
0.929026 90.5666 -91.0292 180.338 89.579
0.0212528 88.9335 91.076 -0.0513816 -87.0381
0.961759 90.5345 -90.9036 180.226 89.5419
0.0351932 88.9305 91.0817 -0.0570328 -87.0622
0.992688 90.5447 -90.8384 180.154 89.5115
0.0442046 88.9418 91.0648 -0.0569606 -87.0586
1.03952 90.5804 -90.7892 180.103 89.477
