4
-1.87367 89.9795 -86.8619 184.258 91.8057
-1.83491 89.9768 -86.9115 184.288 91.9319
-1.81022 89.9754 -86.9103 184.276 92.0364
-1.8098 89.9594 -86.8522 184.26 92.0939
-1.77767 89.9886 -86.8593 184.25 92.132
-1.75758 89.9863 -86.8526 184.258 92.1497
-1.69399 90.0131 -86.7318 184.304 92.1559
-1.55904 90.252 -86.7239 184.391 92.2239
-0.646299 90.6359 -81.1952 177.371 95.0936
17.3434 95.1091 -71.0574 141.555 107.886
30.2687 96.3385 -72.7509 130.299 111.622
31.7044 96.8357 -74.8277 130.574 110.561
31.6149 96.8438 -75.0518 131.394 109.956
31.2829 96.3356 -75.4832 132.076 109.04
30.753 95.9975 -75.2725 133.332 108.415
23.0535 92.0583 -71.7445 144.581 105.809
12.5263 86.0846 -82.7402 172.562 94.0517
9.2931 85.6839 -88.945 182.119 92.0287
6.18984 84.0536 -97.6765 191.663 87.3953
5.80306 83.4309 -98.4349 191.975 87.291
5.79793 83.4203 -98.5023 192.035 87.3388
5.83331 83.3954 -98.4637 192.034 87.3575
4.24285 83.9253 -96.7731 192.27 89.6593
13.6634 77.5245 -77.7574 147.27 97.2039
58.6634 122.524 -122.757 129.074 52.2039
13.6634 77.5245 -77.7574 133.994 7.20387
58.6634 122.524 -122.757 132.416 -37.7961
89.5364 159.917 -167.757 130.649 -82.7961
53.7476 114.917 -126.674 132.949 -37.7961
18.444 90.5525 -97.0677 159.854 7.20387
1.31187 84.1004 -95.1671 183.63 52.2039
-0.386635 83.8261 -95.9954 190.899 90.8814
-1.17944 82.9665 -96.6088 191.746 91.1581
-2.24557 82.8419 -95.4132 192.798 92.8407
-3.37797 82.1047 -97.7098 193.77 94.1803
-4.76717 81.7828 -98.0387 192.316 97.845
-4.35962 81.8133 -98.0438 187.619 97.9606
1.2831 83.1677 -93.0026 185.678 101.052
1.78362 84.345 -89.3593 187.468 105.313
2.03347 83.7115 -91.7705 185.729 101.004
2.91537 83.6807 -93.7167 186.243 98.8545
2.635 83.4209 -94.6401 186.761 96.4136
2.56466 83.5415 -95.2096 186.899 96.2784
2.55939 83.5636 -95.3367 186.96 96.2727
2.57754 83.54 -95.2304 186.96 96.3718
2.60297 83.5961 -95.2738 186.993 96.3871
2.64129 83.6021 -95.2392 186.999 96.4297
2.65278 83.5718 -95.2052 187.007 96.478
2.7428 84.0345 -94.1357 185.196 97.026
3.8917 84.51 -93.0951 183.21 97.4507
13.2847 86.4797 -86.2662 167.488 105.021
36.1035 97.8553 -72.8169 138.764 107.301
27.4211 94.663 -75.6685 148.171 106.061
19.4957 85.7261 -87.0572 164.654 93.6506
18.0294 77.7904 -91.5192 175.403 94.4444
18.9636 72.5956 -86.4213 179.141 94.5041
15.7972 76.9552 -83.1537 176.116 98.3962
20.4313 78.4455 -79.5203 168.676 97.8435
44.0179 79.1329 -82.9961 161.607 95.167
54.6516 82.1994 -85.3785 163.372 98.0456
55.8844 82.5968 -85.5898 164.215 98.3306
55.6771 82.8114 -85.2357 163.959 98.317
55.3704 83.094 -84.9067 164.442 97.9519
47.3306 83.9611 -81.6699 161.052 96.7053
30.7479 82.9254 -76.244 158.921 96.5686
15.1579 79.6397 -72.2415 160.417 97.9505
9.51878 78.3478 -69.8538 160.517 98.6452
9.8916 78.0383 -69.2123 159.981 97.9942
11.2314 78.1845 -69.1142 159.821 96.8475
22.0814 78.3259 -71.4628 160.538 93.9232
48.7801 81.3939 -81.5101 162.526 91.1062
56.9277 85.1232 -86.498 164.315 91.6365
56.9439 85.2874 -86.5392 164.685 91.8659
56.5759 85.4226 -86.041 164.851 91.7529
56.6658 85.3523 -85.1121 164.147 92.0818
56.1177 85.3465 -85.1578 164.652 91.9003
55.7588 85.2862 -85.0713 164.88 91.9645
55.6774 85.1797 -84.9186 164.547 92.0098
55.0098 84.8203 -84.9959 163.36 90.797
54.9842 85.1492 -84.1298 163.413 91.4136
54.9534 85.0991 -84.3967 160.173 92.5549
54.7003 85.151 -84.5714 159.351 91.3641
53.3962 85.8506 -83.1685 155.271 82.1959
52.2115 86.0039 -82.3844 155.669 81.5226
52.6498 84.6264 -81.6833 154.702 85.9738
52.9008 83.1545 -81.6562 153.673 99.0865
53.5106 82.8408 -81.558 151.631 101.887
53.5945 82.9349 -81.1849 152.139 101.853
54.0056 83.959 -83.6284 152.693 94.672
52.5499 84.9494 -83.3391 152.83 85.4409
52.2454 84.9681 -83.4748 152.83 84.8634
52.198 84.8993 -83.338 152.85 84.8335
52.2757 84.6938 -83.4585 152.614 85.8517
53.3308 83.5302 -82.8751 152.62 99.6809
53.2998 83.6542 -82.8836 152.588 100.643
53.1199 83.483 -82.2144 152.589 100.486
49.6053 82.6402 -81.706 151.983 88.2554
45.8555 81.1152 -77.8544 151.862 87.0946
45.4995 81.0686 -77.4899 152.13 86.9443
46.6019 80.8119 -78.0543 151.343 87.7647
48.0446 80.2939 -78.2636 152.24 94.792
48.6847 81.0581 -79.6895 158.728 88.7347
48.3385 81.0208 -80.4135 158.611 88.403
48.138 81.2587 -81.5701 159.999 88.2733
46.4768 89.5604 -81.6058 158.239 88.2141
42.0646 83.7441 -64.1905 162.063 85.4556
32.8623 73.6179 -57.3583 166.332 87.4623
36.0499 72.3879 -56.577 162.909 92.1048
36.1145 72.3047 -57.1853 162.981 91.2946
36.7103 72.7244 -58.2488 163.612 89.519
37.3816 74.1932 -59.7245 165.451 87.0698
52.6966 100.526 -102.476 170.383 81.1853
60.6379 109.155 -106.73 169.985 79.484
60.8642 109.66 -106.954 169.711 79.3054
60.8461 109.548 -107.406 169.59 79.0674
58.5228 106.748 -102.977 165.131 79.4465
46.6243 89.545 -77.2493 166.666 81.3846
41.2529 80.2939 -61.4192 169.808 81.6886
40.1896 78.0505 -60.3124 169.791 84.0151
39.7091 78.2873 -60.6193 169.381 84.1424
39.1186 78.7237 -60.362 169.772 84.4868
40.636 84.5836 -69.5938 172.614 83.9375
44.4355 89.3832 -78.4382 174.972 83.5896
45.2951 85.9156 -76.9605 177.543 82.4748
44.7161 83.8629 -79.6676 171.93 82.8848
45.7936 83.8817 -85.2588 161.888 92.8139
46.8235 84.5394 -84.3534 164.255 98.6789
47.037 84.2394 -84.3566 167.461 96.0371
47.3287 83.8446 -85.3311 170.083 86.992
45.9748 83.7787 -87.7043 176.324 81.3869
46.1612 83.6063 -88.06 177.757 80.7426
46.4192 83.5565 -87.6267 178.566 80.6782
46.8686 83.5314 -87.4198 179.119 80.4248
47.0846 83.9901 -86.8711 171.358 87.854
47.4519 84.2526 -86.6885 168.607 97.1591
47.6018 84.2656 -87.4065 169.105 97.985
47.7475 84.2759 -87.8236 169.636 97.6717
48.1591 84.3655 -87.6473 170.644 96.5783
48.4477 83.3091 -88.9715 175.054 82.8014
48.8896 83.5614 -88.216 173.562 88.7408
48.7205 83.9806 -87.4557 174.474 91.3276
48.9589 83.7251 -88.2879 179.141 84.6045
48.7599 83.7751 -87.3521 172.346 91.5325
50.0068 83.7549 -87.4193 177.183 85.1642
50.2975 84.0075 -87.319 177.512 85.5358
50.2198 84.5722 -87.3039 177.184 85.1953
46.8066 79.7926 -80.4462 171.832 82.4152
44.9528 76.6873 -68.5176 160.539 85.8017
48.8049 77.3242 -72.9722 173.517 82.6898
51.7433 70.124 -61.5853 155.483 82.2619
39.1954 63.3711 -24.5199 124.806 127.262
34.968 62.7176 -19.4699 128.172 82.2619
35.0576 62.9707 -18.5471 127.926 37.2619
35.0358 63.0283 -18.4753 127.712 -7.73807
34.9744 62.9636 -18.6802 127.675 -52.7381
34.9291 62.8024 -18.5442 127.638 -97.7381
34.8323 62.732 -18.4129 127.633 -142.738
35.3383 62.4356 -18.01 127.088 -187.738
37.7723 62.4346 -18.4214 125.619 -142.738
40.1371 63.2319 -18.9215 124.565 -97.7381
43.031 64.362 -19.1235 123.11 -52.7381
45.2445 65.2369 -19.788 122.286 -7.73807
45.4878 65.9769 -21.9471 122.38 37.2619
48.5083 68.9383 -29.9128 125.03 82.2619
52.5454 70.655 -37.7434 130.994 103.603
52.828 71.1549 -48.7184 144.207 91.3472
52.5438 72.2376 -56.207 157.999 85.5454
52.7718 72.7588 -58.9718 165.644 83.6683
52.7151 72.9802 -59.8041 166.551 83.4664
52.6908 73.1446 -60.9317 167.658 83.1655
52.7042 73.0675 -61.1282 167.839 83.0506
53.594 73.3666 -60.1649 164.251 83.0507
56.9315 73.3653 -50.3011 145.763 89.7482
58.8096 72.3789 -37.2409 130.628 103.544
56.6211 70.9889 -29.9078 124.358 115.02
56.1077 70.7467 -28.2476 123.312 117.669
56.1812 70.7404 -28.4238 123.191 117.764
56.1773 70.6716 -28.6097 123.146 117.874
55.7913 70.8546 -29.9139 124.043 117.047
58.0164 73.2904 -40.3974 134.404 100.163
59.5531 74.3397 -54.0684 154.413 86.0978
59.8668 74.9455 -59.6948 164.8 83.5493
60.0706 75.2492 -60.3911 167.261 83.4246
60.0641 75.2358 -60.651 167.467 83.4064
60.1207 75.1519 -60.569 167.225 83.3906
62.5337 74.9406 -55.1848 152.55 85.3595
64.07 74.2911 -42.6561 132.545 98.1695
61.1434 72.2502 -32.0057 122.615 113.238
60.9529 72.0011 -29.7856 121.629 115.439
60.3811 71.9037 -29.8791 121.461 116.111
60.0072 71.7925 -29.9617 121.445 116.381
60.4878 72.6045 -35.6236 126.18 107.364
61.2921 74.1752 -52.5953 152.545 85.615
60.1725 74.9185 -61.5382 170.206 82.3643
60.1224 75.4963 -63.0557 172.809 82.5041
60.0218 75.6678 -63.2902 173.253 82.5788
60.1186 75.6974 -63.1354 173.048 82.5109
59.6033 78.0244 -64.4965 174.156 82.5802
59.0278 78.1969 -65.2071 171.996 80.788
59.0852 77.978 -64.33 170.793 80.5043
59.1984 78.0319 -64.4803 170.492 80.241
59.2359 78.1174 -64.8061 170.421 80.1045
59.3021 78.1197 -64.7749 170.059 80.0379
59.5505 78.3498 -64.3047 168.772 80.1038
58.5277 78.6875 -46.0789 142.277 91.8232
52.904 79.0098 -36.2178 131.008 105.462
52.8194 78.8567 -35.8388 130.946 105.288
52.8981 78.8498 -35.9784 131.057 105.164
52.7235 78.6856 -36.2403 131.247 104.863
54.0639 78.4643 -38.049 134.375 100.581
57.3616 79.1839 -50.8667 149.298 87.3417
58.3066 79.6134 -58.6934 159.981 82.4804
57.7833 79.8897 -63.0417 165.778 80.7041
57.6375 79.7708 -63.4429 166.022 80.604
57.3602 79.5679 -63.6848 166.136 80.5247
57.6784 79.6232 -63.4348 166.081 80.4536
57.9414 79.6272 -63.1216 165.855 80.4404
58.483 80.0155 -63.681 165.553 80.2096
69.1092 90.1576 -77.5261 157.463 78.5654
77.1116 101.358 -96.0204 152.278 76.5503
80.1955 104.864 -99.9317 152.517 76.7296
80.3336 105.088 -100.274 152.891 76.6334
80.7119 105.183 -100.379 153.042 76.6577
80.6298 105.156 -100.421 153.193 76.6391
78.7297 103.622 -98.162 153.571 76.7848
68.6775 93.8562 -86.1153 157.888 77.6932
54.351 81.9293 -78.7204 168.439 76.4986
51.9108 79.4542 -78.9267 170.021 75.535
50.6719 79.3003 -80.4809 171.385 75.0554
50.3727 79.1224 -80.7657 171.264 74.877
50.1682 78.9987 -81.1915 171.415 74.6313
50.2218 78.8985 -81.3874 171.386 74.4066
50.2913 78.8341 -81.5969 171.243 74.2445
50.2936 78.6189 -81.4858 170.889 74.1035
49.7889 78.8682 -82.6239 172.021 73.7871
44.5136 81.2601 -87.1414 179.274 74.223
43.3932 82.5186 -89.7013 182.107 74.4881
43.7528 81.1249 -88.2284 179.864 75.8389
45.1146 78.5146 -86.5845 175.844 74.6836
45.1135 75.6327 -87.3842 176.178 72.3086
45.1307 74.3254 -89.4627 176.019 70.5921
44.6498 73.9439 -89.4167 176.567 70.4578
44.0025 74.3129 -89.482 178.233 71.1743
44.0357 74.4639 -89.0687 178.015 71.4854
41.8245 73.1105 -84.6929 175.544 72.9794
35.6961 71.0077 -82.0997 178.32 77.2616
38.7023 69.4098 -84.8457 174.481 74.4334
42.2723 71.0449 -92.0938 172.792 72.5655
44.834 72.9666 -91.9674 173.866 74.1208
46.1616 71.7106 -90.8144 173.983 73.7405
46.8404 71.6718 -88.9265 173.096 74.8772
48.0403 70.9183 -87.27 172.289 75.6331
48.1618 70.8357 -87.766 172.725 75.2772
47.6344 69.0551 -89.333 174.257 74.6272
45.9285 70.3401 -85.2342 177.545 78.9976
44.8809 67.2038 -73.5916 168.747 80.5726
44.0923 79.858 -87.3407 181.844 83.2488
73.5677 90.4245 -82.9752 191.274 76.5658
64.3428 90.9373 -82.8358 188.014 78.784
45.3096 81.3749 -78.036 160.584 76.2031
51.8028 82.5277 -68.987 184.178 82.5362
50.483 78.5972 -67.7485 181.847 83.4111
50.3976 78.7038 -67.799 182.038 83.6744
50.4116 77.8741 -67.4415 182.8 83.7922
51.3967 74.8386 -75.9617 166.093 83.4555
50.1714 76.8363 -84.9555 170.9 80.6161
50.6022 76.4137 -86.0271 173.839 78.6844
50.9216 76.9473 -88.0758 174.236 76.9782
50.4516 76.7796 -88.5077 174.82 78.7185
50.0224 76.6958 -88.782 175.674 80.1204
49.8055 76.8676 -88.5608 176.584 80.6382
49.6231 76.8732 -88.4895 177.139 80.691
49.1264 76.8319 -89.2098 178.578 80.3314
49.0733 76.7306 -89.3208 179.657 79.389
48.9263 76.9034 -89.3903 181.187 79.8063
48.9382 76.7575 -89.1548 182.374 80.1239
49.153 76.7577 -89.1739 181.653 79.9443
49.066 77.2762 -90.0685 182.707 81.2985
49.6949 76.4159 -88.3337 180.179 81.5287
49.6648 76.4824 -88.498 180.333 81.5625
49.7875 76.1909 -88.3628 178.5 81.7589
49.1361 76.8755 -89.8162 178.767 83.9672
49.8309 75.365 -87.2809 176.857 81.544
49.3619 75.8601 -88.7645 176.392 83.2706
48.9898 74.1975 -86.1699 177.475 82.6864
46.6215 69.3046 -80.0339 178.556 82.6005
36.1942 59.4851 -60.816 179.714 84.6441
40.2821 65.791 -63.7313 181.999 85.3015
46.5509 67.8254 -76.203 181.535 83.1049
44.8823 70.155 -85.4105 184.103 82.5903
44.6727 71.7641 -89.9688 184.883 82.4963
46.8586 74.8845 -95.0453 183.825 81.6884
47.2362 83.6984 -104.495 189.25 85.3618
48.4223 84.244 -105.465 190.606 86.5602
50.413 83.8112 -101.939 193.047 89.3374
50.6212 84.304 -101.809 193.872 89.7235
50.4375 84.0608 -101.963 194.339 89.8904
49.0266 84.1773 -103.145 194.015 89.7888
51.2441 79.2184 -90.4515 178.312 86.686
53.413 69.9709 -91.4624 182.714 80.6573
52.2604 69.8304 -92.945 183.638 79.9756
52.3393 69.9774 -93.8198 183.345 79.7965
52.552 69.9222 -94.9568 181.647 79.9634
52.5125 69.7716 -95.5305 178.727 76.7585
52.1663 69.2864 -94.6009 177.318 78.2503
52.3099 69.3591 -94.3895 177.488 77.7957
52.0742 70.0675 -94.9569 178.682 77.9581
52.2156 70.4955 -96.5415 180.306 76.9856
52.4693 70.3243 -96.6712 179.431 77.3477
52.325 70.451 -96.286 179.367 76.2853
52.2592 70.6569 -96.431 180 76.7138
51.5673 71.3518 -97.3949 183.37 77.1913
50.1414 72.9701 -96.8229 183.386 79.7446
46.3093 81.458 -102.149 189.59 87.7287
48.0322 83.2933 -106.032 191.072 77.7628
46.5253 81.4502 -107.814 196.014 80.0003
70.0469 75.5571 -112.887 177.602 62.8683
67.0186 83.8352 -122.401 181.062 63.6257
55.8358 98.0916 -113.896 188.635 83.764
59.5847 101.858 -109.044 188.636 85.7391
60.1077 101.62 -109.454 188.464 85.8614
55.3197 98.5159 -110.759 188.708 84.2292
56.5687 99.6221 -110.69 188.449 85.1544
53.5227 96.0922 -109.969 189.451 83.2376
52.1368 88.4616 -102.401 182.203 77.3954
56.4726 70.3828 -90.0001 173.044 73.5137
60.4762 65.1965 -101.145 180.191 56.5603
57.1072 66.5037 -100.15 186.49 62.1475
57.9034 65.6464 -98.7754 185.613 61.533
58.1911 65.7176 -99.6236 185.613 60.8788
58.5845 65.7008 -100.121 185.392 60.1712
59.2249 65.9464 -100.956 185.489 59.3687
59.3285 65.7262 -100.814 185.569 59.2317
59.0531 65.9058 -101.205 185.606 59.0291
62.6828 66.6952 -98.4581 173.356 52.0287
73.744 71.6053 -76.7393 128.356 82.75
61.0437 69.6554 -39.4805 116.122 37.75
59.5752 69.1017 -37.4587 118.583 -7.24999
68.4416 73.17 -56.0482 129.938 37.75
62.04 76.8071 -96.795 174.938 76.5169
61.3595 76.8126 -97.7408 188.799 74.6636
61.7095 76.7645 -97.4882 188.916 74.7422
61.8498 76.6232 -97.2409 188.873 74.6705
62.3305 76.7644 -97.6587 187.978 73.8625
72.9773 80.0845 -77.0564 142.978 83.5514
66.4335 76.9186 -45.2555 123.695 38.5514
66.2812 76.8677 -45.0408 124.324 -6.44857
65.8191 76.6024 -45.1201 124.644 -51.4486
65.7447 76.4192 -45.066 124.736 -96.4486
65.6391 76.2881 -45.0124 124.779 -141.449
65.7951 76.191 -44.9493 124.836 -186.449
63.8633 75.7348 -44.5388 127.037 -231.449
63.6536 76.9661 -45.9171 126.983 -237.608
63.7964 76.5786 -44.7171 127.101 -237.253
63.6825 76.4732 -44.6363 127.158 -237.027
63.4738 76.3671 -44.7701 127.286 -236.919
63.2934 76.3474 -45.0111 127.381 -236.819
63.2049 75.8134 -44.1209 127.38 -236.92
62.7105 76.3797 -45.4169 127.572 -236.734
62.4045 76.4175 -45.1838 125.033 -231.269
59.8848 75.7657 -47.6823 123.981 -228.444
54.7961 70.6377 -37.8094 127.336 -227.551
53.8458 68.6251 -32.1302 127.466 -227.193
54.0527 69.0777 -34.4055 127.367 -228.458
54.01 69.0268 -34.489 127.629 -228.646
53.3695 69.4231 -36.5237 129.996 -233.114
58.7878 72.9495 -54.4686 134.992 -188.114
60.0314 73.7759 -81.1953 174.557 -143.114
57.764 66.8954 -82.4299 185.246 -98.1136
56.1445 67.4617 -88.932 185.465 -53.1136
56.1812 68.6954 -89.6273 185.827 -8.11356
56.9943 69.0454 -89.6835 185.394 36.8864
57.3901 69.0491 -89.4136 185.07 72.3534
57.519 69.1083 -89.3948 184.995 72.2805
57.6803 69.0296 -89.3827 184.781 72.1201
57.8628 69.0448 -89.4753 184.703 72.0232
57.9938 69.0474 -89.4833 184.605 71.9463
58.0939 69.211 -89.6123 184.644 71.9102
58.2211 69.2821 -89.7689 184.393 71.7587
58.2756 69.3148 -89.731 184.066 71.5877
58.5192 69.2452 -89.6125 183.62 71.3899
58.9489 68.8314 -89.0367 182.253 71.2994
69.8907 72.1145 -71.6229 151.508 82.6174
62.4669 81.1427 -42.8903 125.659 37.6174
49.9457 86.7141 -41.3715 130.453 -7.38262
49.0371 87.2665 -42.0898 131.194 -52.3826
48.953 86.842 -42.0894 131.125 -97.3826
48.8694 86.773 -42.221 131.154 -142.383
48.855 86.6969 -42.2316 131.132 -187.383
48.7052 86.6545 -42.3005 131.248 -217.984
48.5594 86.5974 -42.3343 131.32 -217.917
48.4089 86.4946 -42.3629 131.375 -217.919
48.2564 86.3667 -42.3942 131.413 -217.927
48.54 86.0701 -42.2665 131.192 -218.559
57.3683 80.5611 -42.3804 128.103 -234.217
62.8827 78.1594 -69.8692 152.337 -189.217
62.3543 77.0829 -81.9784 167.038 -144.217
62.4106 76.7397 -83.5328 169.388 -99.2174
62.929 76.3223 -85.3448 169.293 -54.2174
62.8056 74.8799 -88.1634 170.475 -9.21736
64.4398 74.0129 -91.1313 172.967 35.7826
61.9603 73.0176 -90 174.243 74.8356
62.9199 73.2338 -91.3243 174.154 66.7224
60.4541 72.3688 -89.5537 177.761 75.6863
60.4915 73.299 -90.2291 179.506 74.2601
60.085 74.2073 -89.4499 178.695 74.2194
60.1533 74.0985 -88.8749 178.006 74.1546
59.9935 73.5816 -87.9792 177.092 74.0908
58.851 73.2925 -88.4922 178.04 73.749
59.0194 73.6103 -87.285 178.041 74.2111
59.5861 73.8282 -86.4574 176.583 74.3747
59.3612 73.2991 -84.7667 176.062 74.4436
59.4577 73.3584 -85.0747 176.05 74.3748
60.3653 74.6103 -85.0338 174.386 74.9139
66.4291 77.6507 -68.4828 149.983 85.3611
63.558 82.8389 -41.5531 126.065 40.3611
52.8415 89.1533 -40.9023 127.997 -4.63894
51.7797 89.2913 -41.3855 128.8 -49.6389
51.711 89.1921 -41.5114 128.859 -94.6389
51.8126 89.0833 -41.3999 128.632 -139.639
51.9652 89.0113 -41.1899 128.483 -184.639
51.6225 88.8236 -41.0705 128.555 -222.731
51.2403 88.7431 -41.3242 128.781 -222.438
50.896 88.6427 -41.5242 128.933 -222.268
50.9949 88.6608 -41.416 128.882 -222.26
51.1229 88.6745 -41.7756 128.901 -222.457
60.3642 80.2743 -40.3924 126.735 -239.682
65.0497 77.7037 -57.2497 142.033 -194.682
61.846 75.3885 -73.9315 160.873 -149.682
61.4785 74.5272 -80.018 168.819 -104.682
62.2422 74.7176 -80.4951 169.34 -59.6817
62.5297 74.7167 -80.4443 168.903 -14.6817
62.7256 74.8558 -80.8669 168.88 30.3183
62.9407 74.8604 -80.687 168.524 75.3183
63.0925 74.8822 -80.4493 168.126 77.9365
63.2912 74.8475 -80.1233 167.671 78.0125
63.3604 74.7976 -80.1346 167.669 77.9358
63.3103 74.9941 -80.6732 167.958 77.7622
63.2047 75.2036 -80.9057 167.919 77.7222
64.0626 74.2653 -84.8461 147.491 71.9482
65.0537 71.3255 -91.977 122.366 26.9482
65.4747 71.0141 -90.3699 119.281 -18.0518
61.9375 72.8796 -92.4433 138.065 26.9482
65.9877 70.147 -94.8127 146.521 -18.0518
66.4025 69.629 -93.2496 153 -63.0518
63.8956 71.7489 -94.2144 129.155 -56.4718
62.9089 72.8094 -94.2925 127.263 -38.2374
62.7797 72.9436 -93.4784 125.482 -32.676
62.618 73.0458 -93.552 125.679 -31.1731
62.649 73.0946 -93.6526 125.816 -31.3515
62.7533 73.2146 -93.5524 125.466 -30.3065
62.8047 73.2019 -93.4666 125.313 -30.2156
62.9055 73.2753 -93.4864 125.212 -30.0621
62.6123 73.7434 -94.2448 125.943 -28.9983
62.1753 74.4338 -95.2886 126.857 -27.3438
61.4449 75.5114 -96.9899 128.434 -24.7505
62.318 75.9243 -95.8196 124.722 -22.9802
63.0639 76.0748 -92.3856 117.343 -20.5857
62.7625 76.3391 -92.0988 116.379 -18.3376
62.3059 76.9357 -93.1579 117.378 -15.6085
63.9328 79.4361 -87.685 103.524 23.7611
64.24 80.4462 -76.8549 97.2703 -21.2389
63.5307 81.8264 -63.862 100.128 -66.2389
58.3479 85.5192 -54.5651 107.042 -111.239
50.9989 91.453 -54.6201 115.874 -156.239
44.6548 95.7232 -57.7992 123.901 -169.846
43.9087 96.4446 -58.6145 125.34 -169.171
44.0477 96.4476 -58.4879 125.148 -169.304
44.0479 96.41 -58.4307 125.266 -169.273
44.047 96.325 -58.3942 125.335 -169.277
44.2026 96.3108 -58.3441 125.183 -169.381
59.7294 82.5141 -56.4947 106.11 -201.847
61.7285 77.505 -82.7059 111.194 -156.847
58.7692 76.5352 -88.08 123.749 -111.847
58.8618 76.6178 -87.9288 124.194 -66.8472
59.1687 76.715 -88.1039 123.408 -21.8472
59.3905 76.795 -88.3569 123.033 23.1528
59.8306 76.5092 -88.2328 122.548 39.8708
59.9457 76.378 -89.0195 123.337 37.5596
60.0065 76.2856 -88.9666 122.814 37.676
60.0647 76.1302 -88.6478 122.719 37.4208
60.5765 76.2464 -88.2109 120.544 39.9485
60.6678 76.9589 -87.4803 118.475 44.2483
60.469 79.1831 -57.4261 102.391 -0.751741
49.6888 90.0492 -46.346 117.529 -45.7517
48.0858 91.2337 -47.4301 118.784 -90.7517
47.8338 91.3465 -47.511 119.114 -135.752
47.4693 91.2958 -47.7868 119.959 -173.884
47.1537 91.2688 -48.1403 120.63 -173.567
47.1776 91.4038 -48.3239 120.868 -173.397
48.3137 90.7432 -47.743 119.784 -174.937
66.3769 79.3551 -61.3086 101.766 -219.937
63.7254 75.5468 -81.585 115.981 -174.937
59.4036 74.7163 -86.8389 126.259 -129.937
59.1624 74.8191 -87.558 127.257 -84.9368
59.4385 74.73 -87.3637 126.116 -39.9368
59.7224 74.7002 -87.2287 125.627 5.06322
59.8556 74.7012 -87.0182 124.979 42.6962
59.9035 74.8214 -87.2842 125.303 42.1138
60.0978 74.6008 -86.8922 124.847 42.1425
60.3005 74.7155 -86.8262 124.889 42.3391
60.3129 74.8009 -87.1458 125.165 41.9009
60.4005 74.7209 -87.3871 124.913 41.4948
60.7311 74.6992 -86.9684 124.461 42.2326
61.2299 75.0983 -86.4924 123.154 44.5207
67.3472 78.0892 -63.3688 101.053 -0.479288
53.5162 86.7244 -39.9777 115.43 -45.4793
42.8393 93.4621 -46.1099 125.393 -90.4793
42.0391 93.8516 -46.8982 126.663 -135.479
41.5385 93.5975 -47.2901 127.391 -168.974
41.4945 93.4599 -47.4197 127.655 -169.031
41.3259 93.2022 -47.4006 127.706 -169.213
41.6171 93.2216 -47.3983 127.488 -169.428
47.5689 89.6526 -45.0108 120.69 -177.541
56.2409 84.013 -44.3077 111.648 -192.663
63.0339 81.5931 -54.2719 105.317 -211.389
64.783 80.9081 -67.2956 103.149 -234.514
64.3728 79.948 -79.8047 110.052 -189.514
63.6057 79.3354 -85.3683 118.339 -144.514
62.9749 78.7112 -86.3561 121.019 -99.5144
61.9422 78.2193 -87.322 123.68 -54.5144
61.9051 78.2183 -87.8602 124.118 -9.51443
62.1266 78.4846 -87.6786 123.816 35.4856
62.3584 78.5231 -87.2976 123.186 48.2527
62.5404 78.4036 -87.0412 122.575 48.7972
62.6181 78.4019 -87.1026 122.469 48.6102
62.613 78.3895 -87.2709 122.684 48.0335
62.1622 78.4538 -87.9367 123.916 45.6654
61.308 78.1015 -89.1257 126.129 41.6223
61.5546 78.026 -88.6976 125.808 43.3089
61.6368 77.5789 -88.1077 125.944 43.9966
61.7782 77.7709 -88.4175 126.078 43.8113
62.0694 77.6968 -87.4427 124.965 45.9425
62.052 77.5402 -87.1964 124.789 46.1038
62.1402 77.4462 -87.1533 124.524 46.0943
62.1151 77.4745 -87.2402 124.407 46.0081
62.2472 77.4773 -87.7032 124.37 45.3888
62.2855 77.573 -88.358 124.343 43.6638
62.54 79.5061 -97.9997 127.651 21.3158
62.869 80.6711 -97.397 126.155 27.3336
63.4995 80.6236 -97.6608 125.826 26.084
63.6654 80.4332 -97.2944 125.607 26.6657
63.5039 80.364 -97.805 125.79 25.052
69.6084 82.8278 -106.886 129.665 -4.75083
77.6547 90.664 -117.079 130.997 -17.7609
79.4241 92.652 -118.001 129.583 -14.9388
79.6328 92.9277 -118.26 129.675 -14.5383
79.9168 93.0258 -119.089 130.518 -17.5523
74.9545 89.1397 -112.137 125.695 -1.97899
60.215 74.8032 -86.4231 113.206 43.021
51.1161 64.9952 -73.1745 112.271 78.624
47.0372 58.7663 -64.4686 110.57 89.7202
43.7544 55.3075 -60.335 110.218 97.9796
43.2242 54.7819 -59.0231 110.083 103.407
43.195 54.785 -59.2591 110.114 104.19
43.4537 54.8064 -59.403 110.027 104.901
49.3649 61.3378 -72.7333 110.97 89.6255
67.489 78.6034 -102.829 124.52 44.6255
72.4471 83.2396 -107.648 125.793 10.1668
72.9338 83.5513 -108.753 126.824 6.95502
73.0876 83.5797 -109.038 127.191 5.04907
73.0549 83.5804 -109.296 127.539 4.12998
66.6803 77.7312 -98.5236 119.643 32.516
64.933 63.8969 -73.6547 113.704 -12.484
70.9281 58.1002 -68.6902 131.09 -57.484
71.075 56.9819 -71.1246 134.789 -102.484
70.9947 56.8154 -73.2402 135.577 -147.484
71.1384 57.9493 -78.4859 134.778 -151.611
68.337 66.7175 -92.9581 124.255 -106.611
64.2624 72.0913 -97.5448 129.829 -61.6106
62.0824 74.9319 -98.881 136.302 -16.6106
60.9234 75.0341 -98.3865 137.556 28.3894
61.0221 75.2171 -99.4222 138.782 28.5459
61.0759 75.2976 -99.6833 138.914 28.2031
61.0476 75.3569 -99.6065 138.481 28.4089
60.87 75.5809 -99.4421 138.117 29.2057
60.4405 75.8052 -99.2485 138.407 30.0194
60.3386 76.0037 -99.0751 138.239 30.7315
60.1406 76.6077 -99.3167 138.421 31.4948
59.9623 77.4592 -100.338 138.555 31.2182
58.9094 79.2987 -102.299 138.199 31.0001
57.1093 81.1378 -106.614 140.412 27.3149
54.5165 82.9106 -107.208 142.134 34.4568
51.3659 84.2907 -95.9747 129.631 70.5933
45.3143 82.7906 -100.368 114.595 67.93
38.1276 82.7995 -104.605 113.823 22.93
32.1973 83.2413 -98.8078 120.653 63.3545
30.9733 82.4796 -95.2356 120.606 67.8941
28.4519 80.0494 -87.6373 116.97 74.3361
26.8537 77.7398 -81.9476 118.426 90.2039
27.1804 77.2905 -79.4308 113.425 94.6158
26.74 77.5164 -80.0187 114.715 85.553
26.4162 77.1432 -79.9905 116.245 86.0951
26.4402 77.3112 -80.9422 117.624 88.242
26.5147 77.3438 -81.7522 117.342 87.6491
26.2416 77.1616 -81.8221 117.469 88.0599
26.0535 77.2566 -81.6883 117.552 87.5544
26.0519 77.2009 -81.4889 117.667 88.0177
26.0475 77.1962 -81.3748 117.728 88.092
26.0371 77.1595 -81.2167 117.732 88.4261
25.956 77.1526 -81.0626 118.059 89.5049
25.6139 77.4014 -80.3311 118.912 79.56
27.0236 78.9855 -77.8516 121.762 70.9314
26.6845 78.5738 -78.5131 117.09 78.5152
26.0497 77.9624 -78.4061 116.338 81.0919
25.3155 77.6252 -77.9523 118.966 81.9462
25.284 77.453 -77.3149 119.186 83.0029
25.3586 77.3099 -77.235 119.29 84.3257
25.26 77.0589 -77.3688 119.835 84.7783
25.096 77.2373 -78.1868 120.347 85.1808
25.3669 77.2639 -78.594 120.671 83.9505
25.7857 77.0612 -78.655 121.046 83.2347
25.8511 77.2657 -78.3991 121.146 82.7922
26.0323 77.3207 -77.6552 122.044 82.4299
28.0038 78.2129 -77.9322 119.072 85.5444
32.7439 82.7921 -74.8203 131.068 98.6509
33.3699 83.312 -78.1258 131.114 92.9932
33.7573 83.9284 -78.6287 132.745 92.1075
34.2223 84.1463 -79.6561 136.316 86.2744
30.0295 82.4146 -79.9885 129.068 97.7765
24.4489 80.782 -80.2183 132.905 95.3429
49.4356 86.7998 -89.2591 130.621 91.625
4.43561 91.2402 -134.259 156.882 106.857
-40.5644 98.9914 -159.713 180.553 145.94
-85.5644 103.768 -166.977 182.393 190.137
-130.564 104.269 -167.92 183.292 235.05
-175.564 106.197 -155.642 162.787 278.572
-130.564 72.8112 -110.642 129.621 273.463
-85.5644 76.9383 -75.7191 126.655 236.042
-40.5644 77.1194 -75.5078 129.363 191.042
4.43561 77.546 -76.4805 130.253 146.042
27.7009 77.9607 -76.6843 127.925 104.986
24.1267 76.4057 -75.8902 122.331 110.565
26.5754 78.4376 -73.8973 140.761 97.8495
28.2957 80.9272 -73.3186 148.612 97.8244
24.6264 79.4435 -74.2943 144.973 97.6956
23.1365 79.4195 -74.2944 153.642 90.6735
22.5712 78.9266 -74.2216 156.855 85.3263
23.2537 78.7172 -73.3487 148.323 90.5143
19.7922 75.7313 -71.7562 153.205 88.4999
18.4143 74.957 -71.481 159.246 84.3596
18.9225 75.2546 -71.226 154.18 85.8144
18.6498 75.9945 -71.5243 153.333 82.0872
18.3825 75.7547 -70.9003 156.445 85.7388
18.3797 75.6187 -71.6515 157.038 88.6422
18.456 75.6906 -71.6795 155.779 88.9211
18.6017 75.7868 -71.8239 155.167 88.3337
18.6838 76.0484 -71.9317 155.022 86.8808
18.7657 76.0284 -71.8932 153.867 85.6202
18.8745 76.0876 -71.9234 153.616 84.4514
19.1303 76.1697 -72.075 147.096 84.1289
19.239 76.1903 -72.1659 144.721 85.9749
19.2505 76.1964 -72.2333 144.83 86.6483
19.4106 76.1355 -72.2394 145.317 87.5816
20.1187 76.272 -72.6397 149.191 87.9827
19.9869 76.1186 -72.6459 148.019 88.7454
20.0807 76.681 -73.2034 153.036 87.4978
20.8064 75.8199 -73.1724 149.699 91.6513
19.556 75.8285 -73.5134 156.647 85.8536
19.3989 76.0621 -74.1803 157.775 84.376
18.7408 76.0827 -73.9808 161.437 84.7785
17.6574 75.6916 -74.0623 179.019 80.6912
17.9971 75.7109 -74.297 185.215 79.8929
18.1158 75.6891 -74.4171 186.363 78.6461
18.1955 75.7692 -74.5317 186.987 78.2529
18.2666 75.7299 -74.5262 187.266 78.3822
18.3108 75.6928 -74.5178 187.109 78.3968
18.344 75.6799 -74.4887 186.864 78.7198
18.4095 75.6649 -74.4536 187.185 78.7246
18.3827 75.5687 -74.3227 187.273 78.7218
18.5201 75.5222 -74.2832 187.322 78.7227
18.5451 75.3346 -73.9546 187.344 78.7124
18.9569 75.1757 -73.9723 187.424 78.4053
19.0706 74.7123 -76.6583 167.324 81.7218
18.119 74.129 -76.4122 161.036 82.8273
17.3467 73.886 -76.2569 168.579 83.6661
16.7868 73.7054 -75.9429 176.689 83.9741
16.6307 73.3381 -75.1691 173.036 84.3772
16.8251 72.8952 -74.602 164.91 79.695
16.7371 73.2354 -74.731 161.288 79.435
17.503 73.9421 -75.1601 169.261 80.963
17.633 74.3504 -75.949 173.406 80.2608
17.7069 74.5977 -76.5163 177.08 80.2265
18.1718 74.7649 -76.0178 187.333 79.2582
18.3572 74.8266 -75.9774 190.294 79.5329
18.4194 74.813 -75.9513 190.642 79.5918
18.4689 74.7782 -75.9865 190.586 79.6829
18.5117 74.7704 -75.968 190.561 79.706
19.7324 74.2148 -75.8038 180.946 80.2302
17.4119 63.8763 -78.8425 165.819 76.5355
4.90386 54.5883 -83.3223 176.606 68.5985
-3.83782 51.4944 -81.1286 186.51 73.5604
-2.84236 50.8834 -79.7045 163.048 105.981
7.19925 58.0804 -82.5661 182.738 106.32
32.3339 62.8438 -85.1485 169.565 61.3205
30.21 61.1472 -87.0572 129.188 16.3205
33.0594 52.6312 -92.7243 173.877 -28.6795
19.0985 53.8495 -84.9533 161.771 -73.6795
9.78768 55.3844 -64.8141 125.122 -62.7159
6.75825 55.2105 -58.4535 104.904 -32.7011
6.46728 54.1136 -52.4454 99.7051 12.2989
-5.41248 51.8879 -49.3252 111.545 57.2989
-50.4125 49.7608 -59.8527 153.177 83.2335
-62.3743 49.8565 -41.0146 147.05 55.617
-107.374 49.2556 -26.4352 129.443 100.617
-62.3743 44.8935 18.5648 84.4428 55.617
-18.8207 42.7325 -4.37631 113.388 10.617
26.1793 39.5377 -10.5705 143.183 -7.63086
-18.8207 49.9646 0.217128 98.183 1.61138
9.56008 79.9305 -44.7829 143.183 -7.96056
-26.6313 84.4791 -52.6664 116.404 11.7239
-25.0978 80.8693 -94.0516 154.841 3.04631
-63.3273 59.4818 -71.2454 155.338 43.7991
-72.2776 52.03 -71.0055 159.435 47.4855
-80.911 50.7907 -55.0673 151.511 61.2543
-106.781 39.7614 -44.5837 142.566 59.9013
-141.183 25.7787 -37.3655 150.134 62.6452
-96.1827 -4.50711 -16.3707 161.768 17.6452
-51.1827 -49.5071 28.6293 206.768 -27.3548
-96.1827 -85 54.8288 251.768 -30.3652
