4
0.0102288 90.0229 -90.0259 180.001 89.9563
-0.0284698 89.9534 90.04 -0.00430412 -89.9973
0.0314994 90.084 -90.0707 180 89.9542
0.0133707 89.9667 90.0339 -0.00555972 -90.0104
0.0823693 90.1041 -90.0798 179.994 89.9023
-0.000119315 89.9444 90.0669 -0.0127231 -90.0487
0.0588027 90.1003 -90.0914 179.997 89.9404
-0.0378278 89.904 90.0983 -0.0147612 -90.0574
-0.992389 87.5416 -86.0247 176.517 92.4075
1.74045 90.2969 88.2416 2.30838 -91.5079
-0.27755 89.5724 -88.607 177.815 90.4335
-0.204635 89.578 89.739 1.4565 -90.3568
-0.253934 89.8999 -90.7567 181.329 90.5835
0.685538 90.1583 90.4738 -0.467807 -90.7138
-1.38173 86.5074 -85.4407 176.803 93.5803
2.74561 90.4904 88.0786 2.39677 -92.4592
-1.0908 87.2497 -90.0367 185.869 92.3891
1.2998 89.7833 92.9672 -2.97672 -91.8234
-2.83971 81.8724 -79.595 174.442 97.0666
4.31862 90.3129 87.2297 3.82703 -94.5768
0.103251 90.1431 -90.3012 180.297 90.3289
0.330802 90.4154 89.7559 -0.0600143 -90.4221
-0.343433 89.4674 -89.3112 180.042 90.8716
