4
0.00304456 90 -90.093 180.106 90.0218
0.00992672 89.9906 90.0069 0.00727319 -90.0222
-0.0127157 89.9662 -90.1409 180.17 90.0128
0.0281157 89.9801 90.0195 -0.00130263 -90.0423
-0.0712997 89.9287 -90.1589 180.208 90.0444
0.0499573 89.9937 90.015 0.0059854 -90.0504
-0.100197 89.9041 -90.1684 180.245 90.0585
0.0601655 89.9991 90.0123 0.00280787 -90.0494
-0.102512 89.9073 -90.202 180.293 90.0578
0.0626058 89.9902 90.005 -0.00605183 -90.0491
-0.084323 89.9209 -90.2357 180.319 90.0674
0.0791949 89.9825 90.0029 -0.00615049 -90.0755
-0.0905754 89.9206 -90.2384 180.34 90.0723
0.0803901 89.9762 89.9963 0.00522921 -90.0816
-0.0790125 89.9249 -90.2251 180.336 90.0712
0.077944 89.9685 90.0045 0.00158793 -90.0789
1.5184 86.81 -88.2438 178.761 92.8096
0.0977853 86.7193 94.2451 0.377526 -91.6172
-0.434222 89.8792 -90.6173 180.005 90.1599
-0.0275186 89.8565 90.8206 0.228635 -90.232
-0.041557 89.8674 -90.0229 180.246 90.0367
0.00662015 89.8847 90.1568 0.0135296 -90.0912
0.290768 89.8338 -89.9887 180.257 89.9668
-0.0111041 89.8818 90.1456 -0.00509258 -89.9379
0.49469 89.8269 -89.992 180.279 89.9248
-0.0164359 89.9018 90.1252 -0.00672468 -89.8332
0.690997 89.8798 -90.0572 180.286 89.8986
0.0302002 89.9255 90.0933 -0.00829136 -89.7659
0.91154 89.8765 -90.0704 180.304 89.8539
0.0599403 89.9483 90.0584 0.00203616 -89.7204
1.03532 89.851 -90.0668 180.327 89.8055
0.0909452 89.9659 90.0327 0.00674068 -89.6801
1.05077 89.7798 -89.9788 180.471 89.758
0.135708 89.989 90.3994 -0.0353177 -89.7929
1.18084 89.6288 -89.8442 180.424 89.6116
0.221312 90.1512 90.1022 -0.0252055 -89.9117
1.31695 89.5051 -89.7507 180.419 89.4128
0.30346 90.3025 89.8764 -0.0183929 -90.0409
1.42092 89.3784 -89.6487 180.417 89.3022
0.386303 90.4326 89.6965 -0.00877956 -90.1468
1.46565 89.2514 -89.5306 180.394 89.2055
0.484278 90.5692 89.5182 0.00273892 -90.2549
1.48066 89.1584 -89.4644 180.419 89.1342
0.559509 90.6679 89.4181 0.00433849 -90.3814
1.50016 89.0686 -89.3789 180.408 89.078
0.649069 90.7753 89.3039 0.00306536 -90.5135
1.46258 88.9667 -89.2331 180.348 89.0319
0.723752 90.874 89.1965 0.0174862 -90.6214
1.42907 88.8877 -89.1051 180.28 89.007
0.803313 90.9905 89.0661 0.0181407 -90.7375
1.39225 88.789 -88.9546 180.207 88.967
0.885914 91.0849 88.9697 0.0285406 -90.8485
1.34664 88.7352 -88.8525 180.167 88.9808
0.936039 91.1645 88.8764 0.0269643 -90.9349
1.29928 88.6528 -88.7353 180.116 88.9669
1.00294 91.2586 88.7791 0.0285638 -91.0432
1.22809 88.5674 -88.6092 180.083 88.9941
1.05247 91.3379 88.7029 0.0337668 -91.125
1.15835 88.4968 -88.5122 180.078 88.9942
1.10729 91.42 88.5993 0.0433951 -91.2062
1.101 88.4492 -88.447 180.065 88.9916
1.16071 91.4945 88.5157 0.0543322 -91.3108
1.04206 88.3987 -88.3597 180.035 88.9922
1.19972 91.589 88.4027 0.0583114 -91.3737
0.962282 88.3713 -88.3483 180.067 89.0026
1.24477 91.658 88.339 0.0556945 -91.4428
0.84964 88.3018 -88.3422 180.157 89.0367
1.3023 91.7234 88.2612 0.0547446 -91.5155
0.765113 88.2535 -88.3186 180.192 89.0601
1.34163 91.7847 88.1981 0.0623239 -91.5801
0.674936 88.2342 -88.3075 180.214 89.0899
1.38513 91.8499 88.1242 0.0708026 -91.6566
0.591538 88.1954 -88.2968 180.257 89.1128
1.41246 91.912 88.0724 0.0740412 -91.7238
0.524026 88.1825 -88.2953 180.292 89.1366
1.45004 91.9688 88.0066 0.0847864 -91.7948
0.447601 88.1556 -88.2703 180.315 89.1536
1.48084 92.04 87.927 0.0781839 -91.8551
0.388042 88.1229 -88.1825 180.252 89.1645
1.5111 92.0987 87.8778 0.0768715 -91.9113
0.332679 88.0814 -88.0745 180.178 89.163
1.54606 92.1432 87.8356 0.0790007 -91.972
0.290903 88.0578 -88.0121 180.131 89.1611
1.58 92.1978 87.7857 0.077362 -92.0337
0.230743 88.0125 -87.9435 180.118 89.1597
1.61127 92.2551 87.7332 0.0808353 -92.0765
0.147099 87.9711 -87.9386 180.154 89.1762
1.65471 92.3155 87.6727 0.0827467 -92.1017
0.100786 87.9359 -87.908 180.155 89.1867
1.68317 92.3635 87.6374 0.0819832 -92.1481
0.0208082 87.9151 -87.9861 180.243 89.2163
1.70745 92.4015 87.6024 0.08171 -92.1814
-0.0303527 87.8983 -88.0354 180.287 89.2335
1.74091 92.4468 87.559 0.0864906 -92.229
-0.0996563 87.9015 -88.086 180.319 89.2654
1.77077 92.4961 87.5055 0.0934245 -92.2511
-0.165905 87.8933 -88.1053 180.355 89.2749
1.79911 92.537 87.4693 0.0887883 -92.2894
-0.239227 87.8706 -88.0812 180.352 89.3086
1.82083 92.5843 87.4179 0.100079 -92.3268
-0.292595 87.8541 -88.0434 180.339 89.3351
1.84033 92.6223 87.3758 0.0983302 -92.3543
-0.337759 87.8404 -88.0343 180.352 89.35
1.88634 92.6594 87.3356 0.108933 -92.3993
-0.394425 87.8106 -87.9787 180.345 89.355
1.93677 92.6984 87.2965 0.104089 -92.4647
-0.433566 87.7749 -87.9418 180.331 89.3449
1.97613 92.735 87.2464 0.111087 -92.5327
-0.489558 87.7586 -87.914 180.343 89.3612
2.03555 92.7903 87.1885 0.111705 -92.6054
-0.530854 87.7434 -87.8917 180.356 89.3684
2.08394 92.8099 87.1765 0.113677 -92.6837
-0.560455 87.7195 -87.8788 180.365 89.3582
2.13946 92.8578 87.1323 0.122507 -92.7321
-0.598499 87.7157 -87.8767 180.375 89.351
2.18878 92.882 87.1059 0.119122 -92.7991
-0.644142 87.7114 -87.8793 180.378 89.3573
2.21838 92.9228 87.0572 0.11161 -92.8464
-0.672286 87.6895 -87.8761 180.396 89.3452
2.25849 92.9584 87.0076 0.119241 -92.8903
-0.684782 87.6754 -87.8787 180.408 89.3289
2.29762 92.9831 86.9685 0.110903 -92.9454
-0.728454 87.6529 -87.879 180.416 89.3342
2.31212 93.0077 86.9489 0.108287 -92.9886
-0.760756 87.661 -87.8979 180.41 89.3422
2.33329 93.0348 86.9311 0.0951598 -93.0142
-0.788319 87.6514 -87.8942 180.401 89.3281
2.35696 93.0661 86.8955 0.097086 -93.0482
-0.792222 87.6589 -87.9014 180.407 89.3407
2.39393 93.0978 86.8764 0.101426 -93.0717
-0.823161 87.6581 -87.9041 180.429 89.3392
2.41832 93.1258 86.8411 0.0967728 -93.0796
